   0.0000000e+00   9.0909091e-02
   1.0000000e-03   8.9365577e-02
   2.0000000e-03   8.7858269e-02
   3.0000000e-03   8.6386097e-02
   4.0000000e-03   8.4948028e-02
   5.0000000e-03   8.3543066e-02
   6.0000000e-03   8.2170247e-02
   7.0000000e-03   8.0828643e-02
   8.0000000e-03   7.9517355e-02
   9.0000000e-03   7.8235518e-02
   1.0000000e-02   7.6982294e-02
   1.1000000e-02   7.5756874e-02
   1.2000000e-02   7.4558475e-02
   1.3000000e-02   7.3386343e-02
   1.4000000e-02   7.2239746e-02
   1.5000000e-02   7.1117978e-02
   1.6000000e-02   7.0020357e-02
   1.7000000e-02   6.8946222e-02
   1.8000000e-02   6.7894933e-02
   1.9000000e-02   6.6865874e-02
   2.0000000e-02   6.5858445e-02
   2.1000000e-02   6.4872067e-02
   2.2000000e-02   6.3906181e-02
   2.3000000e-02   6.2960244e-02
   2.4000000e-02   6.2033730e-02
   2.5000000e-02   6.1126131e-02
   2.6000000e-02   6.0236955e-02
   2.7000000e-02   5.9365724e-02
   2.8000000e-02   5.8511975e-02
   2.9000000e-02   5.7675262e-02
   3.0000000e-02   5.6855148e-02
   3.1000000e-02   5.6051214e-02
   3.2000000e-02   5.5263052e-02
   3.3000000e-02   5.4490266e-02
   3.4000000e-02   5.3732471e-02
   3.5000000e-02   5.2989296e-02
   3.6000000e-02   5.2260381e-02
   3.7000000e-02   5.1545374e-02
   3.8000000e-02   5.0843935e-02
   3.9000000e-02   5.0155736e-02
   4.0000000e-02   4.9480455e-02
   4.1000000e-02   4.8817782e-02
   4.2000000e-02   4.8167416e-02
   4.3000000e-02   4.7529062e-02
   4.4000000e-02   4.6902437e-02
   4.5000000e-02   4.6287265e-02
   4.6000000e-02   4.5683275e-02
   4.7000000e-02   4.5090209e-02
   4.8000000e-02   4.4507811e-02
   4.9000000e-02   4.3935836e-02
   5.0000000e-02   4.3374044e-02
   5.1000000e-02   4.2822202e-02
   5.2000000e-02   4.2280085e-02
   5.3000000e-02   4.1747471e-02
   5.4000000e-02   4.1224146e-02
   5.5000000e-02   4.0709903e-02
   5.6000000e-02   4.0204539e-02
   5.7000000e-02   3.9707856e-02
   5.8000000e-02   3.9219664e-02
   5.9000000e-02   3.8739774e-02
   6.0000000e-02   3.8268006e-02
   6.1000000e-02   3.7804183e-02
   6.2000000e-02   3.7348133e-02
   6.3000000e-02   3.6899687e-02
   6.4000000e-02   3.6458684e-02
   6.5000000e-02   3.6024963e-02
   6.6000000e-02   3.5598370e-02
   6.7000000e-02   3.5178755e-02
   6.8000000e-02   3.4765970e-02
   6.9000000e-02   3.4359872e-02
   7.0000000e-02   3.3960321e-02
   7.1000000e-02   3.3567182e-02
   7.2000000e-02   3.3180322e-02
   7.3000000e-02   3.2799613e-02
   7.4000000e-02   3.2424926e-02
   7.5000000e-02   3.2056142e-02
   7.6000000e-02   3.1693138e-02
   7.7000000e-02   3.1335799e-02
   7.8000000e-02   3.0984011e-02
   7.9000000e-02   3.0637662e-02
   8.0000000e-02   3.0296644e-02
   8.1000000e-02   2.9960851e-02
   8.2000000e-02   2.9630180e-02
   8.3000000e-02   2.9304531e-02
   8.4000000e-02   2.8983805e-02
   8.5000000e-02   2.8667906e-02
   8.6000000e-02   2.8356740e-02
   8.7000000e-02   2.8050216e-02
   8.8000000e-02   2.7748245e-02
   8.9000000e-02   2.7450739e-02
   9.0000000e-02   2.7157613e-02
   9.1000000e-02   2.6868784e-02
   9.2000000e-02   2.6584171e-02
   9.3000000e-02   2.6303694e-02
   9.4000000e-02   2.6027276e-02
   9.5000000e-02   2.5754841e-02
   9.6000000e-02   2.5486315e-02
   9.7000000e-02   2.5221626e-02
   9.8000000e-02   2.4960702e-02
   9.9000000e-02   2.4703475e-02
   1.0000000e-01   2.4449878e-02
   1.0100000e-01   2.4199843e-02
   1.0200000e-01   2.3953307e-02
   1.0300000e-01   2.3710206e-02
   1.0400000e-01   2.3470479e-02
   1.0500000e-01   2.3234065e-02
   1.0600000e-01   2.3000905e-02
   1.0700000e-01   2.2770941e-02
   1.0800000e-01   2.2544117e-02
   1.0900000e-01   2.2320377e-02
   1.1000000e-01   2.2099667e-02
   1.1100000e-01   2.1881934e-02
   1.1200000e-01   2.1667127e-02
   1.1300000e-01   2.1455195e-02
   1.1400000e-01   2.1246087e-02
   1.1500000e-01   2.1039756e-02
   1.1600000e-01   2.0836154e-02
   1.1700000e-01   2.0635234e-02
   1.1800000e-01   2.0436950e-02
   1.1900000e-01   2.0241259e-02
   1.2000000e-01   2.0048115e-02
   1.2100000e-01   1.9857478e-02
   1.2200000e-01   1.9669303e-02
   1.2300000e-01   1.9483551e-02
   1.2400000e-01   1.9300181e-02
   1.2500000e-01   1.9119153e-02
   1.2600000e-01   1.8940430e-02
   1.2700000e-01   1.8763973e-02
   1.2800000e-01   1.8589744e-02
   1.2900000e-01   1.8417709e-02
   1.3000000e-01   1.8247831e-02
   1.3100000e-01   1.8080075e-02
   1.3200000e-01   1.7914406e-02
   1.3300000e-01   1.7750793e-02
   1.3400000e-01   1.7589201e-02
   1.3500000e-01   1.7429598e-02
   1.3600000e-01   1.7271953e-02
   1.3700000e-01   1.7116234e-02
   1.3800000e-01   1.6962412e-02
   1.3900000e-01   1.6810457e-02
   1.4000000e-01   1.6660338e-02
   1.4100000e-01   1.6512029e-02
   1.4200000e-01   1.6365500e-02
   1.4300000e-01   1.6220723e-02
   1.4400000e-01   1.6077673e-02
   1.4500000e-01   1.5936322e-02
   1.4600000e-01   1.5796644e-02
   1.4700000e-01   1.5658614e-02
   1.4800000e-01   1.5522206e-02
   1.4900000e-01   1.5387397e-02
   1.5000000e-01   1.5254161e-02
   1.5100000e-01   1.5122476e-02
   1.5200000e-01   1.4992317e-02
   1.5300000e-01   1.4863663e-02
   1.5400000e-01   1.4736490e-02
   1.5500000e-01   1.4610776e-02
   1.5600000e-01   1.4486501e-02
   1.5700000e-01   1.4363642e-02
   1.5800000e-01   1.4242180e-02
   1.5900000e-01   1.4122093e-02
   1.6000000e-01   1.4003361e-02
   1.6100000e-01   1.3885965e-02
   1.6200000e-01   1.3769885e-02
   1.6300000e-01   1.3655102e-02
   1.6400000e-01   1.3541598e-02
   1.6500000e-01   1.3429355e-02
   1.6600000e-01   1.3318353e-02
   1.6700000e-01   1.3208576e-02
   1.6800000e-01   1.3100005e-02
   1.6900000e-01   1.2992625e-02
   1.7000000e-01   1.2886418e-02
   1.7100000e-01   1.2781367e-02
   1.7200000e-01   1.2677457e-02
   1.7300000e-01   1.2574671e-02
   1.7400000e-01   1.2472994e-02
   1.7500000e-01   1.2372410e-02
   1.7600000e-01   1.2272904e-02
   1.7700000e-01   1.2174461e-02
   1.7800000e-01   1.2077067e-02
   1.7900000e-01   1.1980707e-02
   1.8000000e-01   1.1885367e-02
   1.8100000e-01   1.1791033e-02
   1.8200000e-01   1.1697692e-02
   1.8300000e-01   1.1605330e-02
   1.8400000e-01   1.1513933e-02
   1.8500000e-01   1.1423489e-02
   1.8600000e-01   1.1333986e-02
   1.8700000e-01   1.1245409e-02
   1.8800000e-01   1.1157748e-02
   1.8900000e-01   1.1070989e-02
   1.9000000e-01   1.0985121e-02
   1.9100000e-01   1.0900133e-02
   1.9200000e-01   1.0816011e-02
   1.9300000e-01   1.0732746e-02
   1.9400000e-01   1.0650326e-02
   1.9500000e-01   1.0568739e-02
   1.9600000e-01   1.0487976e-02
   1.9700000e-01   1.0408025e-02
   1.9800000e-01   1.0328875e-02
   1.9900000e-01   1.0250517e-02
   2.0000000e-01   1.0172940e-02
   2.0100000e-01   1.0096134e-02
   2.0200000e-01   1.0020090e-02
   2.0300000e-01   9.9447971e-03
   2.0400000e-01   9.8702464e-03
   2.0500000e-01   9.7964284e-03
   2.0600000e-01   9.7233337e-03
   2.0700000e-01   9.6509533e-03
   2.0800000e-01   9.5792781e-03
   2.0900000e-01   9.5082994e-03
   2.1000000e-01   9.4380084e-03
   2.1100000e-01   9.3683966e-03
   2.1200000e-01   9.2994555e-03
   2.1300000e-01   9.2311768e-03
   2.1400000e-01   9.1635523e-03
   2.1500000e-01   9.0965740e-03
   2.1600000e-01   9.0302340e-03
   2.1700000e-01   8.9645243e-03
   2.1800000e-01   8.8994373e-03
   2.1900000e-01   8.8349655e-03
   2.2000000e-01   8.7711012e-03
   2.2100000e-01   8.7078373e-03
   2.2200000e-01   8.6451664e-03
   2.2300000e-01   8.5830814e-03
   2.2400000e-01   8.5215752e-03
   2.2500000e-01   8.4606410e-03
   2.2600000e-01   8.4002718e-03
   2.2700000e-01   8.3404609e-03
   2.2800000e-01   8.2812018e-03
   2.2900000e-01   8.2224879e-03
   2.3000000e-01   8.1643126e-03
   2.3100000e-01   8.1066698e-03
   2.3200000e-01   8.0495530e-03
   2.3300000e-01   7.9929563e-03
   2.3400000e-01   7.9368734e-03
   2.3500000e-01   7.8812984e-03
   2.3600000e-01   7.8262253e-03
   2.3700000e-01   7.7716485e-03
   2.3800000e-01   7.7175620e-03
   2.3900000e-01   7.6639603e-03
   2.4000000e-01   7.6108378e-03
   2.4100000e-01   7.5581890e-03
   2.4200000e-01   7.5060085e-03
   2.4300000e-01   7.4542908e-03
   2.4400000e-01   7.4030309e-03
   2.4500000e-01   7.3522234e-03
   2.4600000e-01   7.3018632e-03
   2.4700000e-01   7.2519453e-03
   2.4800000e-01   7.2024647e-03
   2.4900000e-01   7.1534164e-03
   2.5000000e-01   7.1047957e-03
   2.5100000e-01   7.0565978e-03
   2.5200000e-01   7.0088179e-03
   2.5300000e-01   6.9614514e-03
   2.5400000e-01   6.9144937e-03
   2.5500000e-01   6.8679403e-03
   2.5600000e-01   6.8217868e-03
   2.5700000e-01   6.7760286e-03
   2.5800000e-01   6.7306615e-03
   2.5900000e-01   6.6856812e-03
   2.6000000e-01   6.6410835e-03
   2.6100000e-01   6.5968642e-03
   2.6200000e-01   6.5530192e-03
   2.6300000e-01   6.5095444e-03
   2.6400000e-01   6.4664358e-03
   2.6500000e-01   6.4236895e-03
   2.6600000e-01   6.3813016e-03
   2.6700000e-01   6.3392682e-03
   2.6800000e-01   6.2975855e-03
   2.6900000e-01   6.2562498e-03
   2.7000000e-01   6.2152573e-03
   2.7100000e-01   6.1746046e-03
   2.7200000e-01   6.1342878e-03
   2.7300000e-01   6.0943035e-03
   2.7400000e-01   6.0546482e-03
   2.7500000e-01   6.0153183e-03
   2.7600000e-01   5.9763106e-03
   2.7700000e-01   5.9376215e-03
   2.7800000e-01   5.8992478e-03
   2.7900000e-01   5.8611862e-03
   2.8000000e-01   5.8234335e-03
   2.8100000e-01   5.7859864e-03
   2.8200000e-01   5.7488417e-03
   2.8300000e-01   5.7119964e-03
   2.8400000e-01   5.6754474e-03
   2.8500000e-01   5.6391915e-03
   2.8600000e-01   5.6032259e-03
   2.8700000e-01   5.5675475e-03
   2.8800000e-01   5.5321534e-03
   2.8900000e-01   5.4970407e-03
   2.9000000e-01   5.4622065e-03
   2.9100000e-01   5.4276481e-03
   2.9200000e-01   5.3933626e-03
   2.9300000e-01   5.3593473e-03
   2.9400000e-01   5.3255995e-03
   2.9500000e-01   5.2921164e-03
   2.9600000e-01   5.2588954e-03
   2.9700000e-01   5.2259340e-03
   2.9800000e-01   5.1932294e-03
   2.9900000e-01   5.1607792e-03
   3.0000000e-01   5.1285808e-03
   3.0100000e-01   5.0966318e-03
   3.0200000e-01   5.0649296e-03
   3.0300000e-01   5.0334719e-03
   3.0400000e-01   5.0022562e-03
   3.0500000e-01   4.9712801e-03
   3.0600000e-01   4.9405414e-03
   3.0700000e-01   4.9100376e-03
   3.0800000e-01   4.8797665e-03
   3.0900000e-01   4.8497258e-03
   3.1000000e-01   4.8199134e-03
   3.1100000e-01   4.7903269e-03
   3.1200000e-01   4.7609642e-03
   3.1300000e-01   4.7318231e-03
   3.1400000e-01   4.7029015e-03
   3.1500000e-01   4.6741974e-03
   3.1600000e-01   4.6457085e-03
   3.1700000e-01   4.6174329e-03
   3.1800000e-01   4.5893685e-03
   3.1900000e-01   4.5615133e-03
   3.2000000e-01   4.5338653e-03
   3.2100000e-01   4.5064226e-03
   3.2200000e-01   4.4791832e-03
   3.2300000e-01   4.4521452e-03
   3.2400000e-01   4.4253066e-03
   3.2500000e-01   4.3986657e-03
   3.2600000e-01   4.3722206e-03
   3.2700000e-01   4.3459694e-03
   3.2800000e-01   4.3199103e-03
   3.2900000e-01   4.2940416e-03
   3.3000000e-01   4.2683614e-03
   3.3100000e-01   4.2428681e-03
   3.3200000e-01   4.2175598e-03
   3.3300000e-01   4.1924349e-03
   3.3400000e-01   4.1674917e-03
   3.3500000e-01   4.1427285e-03
   3.3600000e-01   4.1181437e-03
   3.3700000e-01   4.0937356e-03
   3.3800000e-01   4.0695026e-03
   3.3900000e-01   4.0454431e-03
   3.4000000e-01   4.0215555e-03
   3.4100000e-01   3.9978384e-03
   3.4200000e-01   3.9742900e-03
   3.4300000e-01   3.9509089e-03
   3.4400000e-01   3.9276937e-03
   3.4500000e-01   3.9046427e-03
   3.4600000e-01   3.8817545e-03
   3.4700000e-01   3.8590277e-03
   3.4800000e-01   3.8364608e-03
   3.4900000e-01   3.8140523e-03
   3.5000000e-01   3.7918010e-03
   3.5100000e-01   3.7697053e-03
   3.5200000e-01   3.7477638e-03
   3.5300000e-01   3.7259753e-03
   3.5400000e-01   3.7043384e-03
   3.5500000e-01   3.6828517e-03
   3.5600000e-01   3.6615138e-03
   3.5700000e-01   3.6403236e-03
   3.5800000e-01   3.6192797e-03
   3.5900000e-01   3.5983807e-03
   3.6000000e-01   3.5776255e-03
   3.6100000e-01   3.5570128e-03
   3.6200000e-01   3.5365414e-03
   3.6300000e-01   3.5162099e-03
   3.6400000e-01   3.4960173e-03
   3.6500000e-01   3.4759623e-03
   3.6600000e-01   3.4560437e-03
   3.6700000e-01   3.4362603e-03
   3.6800000e-01   3.4166110e-03
   3.6900000e-01   3.3970946e-03
   3.7000000e-01   3.3777100e-03
   3.7100000e-01   3.3584561e-03
   3.7200000e-01   3.3393317e-03
   3.7300000e-01   3.3203357e-03
   3.7400000e-01   3.3014670e-03
   3.7500000e-01   3.2827247e-03
   3.7600000e-01   3.2641075e-03
   3.7700000e-01   3.2456144e-03
   3.7800000e-01   3.2272444e-03
   3.7900000e-01   3.2089965e-03
   3.8000000e-01   3.1908696e-03
   3.8100000e-01   3.1728627e-03
   3.8200000e-01   3.1549747e-03
   3.8300000e-01   3.1372048e-03
   3.8400000e-01   3.1195519e-03
   3.8500000e-01   3.1020151e-03
   3.8600000e-01   3.0845933e-03
   3.8700000e-01   3.0672856e-03
   3.8800000e-01   3.0500911e-03
   3.8900000e-01   3.0330089e-03
   3.9000000e-01   3.0160379e-03
   3.9100000e-01   2.9991774e-03
   3.9200000e-01   2.9824263e-03
   3.9300000e-01   2.9657838e-03
   3.9400000e-01   2.9492490e-03
   3.9500000e-01   2.9328211e-03
   3.9600000e-01   2.9164990e-03
   3.9700000e-01   2.9002821e-03
   3.9800000e-01   2.8841694e-03
   3.9900000e-01   2.8681601e-03
   4.0000000e-01   2.8522533e-03
   4.0100000e-01   2.8364482e-03
   4.0200000e-01   2.8207440e-03
   4.0300000e-01   2.8051399e-03
   4.0400000e-01   2.7896351e-03
   4.0500000e-01   2.7742287e-03
   4.0600000e-01   2.7589200e-03
   4.0700000e-01   2.7437083e-03
   4.0800000e-01   2.7285926e-03
   4.0900000e-01   2.7135724e-03
   4.1000000e-01   2.6986467e-03
   4.1100000e-01   2.6838149e-03
   4.1200000e-01   2.6690762e-03
   4.1300000e-01   2.6544298e-03
   4.1400000e-01   2.6398751e-03
   4.1500000e-01   2.6254114e-03
   4.1600000e-01   2.6110378e-03
   4.1700000e-01   2.5967537e-03
   4.1800000e-01   2.5825584e-03
   4.1900000e-01   2.5684512e-03
   4.2000000e-01   2.5544314e-03
   4.2100000e-01   2.5404983e-03
   4.2200000e-01   2.5266513e-03
   4.2300000e-01   2.5128897e-03
   4.2400000e-01   2.4992127e-03
   4.2500000e-01   2.4856199e-03
   4.2600000e-01   2.4721104e-03
   4.2700000e-01   2.4586837e-03
   4.2800000e-01   2.4453391e-03
   4.2900000e-01   2.4320761e-03
   4.3000000e-01   2.4188939e-03
   4.3100000e-01   2.4057919e-03
   4.3200000e-01   2.3927695e-03
   4.3300000e-01   2.3798262e-03
   4.3400000e-01   2.3669613e-03
   4.3500000e-01   2.3541743e-03
   4.3600000e-01   2.3414644e-03
   4.3700000e-01   2.3288312e-03
   4.3800000e-01   2.3162741e-03
   4.3900000e-01   2.3037924e-03
   4.4000000e-01   2.2913857e-03
   4.4100000e-01   2.2790533e-03
   4.4200000e-01   2.2667947e-03
   4.4300000e-01   2.2546094e-03
   4.4400000e-01   2.2424967e-03
   4.4500000e-01   2.2304562e-03
   4.4600000e-01   2.2184872e-03
   4.4700000e-01   2.2065894e-03
   4.4800000e-01   2.1947620e-03
   4.4900000e-01   2.1830047e-03
   4.5000000e-01   2.1713169e-03
   4.5100000e-01   2.1596981e-03
   4.5200000e-01   2.1481477e-03
   4.5300000e-01   2.1366653e-03
   4.5400000e-01   2.1252503e-03
   4.5500000e-01   2.1139023e-03
   4.5600000e-01   2.1026208e-03
   4.5700000e-01   2.0914052e-03
   4.5800000e-01   2.0802551e-03
   4.5900000e-01   2.0691701e-03
   4.6000000e-01   2.0581496e-03
   4.6100000e-01   2.0471931e-03
   4.6200000e-01   2.0363003e-03
   4.6300000e-01   2.0254706e-03
   4.6400000e-01   2.0147036e-03
   4.6500000e-01   2.0039988e-03
   4.6600000e-01   1.9933558e-03
   4.6700000e-01   1.9827741e-03
   4.6800000e-01   1.9722533e-03
   4.6900000e-01   1.9617930e-03
   4.7000000e-01   1.9513927e-03
   4.7100000e-01   1.9410519e-03
   4.7200000e-01   1.9307703e-03
   4.7300000e-01   1.9205474e-03
   4.7400000e-01   1.9103829e-03
   4.7500000e-01   1.9002762e-03
   4.7600000e-01   1.8902270e-03
   4.7700000e-01   1.8802349e-03
   4.7800000e-01   1.8702995e-03
   4.7900000e-01   1.8604203e-03
   4.8000000e-01   1.8505970e-03
   4.8100000e-01   1.8408292e-03
   4.8200000e-01   1.8311165e-03
   4.8300000e-01   1.8214584e-03
   4.8400000e-01   1.8118547e-03
   4.8500000e-01   1.8023048e-03
   4.8600000e-01   1.7928086e-03
   4.8700000e-01   1.7833655e-03
   4.8800000e-01   1.7739752e-03
   4.8900000e-01   1.7646373e-03
   4.9000000e-01   1.7553515e-03
   4.9100000e-01   1.7461174e-03
   4.9200000e-01   1.7369347e-03
   4.9300000e-01   1.7278029e-03
   4.9400000e-01   1.7187218e-03
   4.9500000e-01   1.7096909e-03
   4.9600000e-01   1.7007100e-03
   4.9700000e-01   1.6917787e-03
   4.9800000e-01   1.6828967e-03
   4.9900000e-01   1.6740635e-03
   5.0000000e-01   1.6652789e-03
   5.0100000e-01   1.6565426e-03
   5.0200000e-01   1.6478542e-03
   5.0300000e-01   1.6392134e-03
   5.0400000e-01   1.6306198e-03
   5.0500000e-01   1.6220732e-03
   5.0600000e-01   1.6135732e-03
   5.0700000e-01   1.6051195e-03
   5.0800000e-01   1.5967117e-03
   5.0900000e-01   1.5883497e-03
   5.1000000e-01   1.5800330e-03
   5.1100000e-01   1.5717614e-03
   5.1200000e-01   1.5635346e-03
   5.1300000e-01   1.5553522e-03
   5.1400000e-01   1.5472139e-03
   5.1500000e-01   1.5391195e-03
   5.1600000e-01   1.5310687e-03
   5.1700000e-01   1.5230612e-03
   5.1800000e-01   1.5150966e-03
   5.1900000e-01   1.5071748e-03
   5.2000000e-01   1.4992953e-03
   5.2100000e-01   1.4914580e-03
   5.2200000e-01   1.4836626e-03
   5.2300000e-01   1.4759087e-03
   5.2400000e-01   1.4681961e-03
   5.2500000e-01   1.4605245e-03
   5.2600000e-01   1.4528937e-03
   5.2700000e-01   1.4453034e-03
   5.2800000e-01   1.4377533e-03
   5.2900000e-01   1.4302431e-03
   5.3000000e-01   1.4227727e-03
   5.3100000e-01   1.4153416e-03
   5.3200000e-01   1.4079498e-03
   5.3300000e-01   1.4005968e-03
   5.3400000e-01   1.3932825e-03
   5.3500000e-01   1.3860067e-03
   5.3600000e-01   1.3787689e-03
   5.3700000e-01   1.3715691e-03
   5.3800000e-01   1.3644070e-03
   5.3900000e-01   1.3572823e-03
   5.4000000e-01   1.3501947e-03
   5.4100000e-01   1.3431441e-03
   5.4200000e-01   1.3361302e-03
   5.4300000e-01   1.3291528e-03
   5.4400000e-01   1.3222115e-03
   5.4500000e-01   1.3153063e-03
   5.4600000e-01   1.3084369e-03
   5.4700000e-01   1.3016029e-03
   5.4800000e-01   1.2948043e-03
   5.4900000e-01   1.2880408e-03
   5.5000000e-01   1.2813121e-03
   5.5100000e-01   1.2746180e-03
   5.5200000e-01   1.2679584e-03
   5.5300000e-01   1.2613329e-03
   5.5400000e-01   1.2547414e-03
   5.5500000e-01   1.2481837e-03
   5.5600000e-01   1.2416596e-03
   5.5700000e-01   1.2351687e-03
   5.5800000e-01   1.2287110e-03
   5.5900000e-01   1.2222862e-03
   5.6000000e-01   1.2158942e-03
   5.6100000e-01   1.2095346e-03
   5.6200000e-01   1.2032073e-03
   5.6300000e-01   1.1969121e-03
   5.6400000e-01   1.1906488e-03
   5.6500000e-01   1.1844172e-03
   5.6600000e-01   1.1782171e-03
   5.6700000e-01   1.1720483e-03
   5.6800000e-01   1.1659106e-03
   5.6900000e-01   1.1598039e-03
   5.7000000e-01   1.1537278e-03
   5.7100000e-01   1.1476823e-03
   5.7200000e-01   1.1416671e-03
   5.7300000e-01   1.1356820e-03
   5.7400000e-01   1.1297269e-03
   5.7500000e-01   1.1238016e-03
   5.7600000e-01   1.1179059e-03
   5.7700000e-01   1.1120396e-03
   5.7800000e-01   1.1062026e-03
   5.7900000e-01   1.1003946e-03
   5.8000000e-01   1.0946154e-03
   5.8100000e-01   1.0888650e-03
   5.8200000e-01   1.0831431e-03
   5.8300000e-01   1.0774495e-03
   5.8400000e-01   1.0717841e-03
   5.8500000e-01   1.0661468e-03
   5.8600000e-01   1.0605372e-03
   5.8700000e-01   1.0549553e-03
   5.8800000e-01   1.0494009e-03
   5.8900000e-01   1.0438739e-03
   5.9000000e-01   1.0383740e-03
   5.9100000e-01   1.0329011e-03
   5.9200000e-01   1.0274550e-03
   5.9300000e-01   1.0220357e-03
   5.9400000e-01   1.0166428e-03
   5.9500000e-01   1.0112763e-03
   5.9600000e-01   1.0059360e-03
   5.9700000e-01   1.0006217e-03
   5.9800000e-01   9.9533331e-04
   5.9900000e-01   9.9007065e-04
   6.0000000e-01   9.8483356e-04
   6.0100000e-01   9.7962190e-04
   6.0200000e-01   9.7443550e-04
   6.0300000e-01   9.6927423e-04
   6.0400000e-01   9.6413793e-04
   6.0500000e-01   9.5902644e-04
   6.0600000e-01   9.5393964e-04
   6.0700000e-01   9.4887736e-04
   6.0800000e-01   9.4383947e-04
   6.0900000e-01   9.3882582e-04
   6.1000000e-01   9.3383626e-04
   6.1100000e-01   9.2887066e-04
   6.1200000e-01   9.2392888e-04
   6.1300000e-01   9.1901077e-04
   6.1400000e-01   9.1411619e-04
   6.1500000e-01   9.0924501e-04
   6.1600000e-01   9.0439709e-04
   6.1700000e-01   8.9957229e-04
   6.1800000e-01   8.9477048e-04
   6.1900000e-01   8.8999153e-04
   6.2000000e-01   8.8523530e-04
   6.2100000e-01   8.8050166e-04
   6.2200000e-01   8.7579047e-04
   6.2300000e-01   8.7110162e-04
   6.2400000e-01   8.6643496e-04
   6.2500000e-01   8.6179037e-04
   6.2600000e-01   8.5716772e-04
   6.2700000e-01   8.5256689e-04
   6.2800000e-01   8.4798775e-04
   6.2900000e-01   8.4343017e-04
   6.3000000e-01   8.3889403e-04
   6.3100000e-01   8.3437921e-04
   6.3200000e-01   8.2988558e-04
   6.3300000e-01   8.2541302e-04
   6.3400000e-01   8.2096142e-04
   6.3500000e-01   8.1653065e-04
   6.3600000e-01   8.1212059e-04
   6.3700000e-01   8.0773113e-04
   6.3800000e-01   8.0336215e-04
   6.3900000e-01   7.9901352e-04
   6.4000000e-01   7.9468515e-04
   6.4100000e-01   7.9037690e-04
   6.4200000e-01   7.8608867e-04
   6.4300000e-01   7.8182034e-04
   6.4400000e-01   7.7757180e-04
   6.4500000e-01   7.7334293e-04
   6.4600000e-01   7.6913364e-04
   6.4700000e-01   7.6494380e-04
   6.4800000e-01   7.6077331e-04
   6.4900000e-01   7.5662206e-04
   6.5000000e-01   7.5248994e-04
   6.5100000e-01   7.4837684e-04
   6.5200000e-01   7.4428265e-04
   6.5300000e-01   7.4020728e-04
   6.5400000e-01   7.3615061e-04
   6.5500000e-01   7.3211254e-04
   6.5600000e-01   7.2809297e-04
   6.5700000e-01   7.2409179e-04
   6.5800000e-01   7.2010890e-04
   6.5900000e-01   7.1614421e-04
   6.6000000e-01   7.1219760e-04
   6.6100000e-01   7.0826898e-04
   6.6200000e-01   7.0435825e-04
   6.6300000e-01   7.0046530e-04
   6.6400000e-01   6.9659005e-04
   6.6500000e-01   6.9273239e-04
   6.6600000e-01   6.8889223e-04
   6.6700000e-01   6.8506947e-04
   6.6800000e-01   6.8126401e-04
   6.6900000e-01   6.7747577e-04
   6.7000000e-01   6.7370463e-04
   6.7100000e-01   6.6995052e-04
   6.7200000e-01   6.6621334e-04
   6.7300000e-01   6.6249299e-04
   6.7400000e-01   6.5878938e-04
   6.7500000e-01   6.5510243e-04
   6.7600000e-01   6.5143204e-04
   6.7700000e-01   6.4777811e-04
   6.7800000e-01   6.4414057e-04
   6.7900000e-01   6.4051932e-04
   6.8000000e-01   6.3691428e-04
   6.8100000e-01   6.3332535e-04
   6.8200000e-01   6.2975245e-04
   6.8300000e-01   6.2619549e-04
   6.8400000e-01   6.2265439e-04
   6.8500000e-01   6.1912905e-04
   6.8600000e-01   6.1561941e-04
   6.8700000e-01   6.1212536e-04
   6.8800000e-01   6.0864683e-04
   6.8900000e-01   6.0518373e-04
   6.9000000e-01   6.0173599e-04
   6.9100000e-01   5.9830351e-04
   6.9200000e-01   5.9488622e-04
   6.9300000e-01   5.9148404e-04
   6.9400000e-01   5.8809688e-04
   6.9500000e-01   5.8472466e-04
   6.9600000e-01   5.8136731e-04
   6.9700000e-01   5.7802475e-04
   6.9800000e-01   5.7469689e-04
   6.9900000e-01   5.7138366e-04
   7.0000000e-01   5.6808499e-04
   7.0100000e-01   5.6480078e-04
   7.0200000e-01   5.6153098e-04
   7.0300000e-01   5.5827549e-04
   7.0400000e-01   5.5503426e-04
   7.0500000e-01   5.5180719e-04
   7.0600000e-01   5.4859422e-04
   7.0700000e-01   5.4539527e-04
   7.0800000e-01   5.4221027e-04
   7.0900000e-01   5.3903914e-04
   7.1000000e-01   5.3588181e-04
   7.1100000e-01   5.3273822e-04
   7.1200000e-01   5.2960828e-04
   7.1300000e-01   5.2649193e-04
   7.1400000e-01   5.2338909e-04
   7.1500000e-01   5.2029970e-04
   7.1600000e-01   5.1722368e-04
   7.1700000e-01   5.1416097e-04
   7.1800000e-01   5.1111149e-04
   7.1900000e-01   5.0807518e-04
   7.2000000e-01   5.0505196e-04
   7.2100000e-01   5.0204178e-04
   7.2200000e-01   4.9904456e-04
   7.2300000e-01   4.9606023e-04
   7.2400000e-01   4.9308874e-04
   7.2500000e-01   4.9013001e-04
   7.2600000e-01   4.8718397e-04
   7.2700000e-01   4.8425057e-04
   7.2800000e-01   4.8132973e-04
   7.2900000e-01   4.7842139e-04
   7.3000000e-01   4.7552550e-04
   7.3100000e-01   4.7264197e-04
   7.3200000e-01   4.6977076e-04
   7.3300000e-01   4.6691179e-04
   7.3400000e-01   4.6406501e-04
   7.3500000e-01   4.6123035e-04
   7.3600000e-01   4.5840775e-04
   7.3700000e-01   4.5559715e-04
   7.3800000e-01   4.5279849e-04
   7.3900000e-01   4.5001170e-04
   7.4000000e-01   4.4723673e-04
   7.4100000e-01   4.4447352e-04
   7.4200000e-01   4.4172200e-04
   7.4300000e-01   4.3898213e-04
   7.4400000e-01   4.3625383e-04
   7.4500000e-01   4.3353705e-04
   7.4600000e-01   4.3083173e-04
   7.4700000e-01   4.2813782e-04
   7.4800000e-01   4.2545526e-04
   7.4900000e-01   4.2278398e-04
   7.5000000e-01   4.2012394e-04
   7.5100000e-01   4.1747507e-04
   7.5200000e-01   4.1483732e-04
   7.5300000e-01   4.1221064e-04
   7.5400000e-01   4.0959497e-04
   7.5500000e-01   4.0699025e-04
   7.5600000e-01   4.0439643e-04
   7.5700000e-01   4.0181345e-04
   7.5800000e-01   3.9924127e-04
   7.5900000e-01   3.9667982e-04
   7.6000000e-01   3.9412905e-04
   7.6100000e-01   3.9158892e-04
   7.6200000e-01   3.8905936e-04
   7.6300000e-01   3.8654033e-04
   7.6400000e-01   3.8403177e-04
   7.6500000e-01   3.8153363e-04
   7.6600000e-01   3.7904586e-04
   7.6700000e-01   3.7656840e-04
   7.6800000e-01   3.7410122e-04
   7.6900000e-01   3.7164424e-04
   7.7000000e-01   3.6919744e-04
   7.7100000e-01   3.6676075e-04
   7.7200000e-01   3.6433413e-04
   7.7300000e-01   3.6191752e-04
   7.7400000e-01   3.5951088e-04
   7.7500000e-01   3.5711416e-04
   7.7600000e-01   3.5472731e-04
   7.7700000e-01   3.5235028e-04
   7.7800000e-01   3.4998302e-04
   7.7900000e-01   3.4762549e-04
   7.8000000e-01   3.4527764e-04
   7.8100000e-01   3.4293942e-04
   7.8200000e-01   3.4061078e-04
   7.8300000e-01   3.3829168e-04
   7.8400000e-01   3.3598207e-04
   7.8500000e-01   3.3368190e-04
   7.8600000e-01   3.3139114e-04
   7.8700000e-01   3.2910972e-04
   7.8800000e-01   3.2683762e-04
   7.8900000e-01   3.2457478e-04
   7.9000000e-01   3.2232115e-04
   7.9100000e-01   3.2007671e-04
   7.9200000e-01   3.1784139e-04
   7.9300000e-01   3.1561515e-04
   7.9400000e-01   3.1339796e-04
   7.9500000e-01   3.1118977e-04
   7.9600000e-01   3.0899053e-04
   7.9700000e-01   3.0680020e-04
   7.9800000e-01   3.0461874e-04
   7.9900000e-01   3.0244611e-04
   8.0000000e-01   3.0028227e-04
   8.0100000e-01   2.9812716e-04
   8.0200000e-01   2.9598076e-04
   8.0300000e-01   2.9384302e-04
   8.0400000e-01   2.9171389e-04
   8.0500000e-01   2.8959334e-04
   8.0600000e-01   2.8748133e-04
   8.0700000e-01   2.8537781e-04
   8.0800000e-01   2.8328275e-04
   8.0900000e-01   2.8119610e-04
   8.1000000e-01   2.7911783e-04
   8.1100000e-01   2.7704789e-04
   8.1200000e-01   2.7498625e-04
   8.1300000e-01   2.7293287e-04
   8.1400000e-01   2.7088770e-04
   8.1500000e-01   2.6885071e-04
   8.1600000e-01   2.6682187e-04
   8.1700000e-01   2.6480112e-04
   8.1800000e-01   2.6278844e-04
   8.1900000e-01   2.6078378e-04
   8.2000000e-01   2.5878712e-04
   8.2100000e-01   2.5679840e-04
   8.2200000e-01   2.5481760e-04
   8.2300000e-01   2.5284467e-04
   8.2400000e-01   2.5087958e-04
   8.2500000e-01   2.4892230e-04
   8.2600000e-01   2.4697278e-04
   8.2700000e-01   2.4503099e-04
   8.2800000e-01   2.4309690e-04
   8.2900000e-01   2.4117047e-04
   8.3000000e-01   2.3925165e-04
   8.3100000e-01   2.3734043e-04
   8.3200000e-01   2.3543676e-04
   8.3300000e-01   2.3354060e-04
   8.3400000e-01   2.3165193e-04
   8.3500000e-01   2.2977070e-04
   8.3600000e-01   2.2789689e-04
   8.3700000e-01   2.2603045e-04
   8.3800000e-01   2.2417136e-04
   8.3900000e-01   2.2231958e-04
   8.4000000e-01   2.2047508e-04
   8.4100000e-01   2.1863782e-04
   8.4200000e-01   2.1680777e-04
   8.4300000e-01   2.1498490e-04
   8.4400000e-01   2.1316917e-04
   8.4500000e-01   2.1136055e-04
   8.4600000e-01   2.0955902e-04
   8.4700000e-01   2.0776452e-04
   8.4800000e-01   2.0597705e-04
   8.4900000e-01   2.0419655e-04
   8.5000000e-01   2.0242300e-04
   8.5100000e-01   2.0065638e-04
   8.5200000e-01   1.9889663e-04
   8.5300000e-01   1.9714375e-04
   8.5400000e-01   1.9539768e-04
   8.5500000e-01   1.9365841e-04
   8.5600000e-01   1.9192591e-04
   8.5700000e-01   1.9020013e-04
   8.5800000e-01   1.8848106e-04
   8.5900000e-01   1.8676865e-04
   8.6000000e-01   1.8506289e-04
   8.6100000e-01   1.8336373e-04
   8.6200000e-01   1.8167116e-04
   8.6300000e-01   1.7998514e-04
   8.6400000e-01   1.7830563e-04
   8.6500000e-01   1.7663262e-04
   8.6600000e-01   1.7496607e-04
   8.6700000e-01   1.7330596e-04
   8.6800000e-01   1.7165225e-04
   8.6900000e-01   1.7000491e-04
   8.7000000e-01   1.6836393e-04
   8.7100000e-01   1.6672926e-04
   8.7200000e-01   1.6510088e-04
   8.7300000e-01   1.6347876e-04
   8.7400000e-01   1.6186288e-04
   8.7500000e-01   1.6025320e-04
   8.7600000e-01   1.5864970e-04
   8.7700000e-01   1.5705235e-04
   8.7800000e-01   1.5546113e-04
   8.7900000e-01   1.5387600e-04
   8.8000000e-01   1.5229694e-04
   8.8100000e-01   1.5072393e-04
   8.8200000e-01   1.4915692e-04
   8.8300000e-01   1.4759591e-04
   8.8400000e-01   1.4604086e-04
   8.8500000e-01   1.4449174e-04
   8.8600000e-01   1.4294854e-04
   8.8700000e-01   1.4141121e-04
   8.8800000e-01   1.3987975e-04
   8.8900000e-01   1.3835411e-04
   8.9000000e-01   1.3683428e-04
   8.9100000e-01   1.3532023e-04
   8.9200000e-01   1.3381194e-04
   8.9300000e-01   1.3230937e-04
   8.9400000e-01   1.3081251e-04
   8.9500000e-01   1.2932133e-04
   8.9600000e-01   1.2783580e-04
   8.9700000e-01   1.2635590e-04
   8.9800000e-01   1.2488161e-04
   8.9900000e-01   1.2341289e-04
   9.0000000e-01   1.2194973e-04
   9.0100000e-01   1.2049210e-04
   9.0200000e-01   1.1903998e-04
   9.0300000e-01   1.1759335e-04
   9.0400000e-01   1.1615217e-04
   9.0500000e-01   1.1471642e-04
   9.0600000e-01   1.1328609e-04
   9.0700000e-01   1.1186115e-04
   9.0800000e-01   1.1044157e-04
   9.0900000e-01   1.0902733e-04
   9.1000000e-01   1.0761842e-04
   9.1100000e-01   1.0621479e-04
   9.1200000e-01   1.0481644e-04
   9.1300000e-01   1.0342334e-04
   9.1400000e-01   1.0203547e-04
   9.1500000e-01   1.0065280e-04
   9.1600000e-01   9.9275307e-05
   9.1700000e-01   9.7902978e-05
   9.1800000e-01   9.6535787e-05
   9.1900000e-01   9.5173710e-05
   9.2000000e-01   9.3816727e-05
   9.2100000e-01   9.2464815e-05
   9.2200000e-01   9.1117952e-05
   9.2300000e-01   8.9776117e-05
   9.2400000e-01   8.8439289e-05
   9.2500000e-01   8.7107445e-05
   9.2600000e-01   8.5780564e-05
   9.2700000e-01   8.4458626e-05
   9.2800000e-01   8.3141609e-05
   9.2900000e-01   8.1829492e-05
   9.3000000e-01   8.0522254e-05
   9.3100000e-01   7.9219874e-05
   9.3200000e-01   7.7922332e-05
   9.3300000e-01   7.6629607e-05
   9.3400000e-01   7.5341678e-05
   9.3500000e-01   7.4058526e-05
   9.3600000e-01   7.2780130e-05
   9.3700000e-01   7.1506469e-05
   9.3800000e-01   7.0237524e-05
   9.3900000e-01   6.8973275e-05
   9.4000000e-01   6.7713701e-05
   9.4100000e-01   6.6458784e-05
   9.4200000e-01   6.5208502e-05
   9.4300000e-01   6.3962838e-05
   9.4400000e-01   6.2721771e-05
   9.4500000e-01   6.1485281e-05
   9.4600000e-01   6.0253351e-05
   9.4700000e-01   5.9025960e-05
   9.4800000e-01   5.7803089e-05
   9.4900000e-01   5.6584719e-05
   9.5000000e-01   5.5370832e-05
   9.5100000e-01   5.4161409e-05
   9.5200000e-01   5.2956430e-05
   9.5300000e-01   5.1755878e-05
   9.5400000e-01   5.0559734e-05
   9.5500000e-01   4.9367979e-05
   9.5600000e-01   4.8180595e-05
   9.5700000e-01   4.6997563e-05
   9.5800000e-01   4.5818867e-05
   9.5900000e-01   4.4644487e-05
   9.6000000e-01   4.3474405e-05
   9.6100000e-01   4.2308604e-05
   9.6200000e-01   4.1147066e-05
   9.6300000e-01   3.9989773e-05
   9.6400000e-01   3.8836707e-05
   9.6500000e-01   3.7687851e-05
   9.6600000e-01   3.6543188e-05
   9.6700000e-01   3.5402700e-05
   9.6800000e-01   3.4266370e-05
   9.6900000e-01   3.3134180e-05
   9.7000000e-01   3.2006114e-05
   9.7100000e-01   3.0882155e-05
   9.7200000e-01   2.9762285e-05
   9.7300000e-01   2.8646488e-05
   9.7400000e-01   2.7534746e-05
   9.7500000e-01   2.6427044e-05
   9.7600000e-01   2.5323364e-05
   9.7700000e-01   2.4223691e-05
   9.7800000e-01   2.3128006e-05
   9.7900000e-01   2.2036296e-05
   9.8000000e-01   2.0948542e-05
   9.8100000e-01   1.9864728e-05
   9.8200000e-01   1.8784840e-05
   9.8300000e-01   1.7708859e-05
   9.8400000e-01   1.6636771e-05
   9.8500000e-01   1.5568560e-05
   9.8600000e-01   1.4504210e-05
   9.8700000e-01   1.3443705e-05
   9.8800000e-01   1.2387028e-05
   9.8900000e-01   1.1334166e-05
   9.9000000e-01   1.0285102e-05
   9.9100000e-01   9.2398206e-06
   9.9200000e-01   8.1983067e-06
   9.9300000e-01   7.1605448e-06
   9.9400000e-01   6.1265198e-06
   9.9500000e-01   5.0962164e-06
   9.9600000e-01   4.0696197e-06
   9.9700000e-01   3.0467146e-06
   9.9800000e-01   2.0274862e-06
   9.9900000e-01   1.0119196e-06
   1.0000000e+00   0.0000000e+00
