   0.0000000e+00   3.3333333e-01
   1.0000000e-03   3.3277804e-01
   2.0000000e-03   3.3222326e-01
   3.0000000e-03   3.3166900e-01
   4.0000000e-03   3.3111526e-01
   5.0000000e-03   3.3056204e-01
   6.0000000e-03   3.3000934e-01
   7.0000000e-03   3.2945715e-01
   8.0000000e-03   3.2890549e-01
   9.0000000e-03   3.2835434e-01
   1.0000000e-02   3.2780372e-01
   1.1000000e-02   3.2725361e-01
   1.2000000e-02   3.2670402e-01
   1.3000000e-02   3.2615495e-01
   1.4000000e-02   3.2560640e-01
   1.5000000e-02   3.2505837e-01
   1.6000000e-02   3.2451086e-01
   1.7000000e-02   3.2396387e-01
   1.8000000e-02   3.2341740e-01
   1.9000000e-02   3.2287144e-01
   2.0000000e-02   3.2232601e-01
   2.1000000e-02   3.2178110e-01
   2.2000000e-02   3.2123670e-01
   2.3000000e-02   3.2069283e-01
   2.4000000e-02   3.2014947e-01
   2.5000000e-02   3.1960664e-01
   2.6000000e-02   3.1906432e-01
   2.7000000e-02   3.1852253e-01
   2.8000000e-02   3.1798125e-01
   2.9000000e-02   3.1744049e-01
   3.0000000e-02   3.1690026e-01
   3.1000000e-02   3.1636054e-01
   3.2000000e-02   3.1582134e-01
   3.3000000e-02   3.1528267e-01
   3.4000000e-02   3.1474451e-01
   3.5000000e-02   3.1420687e-01
   3.6000000e-02   3.1366975e-01
   3.7000000e-02   3.1313316e-01
   3.8000000e-02   3.1259708e-01
   3.9000000e-02   3.1206152e-01
   4.0000000e-02   3.1152648e-01
   4.1000000e-02   3.1099196e-01
   4.2000000e-02   3.1045796e-01
   4.3000000e-02   3.0992448e-01
   4.4000000e-02   3.0939152e-01
   4.5000000e-02   3.0885908e-01
   4.6000000e-02   3.0832716e-01
   4.7000000e-02   3.0779576e-01
   4.8000000e-02   3.0726488e-01
   4.9000000e-02   3.0673452e-01
   5.0000000e-02   3.0620467e-01
   5.1000000e-02   3.0567535e-01
   5.2000000e-02   3.0514655e-01
   5.3000000e-02   3.0461826e-01
   5.4000000e-02   3.0409050e-01
   5.5000000e-02   3.0356325e-01
   5.6000000e-02   3.0303653e-01
   5.7000000e-02   3.0251032e-01
   5.8000000e-02   3.0198464e-01
   5.9000000e-02   3.0145947e-01
   6.0000000e-02   3.0093482e-01
   6.1000000e-02   3.0041069e-01
   6.2000000e-02   2.9988708e-01
   6.3000000e-02   2.9936399e-01
   6.4000000e-02   2.9884141e-01
   6.5000000e-02   2.9831936e-01
   6.6000000e-02   2.9779783e-01
   6.7000000e-02   2.9727681e-01
   6.8000000e-02   2.9675631e-01
   6.9000000e-02   2.9623633e-01
   7.0000000e-02   2.9571687e-01
   7.1000000e-02   2.9519793e-01
   7.2000000e-02   2.9467951e-01
   7.3000000e-02   2.9416161e-01
   7.4000000e-02   2.9364422e-01
   7.5000000e-02   2.9312735e-01
   7.6000000e-02   2.9261100e-01
   7.7000000e-02   2.9209517e-01
   7.8000000e-02   2.9157986e-01
   7.9000000e-02   2.9106506e-01
   8.0000000e-02   2.9055078e-01
   8.1000000e-02   2.9003702e-01
   8.2000000e-02   2.8952378e-01
   8.3000000e-02   2.8901106e-01
   8.4000000e-02   2.8849885e-01
   8.5000000e-02   2.8798716e-01
   8.6000000e-02   2.8747599e-01
   8.7000000e-02   2.8696533e-01
   8.8000000e-02   2.8645519e-01
   8.9000000e-02   2.8594557e-01
   9.0000000e-02   2.8543647e-01
   9.1000000e-02   2.8492788e-01
   9.2000000e-02   2.8441981e-01
   9.3000000e-02   2.8391225e-01
   9.4000000e-02   2.8340522e-01
   9.5000000e-02   2.8289870e-01
   9.6000000e-02   2.8239269e-01
   9.7000000e-02   2.8188720e-01
   9.8000000e-02   2.8138223e-01
   9.9000000e-02   2.8087777e-01
   1.0000000e-01   2.8037383e-01
   1.0100000e-01   2.7987041e-01
   1.0200000e-01   2.7936750e-01
   1.0300000e-01   2.7886510e-01
   1.0400000e-01   2.7836322e-01
   1.0500000e-01   2.7786186e-01
   1.0600000e-01   2.7736101e-01
   1.0700000e-01   2.7686068e-01
   1.0800000e-01   2.7636086e-01
   1.0900000e-01   2.7586156e-01
   1.1000000e-01   2.7536277e-01
   1.1100000e-01   2.7486449e-01
   1.1200000e-01   2.7436673e-01
   1.1300000e-01   2.7386949e-01
   1.1400000e-01   2.7337275e-01
   1.1500000e-01   2.7287653e-01
   1.1600000e-01   2.7238083e-01
   1.1700000e-01   2.7188564e-01
   1.1800000e-01   2.7139096e-01
   1.1900000e-01   2.7089680e-01
   1.2000000e-01   2.7040315e-01
   1.2100000e-01   2.6991001e-01
   1.2200000e-01   2.6941738e-01
   1.2300000e-01   2.6892527e-01
   1.2400000e-01   2.6843367e-01
   1.2500000e-01   2.6794258e-01
   1.2600000e-01   2.6745201e-01
   1.2700000e-01   2.6696195e-01
   1.2800000e-01   2.6647239e-01
   1.2900000e-01   2.6598336e-01
   1.3000000e-01   2.6549483e-01
   1.3100000e-01   2.6500681e-01
   1.3200000e-01   2.6451931e-01
   1.3300000e-01   2.6403231e-01
   1.3400000e-01   2.6354583e-01
   1.3500000e-01   2.6305986e-01
   1.3600000e-01   2.6257440e-01
   1.3700000e-01   2.6208945e-01
   1.3800000e-01   2.6160500e-01
   1.3900000e-01   2.6112107e-01
   1.4000000e-01   2.6063765e-01
   1.4100000e-01   2.6015474e-01
   1.4200000e-01   2.5967234e-01
   1.4300000e-01   2.5919045e-01
   1.4400000e-01   2.5870907e-01
   1.4500000e-01   2.5822819e-01
   1.4600000e-01   2.5774783e-01
   1.4700000e-01   2.5726797e-01
   1.4800000e-01   2.5678862e-01
   1.4900000e-01   2.5630978e-01
   1.5000000e-01   2.5583145e-01
   1.5100000e-01   2.5535363e-01
   1.5200000e-01   2.5487631e-01
   1.5300000e-01   2.5439950e-01
   1.5400000e-01   2.5392320e-01
   1.5500000e-01   2.5344741e-01
   1.5600000e-01   2.5297212e-01
   1.5700000e-01   2.5249734e-01
   1.5800000e-01   2.5202307e-01
   1.5900000e-01   2.5154930e-01
   1.6000000e-01   2.5107604e-01
   1.6100000e-01   2.5060328e-01
   1.6200000e-01   2.5013104e-01
   1.6300000e-01   2.4965929e-01
   1.6400000e-01   2.4918805e-01
   1.6500000e-01   2.4871732e-01
   1.6600000e-01   2.4824709e-01
   1.6700000e-01   2.4777737e-01
   1.6800000e-01   2.4730815e-01
   1.6900000e-01   2.4683943e-01
   1.7000000e-01   2.4637122e-01
   1.7100000e-01   2.4590351e-01
   1.7200000e-01   2.4543631e-01
   1.7300000e-01   2.4496961e-01
   1.7400000e-01   2.4450341e-01
   1.7500000e-01   2.4403771e-01
   1.7600000e-01   2.4357252e-01
   1.7700000e-01   2.4310783e-01
   1.7800000e-01   2.4264365e-01
   1.7900000e-01   2.4217996e-01
   1.8000000e-01   2.4171678e-01
   1.8100000e-01   2.4125410e-01
   1.8200000e-01   2.4079192e-01
   1.8300000e-01   2.4033024e-01
   1.8400000e-01   2.3986906e-01
   1.8500000e-01   2.3940838e-01
   1.8600000e-01   2.3894821e-01
   1.8700000e-01   2.3848853e-01
   1.8800000e-01   2.3802935e-01
   1.8900000e-01   2.3757067e-01
   1.9000000e-01   2.3711250e-01
   1.9100000e-01   2.3665482e-01
   1.9200000e-01   2.3619764e-01
   1.9300000e-01   2.3574096e-01
   1.9400000e-01   2.3528478e-01
   1.9500000e-01   2.3482909e-01
   1.9600000e-01   2.3437391e-01
   1.9700000e-01   2.3391922e-01
   1.9800000e-01   2.3346503e-01
   1.9900000e-01   2.3301134e-01
   2.0000000e-01   2.3255814e-01
   2.0100000e-01   2.3210544e-01
   2.0200000e-01   2.3165324e-01
   2.0300000e-01   2.3120153e-01
   2.0400000e-01   2.3075032e-01
   2.0500000e-01   2.3029961e-01
   2.0600000e-01   2.2984939e-01
   2.0700000e-01   2.2939966e-01
   2.0800000e-01   2.2895044e-01
   2.0900000e-01   2.2850170e-01
   2.1000000e-01   2.2805346e-01
   2.1100000e-01   2.2760572e-01
   2.1200000e-01   2.2715847e-01
   2.1300000e-01   2.2671171e-01
   2.1400000e-01   2.2626545e-01
   2.1500000e-01   2.2581968e-01
   2.1600000e-01   2.2537440e-01
   2.1700000e-01   2.2492961e-01
   2.1800000e-01   2.2448532e-01
   2.1900000e-01   2.2404152e-01
   2.2000000e-01   2.2359821e-01
   2.2100000e-01   2.2315539e-01
   2.2200000e-01   2.2271307e-01
   2.2300000e-01   2.2227123e-01
   2.2400000e-01   2.2182989e-01
   2.2500000e-01   2.2138904e-01
   2.2600000e-01   2.2094867e-01
   2.2700000e-01   2.2050880e-01
   2.2800000e-01   2.2006942e-01
   2.2900000e-01   2.1963053e-01
   2.3000000e-01   2.1919212e-01
   2.3100000e-01   2.1875420e-01
   2.3200000e-01   2.1831678e-01
   2.3300000e-01   2.1787984e-01
   2.3400000e-01   2.1744339e-01
   2.3500000e-01   2.1700743e-01
   2.3600000e-01   2.1657195e-01
   2.3700000e-01   2.1613696e-01
   2.3800000e-01   2.1570246e-01
   2.3900000e-01   2.1526844e-01
   2.4000000e-01   2.1483492e-01
   2.4100000e-01   2.1440187e-01
   2.4200000e-01   2.1396932e-01
   2.4300000e-01   2.1353725e-01
   2.4400000e-01   2.1310566e-01
   2.4500000e-01   2.1267456e-01
   2.4600000e-01   2.1224394e-01
   2.4700000e-01   2.1181381e-01
   2.4800000e-01   2.1138416e-01
   2.4900000e-01   2.1095500e-01
   2.5000000e-01   2.1052632e-01
   2.5100000e-01   2.1009812e-01
   2.5200000e-01   2.0967040e-01
   2.5300000e-01   2.0924317e-01
   2.5400000e-01   2.0881642e-01
   2.5500000e-01   2.0839015e-01
   2.5600000e-01   2.0796436e-01
   2.5700000e-01   2.0753906e-01
   2.5800000e-01   2.0711423e-01
   2.5900000e-01   2.0668989e-01
   2.6000000e-01   2.0626603e-01
   2.6100000e-01   2.0584264e-01
   2.6200000e-01   2.0541974e-01
   2.6300000e-01   2.0499732e-01
   2.6400000e-01   2.0457537e-01
   2.6500000e-01   2.0415391e-01
   2.6600000e-01   2.0373292e-01
   2.6700000e-01   2.0331241e-01
   2.6800000e-01   2.0289238e-01
   2.6900000e-01   2.0247283e-01
   2.7000000e-01   2.0205375e-01
   2.7100000e-01   2.0163515e-01
   2.7200000e-01   2.0121703e-01
   2.7300000e-01   2.0079939e-01
   2.7400000e-01   2.0038222e-01
   2.7500000e-01   1.9996552e-01
   2.7600000e-01   1.9954931e-01
   2.7700000e-01   1.9913356e-01
   2.7800000e-01   1.9871829e-01
   2.7900000e-01   1.9830350e-01
   2.8000000e-01   1.9788918e-01
   2.8100000e-01   1.9747534e-01
   2.8200000e-01   1.9706197e-01
   2.8300000e-01   1.9664907e-01
   2.8400000e-01   1.9623664e-01
   2.8500000e-01   1.9582469e-01
   2.8600000e-01   1.9541321e-01
   2.8700000e-01   1.9500220e-01
   2.8800000e-01   1.9459166e-01
   2.8900000e-01   1.9418160e-01
   2.9000000e-01   1.9377200e-01
   2.9100000e-01   1.9336288e-01
   2.9200000e-01   1.9295423e-01
   2.9300000e-01   1.9254604e-01
   2.9400000e-01   1.9213833e-01
   2.9500000e-01   1.9173109e-01
   2.9600000e-01   1.9132431e-01
   2.9700000e-01   1.9091801e-01
   2.9800000e-01   1.9051217e-01
   2.9900000e-01   1.9010680e-01
   3.0000000e-01   1.8970190e-01
   3.0100000e-01   1.8929746e-01
   3.0200000e-01   1.8889350e-01
   3.0300000e-01   1.8849000e-01
   3.0400000e-01   1.8808696e-01
   3.0500000e-01   1.8768439e-01
   3.0600000e-01   1.8728229e-01
   3.0700000e-01   1.8688065e-01
   3.0800000e-01   1.8647948e-01
   3.0900000e-01   1.8607878e-01
   3.1000000e-01   1.8567853e-01
   3.1100000e-01   1.8527876e-01
   3.1200000e-01   1.8487944e-01
   3.1300000e-01   1.8448059e-01
   3.1400000e-01   1.8408220e-01
   3.1500000e-01   1.8368428e-01
   3.1600000e-01   1.8328681e-01
   3.1700000e-01   1.8288981e-01
   3.1800000e-01   1.8249328e-01
   3.1900000e-01   1.8209720e-01
   3.2000000e-01   1.8170158e-01
   3.2100000e-01   1.8130643e-01
   3.2200000e-01   1.8091173e-01
   3.2300000e-01   1.8051750e-01
   3.2400000e-01   1.8012372e-01
   3.2500000e-01   1.7973040e-01
   3.2600000e-01   1.7933755e-01
   3.2700000e-01   1.7894515e-01
   3.2800000e-01   1.7855321e-01
   3.2900000e-01   1.7816173e-01
   3.3000000e-01   1.7777070e-01
   3.3100000e-01   1.7738014e-01
   3.3200000e-01   1.7699002e-01
   3.3300000e-01   1.7660037e-01
   3.3400000e-01   1.7621117e-01
   3.3500000e-01   1.7582243e-01
   3.3600000e-01   1.7543415e-01
   3.3700000e-01   1.7504632e-01
   3.3800000e-01   1.7465894e-01
   3.3900000e-01   1.7427202e-01
   3.4000000e-01   1.7388555e-01
   3.4100000e-01   1.7349954e-01
   3.4200000e-01   1.7311398e-01
   3.4300000e-01   1.7272887e-01
   3.4400000e-01   1.7234422e-01
   3.4500000e-01   1.7196002e-01
   3.4600000e-01   1.7157627e-01
   3.4700000e-01   1.7119297e-01
   3.4800000e-01   1.7081012e-01
   3.4900000e-01   1.7042773e-01
   3.5000000e-01   1.7004578e-01
   3.5100000e-01   1.6966429e-01
   3.5200000e-01   1.6928324e-01
   3.5300000e-01   1.6890265e-01
   3.5400000e-01   1.6852250e-01
   3.5500000e-01   1.6814280e-01
   3.5600000e-01   1.6776356e-01
   3.5700000e-01   1.6738476e-01
   3.5800000e-01   1.6700640e-01
   3.5900000e-01   1.6662850e-01
   3.6000000e-01   1.6625104e-01
   3.6100000e-01   1.6587403e-01
   3.6200000e-01   1.6549746e-01
   3.6300000e-01   1.6512134e-01
   3.6400000e-01   1.6474567e-01
   3.6500000e-01   1.6437044e-01
   3.6600000e-01   1.6399566e-01
   3.6700000e-01   1.6362132e-01
   3.6800000e-01   1.6324743e-01
   3.6900000e-01   1.6287397e-01
   3.7000000e-01   1.6250097e-01
   3.7100000e-01   1.6212840e-01
   3.7200000e-01   1.6175628e-01
   3.7300000e-01   1.6138460e-01
   3.7400000e-01   1.6101337e-01
   3.7500000e-01   1.6064257e-01
   3.7600000e-01   1.6027222e-01
   3.7700000e-01   1.5990230e-01
   3.7800000e-01   1.5953283e-01
   3.7900000e-01   1.5916380e-01
   3.8000000e-01   1.5879521e-01
   3.8100000e-01   1.5842705e-01
   3.8200000e-01   1.5805934e-01
   3.8300000e-01   1.5769206e-01
   3.8400000e-01   1.5732523e-01
   3.8500000e-01   1.5695883e-01
   3.8600000e-01   1.5659287e-01
   3.8700000e-01   1.5622734e-01
   3.8800000e-01   1.5586225e-01
   3.8900000e-01   1.5549760e-01
   3.9000000e-01   1.5513339e-01
   3.9100000e-01   1.5476961e-01
   3.9200000e-01   1.5440627e-01
   3.9300000e-01   1.5404336e-01
   3.9400000e-01   1.5368089e-01
   3.9500000e-01   1.5331885e-01
   3.9600000e-01   1.5295724e-01
   3.9700000e-01   1.5259607e-01
   3.9800000e-01   1.5223533e-01
   3.9900000e-01   1.5187502e-01
   4.0000000e-01   1.5151515e-01
   4.0100000e-01   1.5115571e-01
   4.0200000e-01   1.5079670e-01
   4.0300000e-01   1.5043812e-01
   4.0400000e-01   1.5007998e-01
   4.0500000e-01   1.4972226e-01
   4.0600000e-01   1.4936497e-01
   4.0700000e-01   1.4900812e-01
   4.0800000e-01   1.4865169e-01
   4.0900000e-01   1.4829569e-01
   4.1000000e-01   1.4794012e-01
   4.1100000e-01   1.4758498e-01
   4.1200000e-01   1.4723027e-01
   4.1300000e-01   1.4687598e-01
   4.1400000e-01   1.4652212e-01
   4.1500000e-01   1.4616869e-01
   4.1600000e-01   1.4581569e-01
   4.1700000e-01   1.4546311e-01
   4.1800000e-01   1.4511096e-01
   4.1900000e-01   1.4475923e-01
   4.2000000e-01   1.4440793e-01
   4.2100000e-01   1.4405705e-01
   4.2200000e-01   1.4370660e-01
   4.2300000e-01   1.4335657e-01
   4.2400000e-01   1.4300696e-01
   4.2500000e-01   1.4265778e-01
   4.2600000e-01   1.4230902e-01
   4.2700000e-01   1.4196068e-01
   4.2800000e-01   1.4161276e-01
   4.2900000e-01   1.4126527e-01
   4.3000000e-01   1.4091819e-01
   4.3100000e-01   1.4057154e-01
   4.3200000e-01   1.4022531e-01
   4.3300000e-01   1.3987950e-01
   4.3400000e-01   1.3953410e-01
   4.3500000e-01   1.3918913e-01
   4.3600000e-01   1.3884458e-01
   4.3700000e-01   1.3850044e-01
   4.3800000e-01   1.3815672e-01
   4.3900000e-01   1.3781342e-01
   4.4000000e-01   1.3747054e-01
   4.4100000e-01   1.3712808e-01
   4.4200000e-01   1.3678603e-01
   4.4300000e-01   1.3644440e-01
   4.4400000e-01   1.3610318e-01
   4.4500000e-01   1.3576238e-01
   4.4600000e-01   1.3542199e-01
   4.4700000e-01   1.3508202e-01
   4.4800000e-01   1.3474247e-01
   4.4900000e-01   1.3440332e-01
   4.5000000e-01   1.3406459e-01
   4.5100000e-01   1.3372628e-01
   4.5200000e-01   1.3338838e-01
   4.5300000e-01   1.3305089e-01
   4.5400000e-01   1.3271381e-01
   4.5500000e-01   1.3237714e-01
   4.5600000e-01   1.3204089e-01
   4.5700000e-01   1.3170504e-01
   4.5800000e-01   1.3136961e-01
   4.5900000e-01   1.3103458e-01
   4.6000000e-01   1.3069997e-01
   4.6100000e-01   1.3036577e-01
   4.6200000e-01   1.3003197e-01
   4.6300000e-01   1.2969858e-01
   4.6400000e-01   1.2936561e-01
   4.6500000e-01   1.2903304e-01
   4.6600000e-01   1.2870087e-01
   4.6700000e-01   1.2836912e-01
   4.6800000e-01   1.2803777e-01
   4.6900000e-01   1.2770683e-01
   4.7000000e-01   1.2737629e-01
   4.7100000e-01   1.2704616e-01
   4.7200000e-01   1.2671643e-01
   4.7300000e-01   1.2638711e-01
   4.7400000e-01   1.2605819e-01
   4.7500000e-01   1.2572968e-01
   4.7600000e-01   1.2540157e-01
   4.7700000e-01   1.2507387e-01
   4.7800000e-01   1.2474656e-01
   4.7900000e-01   1.2441966e-01
   4.8000000e-01   1.2409317e-01
   4.8100000e-01   1.2376707e-01
   4.8200000e-01   1.2344137e-01
   4.8300000e-01   1.2311608e-01
   4.8400000e-01   1.2279119e-01
   4.8500000e-01   1.2246669e-01
   4.8600000e-01   1.2214260e-01
   4.8700000e-01   1.2181891e-01
   4.8800000e-01   1.2149561e-01
   4.8900000e-01   1.2117271e-01
   4.9000000e-01   1.2085022e-01
   4.9100000e-01   1.2052812e-01
   4.9200000e-01   1.2020641e-01
   4.9300000e-01   1.1988511e-01
   4.9400000e-01   1.1956420e-01
   4.9500000e-01   1.1924369e-01
   4.9600000e-01   1.1892357e-01
   4.9700000e-01   1.1860385e-01
   4.9800000e-01   1.1828453e-01
   4.9900000e-01   1.1796560e-01
   5.0000000e-01   1.1764706e-01
   5.0100000e-01   1.1732892e-01
   5.0200000e-01   1.1701117e-01
   5.0300000e-01   1.1669381e-01
   5.0400000e-01   1.1637685e-01
   5.0500000e-01   1.1606028e-01
   5.0600000e-01   1.1574410e-01
   5.0700000e-01   1.1542832e-01
   5.0800000e-01   1.1511292e-01
   5.0900000e-01   1.1479792e-01
   5.1000000e-01   1.1448331e-01
   5.1100000e-01   1.1416908e-01
   5.1200000e-01   1.1385525e-01
   5.1300000e-01   1.1354181e-01
   5.1400000e-01   1.1322875e-01
   5.1500000e-01   1.1291609e-01
   5.1600000e-01   1.1260381e-01
   5.1700000e-01   1.1229192e-01
   5.1800000e-01   1.1198042e-01
   5.1900000e-01   1.1166930e-01
   5.2000000e-01   1.1135857e-01
   5.2100000e-01   1.1104823e-01
   5.2200000e-01   1.1073828e-01
   5.2300000e-01   1.1042871e-01
   5.2400000e-01   1.1011952e-01
   5.2500000e-01   1.0981072e-01
   5.2600000e-01   1.0950231e-01
   5.2700000e-01   1.0919427e-01
   5.2800000e-01   1.0888663e-01
   5.2900000e-01   1.0857936e-01
   5.3000000e-01   1.0827248e-01
   5.3100000e-01   1.0796598e-01
   5.3200000e-01   1.0765986e-01
   5.3300000e-01   1.0735413e-01
   5.3400000e-01   1.0704877e-01
   5.3500000e-01   1.0674380e-01
   5.3600000e-01   1.0643920e-01
   5.3700000e-01   1.0613499e-01
   5.3800000e-01   1.0583116e-01
   5.3900000e-01   1.0552771e-01
   5.4000000e-01   1.0522463e-01
   5.4100000e-01   1.0492194e-01
   5.4200000e-01   1.0461962e-01
   5.4300000e-01   1.0431768e-01
   5.4400000e-01   1.0401612e-01
   5.4500000e-01   1.0371493e-01
   5.4600000e-01   1.0341412e-01
   5.4700000e-01   1.0311369e-01
   5.4800000e-01   1.0281364e-01
   5.4900000e-01   1.0251396e-01
   5.5000000e-01   1.0221465e-01
   5.5100000e-01   1.0191572e-01
   5.5200000e-01   1.0161716e-01
   5.5300000e-01   1.0131898e-01
   5.5400000e-01   1.0102117e-01
   5.5500000e-01   1.0072374e-01
   5.5600000e-01   1.0042668e-01
   5.5700000e-01   1.0012999e-01
   5.5800000e-01   9.9833671e-02
   5.5900000e-01   9.9537725e-02
   5.6000000e-01   9.9242151e-02
   5.6100000e-01   9.8946948e-02
   5.6200000e-01   9.8652115e-02
   5.6300000e-01   9.8357652e-02
   5.6400000e-01   9.8063560e-02
   5.6500000e-01   9.7769836e-02
   5.6600000e-01   9.7476482e-02
   5.6700000e-01   9.7183497e-02
   5.6800000e-01   9.6890879e-02
   5.6900000e-01   9.6598630e-02
   5.7000000e-01   9.6306748e-02
   5.7100000e-01   9.6015234e-02
   5.7200000e-01   9.5724086e-02
   5.7300000e-01   9.5433304e-02
   5.7400000e-01   9.5142889e-02
   5.7500000e-01   9.4852839e-02
   5.7600000e-01   9.4563154e-02
   5.7700000e-01   9.4273834e-02
   5.7800000e-01   9.3984879e-02
   5.7900000e-01   9.3696287e-02
   5.8000000e-01   9.3408060e-02
   5.8100000e-01   9.3120196e-02
   5.8200000e-01   9.2832694e-02
   5.8300000e-01   9.2545555e-02
   5.8400000e-01   9.2258779e-02
   5.8500000e-01   9.1972364e-02
   5.8600000e-01   9.1686311e-02
   5.8700000e-01   9.1400618e-02
   5.8800000e-01   9.1115286e-02
   5.8900000e-01   9.0830315e-02
   5.9000000e-01   9.0545703e-02
   5.9100000e-01   9.0261451e-02
   5.9200000e-01   8.9977559e-02
   5.9300000e-01   8.9694024e-02
   5.9400000e-01   8.9410849e-02
   5.9500000e-01   8.9128031e-02
   5.9600000e-01   8.8845571e-02
   5.9700000e-01   8.8563468e-02
   5.9800000e-01   8.8281721e-02
   5.9900000e-01   8.8000332e-02
   6.0000000e-01   8.7719298e-02
   6.0100000e-01   8.7438620e-02
   6.0200000e-01   8.7158298e-02
   6.0300000e-01   8.6878330e-02
   6.0400000e-01   8.6598717e-02
   6.0500000e-01   8.6319458e-02
   6.0600000e-01   8.6040553e-02
   6.0700000e-01   8.5762002e-02
   6.0800000e-01   8.5483803e-02
   6.0900000e-01   8.5205958e-02
   6.1000000e-01   8.4928464e-02
   6.1100000e-01   8.4651323e-02
   6.1200000e-01   8.4374532e-02
   6.1300000e-01   8.4098094e-02
   6.1400000e-01   8.3822005e-02
   6.1500000e-01   8.3546268e-02
   6.1600000e-01   8.3270880e-02
   6.1700000e-01   8.2995842e-02
   6.1800000e-01   8.2721153e-02
   6.1900000e-01   8.2446814e-02
   6.2000000e-01   8.2172822e-02
   6.2100000e-01   8.1899179e-02
   6.2200000e-01   8.1625884e-02
   6.2300000e-01   8.1352936e-02
   6.2400000e-01   8.1080335e-02
   6.2500000e-01   8.0808081e-02
   6.2600000e-01   8.0536173e-02
   6.2700000e-01   8.0264611e-02
   6.2800000e-01   7.9993394e-02
   6.2900000e-01   7.9722523e-02
   6.3000000e-01   7.9451996e-02
   6.3100000e-01   7.9181814e-02
   6.3200000e-01   7.8911975e-02
   6.3300000e-01   7.8642481e-02
   6.3400000e-01   7.8373329e-02
   6.3500000e-01   7.8104521e-02
   6.3600000e-01   7.7836055e-02
   6.3700000e-01   7.7567931e-02
   6.3800000e-01   7.7300149e-02
   6.3900000e-01   7.7032709e-02
   6.4000000e-01   7.6765609e-02
   6.4100000e-01   7.6498850e-02
   6.4200000e-01   7.6232431e-02
   6.4300000e-01   7.5966353e-02
   6.4400000e-01   7.5700613e-02
   6.4500000e-01   7.5435213e-02
   6.4600000e-01   7.5170152e-02
   6.4700000e-01   7.4905429e-02
   6.4800000e-01   7.4641044e-02
   6.4900000e-01   7.4376997e-02
   6.5000000e-01   7.4113287e-02
   6.5100000e-01   7.3849915e-02
   6.5200000e-01   7.3586878e-02
   6.5300000e-01   7.3324178e-02
   6.5400000e-01   7.3061814e-02
   6.5500000e-01   7.2799785e-02
   6.5600000e-01   7.2538091e-02
   6.5700000e-01   7.2276732e-02
   6.5800000e-01   7.2015707e-02
   6.5900000e-01   7.1755016e-02
   6.6000000e-01   7.1494659e-02
   6.6100000e-01   7.1234635e-02
   6.6200000e-01   7.0974944e-02
   6.6300000e-01   7.0715585e-02
   6.6400000e-01   7.0456558e-02
   6.6500000e-01   7.0197864e-02
   6.6600000e-01   6.9939500e-02
   6.6700000e-01   6.9681468e-02
   6.6800000e-01   6.9423766e-02
   6.6900000e-01   6.9166394e-02
   6.7000000e-01   6.8909353e-02
   6.7100000e-01   6.8652641e-02
   6.7200000e-01   6.8396258e-02
   6.7300000e-01   6.8140204e-02
   6.7400000e-01   6.7884478e-02
   6.7500000e-01   6.7629081e-02
   6.7600000e-01   6.7374011e-02
   6.7700000e-01   6.7119268e-02
   6.7800000e-01   6.6864852e-02
   6.7900000e-01   6.6610763e-02
   6.8000000e-01   6.6357001e-02
   6.8100000e-01   6.6103564e-02
   6.8200000e-01   6.5850452e-02
   6.8300000e-01   6.5597666e-02
   6.8400000e-01   6.5345205e-02
   6.8500000e-01   6.5093068e-02
   6.8600000e-01   6.4841255e-02
   6.8700000e-01   6.4589765e-02
   6.8800000e-01   6.4338599e-02
   6.8900000e-01   6.4087756e-02
   6.9000000e-01   6.3837236e-02
   6.9100000e-01   6.3587037e-02
   6.9200000e-01   6.3337161e-02
   6.9300000e-01   6.3087606e-02
   6.9400000e-01   6.2838372e-02
   6.9500000e-01   6.2589459e-02
   6.9600000e-01   6.2340867e-02
   6.9700000e-01   6.2092594e-02
   6.9800000e-01   6.1844641e-02
   6.9900000e-01   6.1597008e-02
   7.0000000e-01   6.1349693e-02
   7.0100000e-01   6.1102697e-02
   7.0200000e-01   6.0856020e-02
   7.0300000e-01   6.0609660e-02
   7.0400000e-01   6.0363617e-02
   7.0500000e-01   6.0117892e-02
   7.0600000e-01   5.9872484e-02
   7.0700000e-01   5.9627392e-02
   7.0800000e-01   5.9382616e-02
   7.0900000e-01   5.9138156e-02
   7.1000000e-01   5.8894011e-02
   7.1100000e-01   5.8650181e-02
   7.1200000e-01   5.8406666e-02
   7.1300000e-01   5.8163465e-02
   7.1400000e-01   5.7920578e-02
   7.1500000e-01   5.7678005e-02
   7.1600000e-01   5.7435745e-02
   7.1700000e-01   5.7193797e-02
   7.1800000e-01   5.6952163e-02
   7.1900000e-01   5.6710840e-02
   7.2000000e-01   5.6469829e-02
   7.2100000e-01   5.6229129e-02
   7.2200000e-01   5.5988741e-02
   7.2300000e-01   5.5748663e-02
   7.2400000e-01   5.5508896e-02
   7.2500000e-01   5.5269439e-02
   7.2600000e-01   5.5030291e-02
   7.2700000e-01   5.4791452e-02
   7.2800000e-01   5.4552923e-02
   7.2900000e-01   5.4314702e-02
   7.3000000e-01   5.4076789e-02
   7.3100000e-01   5.3839184e-02
   7.3200000e-01   5.3601887e-02
   7.3300000e-01   5.3364897e-02
   7.3400000e-01   5.3128213e-02
   7.3500000e-01   5.2891836e-02
   7.3600000e-01   5.2655765e-02
   7.3700000e-01   5.2420000e-02
   7.3800000e-01   5.2184540e-02
   7.3900000e-01   5.1949386e-02
   7.4000000e-01   5.1714536e-02
   7.4100000e-01   5.1479990e-02
   7.4200000e-01   5.1245748e-02
   7.4300000e-01   5.1011810e-02
   7.4400000e-01   5.0778176e-02
   7.4500000e-01   5.0544844e-02
   7.4600000e-01   5.0311814e-02
   7.4700000e-01   5.0079087e-02
   7.4800000e-01   4.9846662e-02
   7.4900000e-01   4.9614539e-02
   7.5000000e-01   4.9382716e-02
   7.5100000e-01   4.9151194e-02
   7.5200000e-01   4.8919973e-02
   7.5300000e-01   4.8689052e-02
   7.5400000e-01   4.8458431e-02
   7.5500000e-01   4.8228109e-02
   7.5600000e-01   4.7998086e-02
   7.5700000e-01   4.7768362e-02
   7.5800000e-01   4.7538937e-02
   7.5900000e-01   4.7309809e-02
   7.6000000e-01   4.7080979e-02
   7.6100000e-01   4.6852447e-02
   7.6200000e-01   4.6624211e-02
   7.6300000e-01   4.6396272e-02
   7.6400000e-01   4.6168630e-02
   7.6500000e-01   4.5941283e-02
   7.6600000e-01   4.5714232e-02
   7.6700000e-01   4.5487476e-02
   7.6800000e-01   4.5261016e-02
   7.6900000e-01   4.5034849e-02
   7.7000000e-01   4.4808977e-02
   7.7100000e-01   4.4583399e-02
   7.7200000e-01   4.4358115e-02
   7.7300000e-01   4.4133123e-02
   7.7400000e-01   4.3908425e-02
   7.7500000e-01   4.3684019e-02
   7.7600000e-01   4.3459905e-02
   7.7700000e-01   4.3236083e-02
   7.7800000e-01   4.3012553e-02
   7.7900000e-01   4.2789313e-02
   7.8000000e-01   4.2566365e-02
   7.8100000e-01   4.2343707e-02
   7.8200000e-01   4.2121339e-02
   7.8300000e-01   4.1899261e-02
   7.8400000e-01   4.1677472e-02
   7.8500000e-01   4.1455972e-02
   7.8600000e-01   4.1234761e-02
   7.8700000e-01   4.1013839e-02
   7.8800000e-01   4.0793205e-02
   7.8900000e-01   4.0572858e-02
   7.9000000e-01   4.0352799e-02
   7.9100000e-01   4.0133027e-02
   7.9200000e-01   3.9913541e-02
   7.9300000e-01   3.9694342e-02
   7.9400000e-01   3.9475429e-02
   7.9500000e-01   3.9256802e-02
   7.9600000e-01   3.9038460e-02
   7.9700000e-01   3.8820403e-02
   7.9800000e-01   3.8602631e-02
   7.9900000e-01   3.8385143e-02
   8.0000000e-01   3.8167939e-02
   8.0100000e-01   3.7951019e-02
   8.0200000e-01   3.7734382e-02
   8.0300000e-01   3.7518028e-02
   8.0400000e-01   3.7301957e-02
   8.0500000e-01   3.7086168e-02
   8.0600000e-01   3.6870662e-02
   8.0700000e-01   3.6655436e-02
   8.0800000e-01   3.6440493e-02
   8.0900000e-01   3.6225830e-02
   8.1000000e-01   3.6011448e-02
   8.1100000e-01   3.5797346e-02
   8.1200000e-01   3.5583524e-02
   8.1300000e-01   3.5369982e-02
   8.1400000e-01   3.5156720e-02
   8.1500000e-01   3.4943736e-02
   8.1600000e-01   3.4731031e-02
   8.1700000e-01   3.4518604e-02
   8.1800000e-01   3.4306455e-02
   8.1900000e-01   3.4094584e-02
   8.2000000e-01   3.3882991e-02
   8.2100000e-01   3.3671674e-02
   8.2200000e-01   3.3460634e-02
   8.2300000e-01   3.3249871e-02
   8.2400000e-01   3.3039383e-02
   8.2500000e-01   3.2829171e-02
   8.2600000e-01   3.2619235e-02
   8.2700000e-01   3.2409573e-02
   8.2800000e-01   3.2200186e-02
   8.2900000e-01   3.1991074e-02
   8.3000000e-01   3.1782236e-02
   8.3100000e-01   3.1573671e-02
   8.3200000e-01   3.1365380e-02
   8.3300000e-01   3.1157362e-02
   8.3400000e-01   3.0949616e-02
   8.3500000e-01   3.0742143e-02
   8.3600000e-01   3.0534942e-02
   8.3700000e-01   3.0328013e-02
   8.3800000e-01   3.0121356e-02
   8.3900000e-01   2.9914969e-02
   8.4000000e-01   2.9708853e-02
   8.4100000e-01   2.9503008e-02
   8.4200000e-01   2.9297433e-02
   8.4300000e-01   2.9092127e-02
   8.4400000e-01   2.8887091e-02
   8.4500000e-01   2.8682325e-02
   8.4600000e-01   2.8477827e-02
   8.4700000e-01   2.8273598e-02
   8.4800000e-01   2.8069636e-02
   8.4900000e-01   2.7865943e-02
   8.5000000e-01   2.7662517e-02
   8.5100000e-01   2.7459359e-02
   8.5200000e-01   2.7256467e-02
   8.5300000e-01   2.7053842e-02
   8.5400000e-01   2.6851483e-02
   8.5500000e-01   2.6649391e-02
   8.5600000e-01   2.6447563e-02
   8.5700000e-01   2.6246001e-02
   8.5800000e-01   2.6044704e-02
   8.5900000e-01   2.5843672e-02
   8.6000000e-01   2.5642904e-02
   8.6100000e-01   2.5442400e-02
   8.6200000e-01   2.5242160e-02
   8.6300000e-01   2.5042183e-02
   8.6400000e-01   2.4842470e-02
   8.6500000e-01   2.4643018e-02
   8.6600000e-01   2.4443830e-02
   8.6700000e-01   2.4244903e-02
   8.6800000e-01   2.4046239e-02
   8.6900000e-01   2.3847836e-02
   8.7000000e-01   2.3649693e-02
   8.7100000e-01   2.3451812e-02
   8.7200000e-01   2.3254192e-02
   8.7300000e-01   2.3056831e-02
   8.7400000e-01   2.2859731e-02
   8.7500000e-01   2.2662890e-02
   8.7600000e-01   2.2466308e-02
   8.7700000e-01   2.2269985e-02
   8.7800000e-01   2.2073921e-02
   8.7900000e-01   2.1878115e-02
   8.8000000e-01   2.1682567e-02
   8.8100000e-01   2.1487277e-02
   8.8200000e-01   2.1292244e-02
   8.8300000e-01   2.1097469e-02
   8.8400000e-01   2.0902950e-02
   8.8500000e-01   2.0708687e-02
   8.8600000e-01   2.0514681e-02
   8.8700000e-01   2.0320930e-02
   8.8800000e-01   2.0127435e-02
   8.8900000e-01   1.9934196e-02
   8.9000000e-01   1.9741211e-02
   8.9100000e-01   1.9548480e-02
   8.9200000e-01   1.9356004e-02
   8.9300000e-01   1.9163782e-02
   8.9400000e-01   1.8971814e-02
   8.9500000e-01   1.8780098e-02
   8.9600000e-01   1.8588636e-02
   8.9700000e-01   1.8397427e-02
   8.9800000e-01   1.8206470e-02
   8.9900000e-01   1.8015765e-02
   9.0000000e-01   1.7825312e-02
   9.0100000e-01   1.7635110e-02
   9.0200000e-01   1.7445160e-02
   9.0300000e-01   1.7255460e-02
   9.0400000e-01   1.7066011e-02
   9.0500000e-01   1.6876813e-02
   9.0600000e-01   1.6687864e-02
   9.0700000e-01   1.6499165e-02
   9.0800000e-01   1.6310715e-02
   9.0900000e-01   1.6122514e-02
   9.1000000e-01   1.5934562e-02
   9.1100000e-01   1.5746858e-02
   9.1200000e-01   1.5559403e-02
   9.1300000e-01   1.5372195e-02
   9.1400000e-01   1.5185235e-02
   9.1500000e-01   1.4998522e-02
   9.1600000e-01   1.4812056e-02
   9.1700000e-01   1.4625837e-02
   9.1800000e-01   1.4439864e-02
   9.1900000e-01   1.4254136e-02
   9.2000000e-01   1.4068655e-02
   9.2100000e-01   1.3883419e-02
   9.2200000e-01   1.3698428e-02
   9.2300000e-01   1.3513682e-02
   9.2400000e-01   1.3329180e-02
   9.2500000e-01   1.3144923e-02
   9.2600000e-01   1.2960909e-02
   9.2700000e-01   1.2777139e-02
   9.2800000e-01   1.2593613e-02
   9.2900000e-01   1.2410329e-02
   9.3000000e-01   1.2227288e-02
   9.3100000e-01   1.2044489e-02
   9.3200000e-01   1.1861933e-02
   9.3300000e-01   1.1679618e-02
   9.3400000e-01   1.1497545e-02
   9.3500000e-01   1.1315713e-02
   9.3600000e-01   1.1134122e-02
   9.3700000e-01   1.0952771e-02
   9.3800000e-01   1.0771661e-02
   9.3900000e-01   1.0590791e-02
   9.4000000e-01   1.0410160e-02
   9.4100000e-01   1.0229769e-02
   9.4200000e-01   1.0049617e-02
   9.4300000e-01   9.8697043e-03
   9.4400000e-01   9.6900298e-03
   9.4500000e-01   9.5105935e-03
   9.4600000e-01   9.3313952e-03
   9.4700000e-01   9.1524345e-03
   9.4800000e-01   8.9737112e-03
   9.4900000e-01   8.7952249e-03
   9.5000000e-01   8.6169754e-03
   9.5100000e-01   8.4389624e-03
   9.5200000e-01   8.2611856e-03
   9.5300000e-01   8.0836447e-03
   9.5400000e-01   7.9063394e-03
   9.5500000e-01   7.7292695e-03
   9.5600000e-01   7.5524345e-03
   9.5700000e-01   7.3758343e-03
   9.5800000e-01   7.1994685e-03
   9.5900000e-01   7.0233368e-03
   9.6000000e-01   6.8474391e-03
   9.6100000e-01   6.6717749e-03
   9.6200000e-01   6.4963439e-03
   9.6300000e-01   6.3211460e-03
   9.6400000e-01   6.1461808e-03
   9.6500000e-01   5.9714479e-03
   9.6600000e-01   5.7969473e-03
   9.6700000e-01   5.6226784e-03
   9.6800000e-01   5.4486411e-03
   9.6900000e-01   5.2748351e-03
   9.7000000e-01   5.1012600e-03
   9.7100000e-01   4.9279156e-03
   9.7200000e-01   4.7548017e-03
   9.7300000e-01   4.5819178e-03
   9.7400000e-01   4.4092638e-03
   9.7500000e-01   4.2368393e-03
   9.7600000e-01   4.0646441e-03
   9.7700000e-01   3.8926779e-03
   9.7800000e-01   3.7209403e-03
   9.7900000e-01   3.5494312e-03
   9.8000000e-01   3.3781501e-03
   9.8100000e-01   3.2070969e-03
   9.8200000e-01   3.0362713e-03
   9.8300000e-01   2.8656729e-03
   9.8400000e-01   2.6953016e-03
   9.8500000e-01   2.5251569e-03
   9.8600000e-01   2.3552386e-03
   9.8700000e-01   2.1855465e-03
   9.8800000e-01   2.0160803e-03
   9.8900000e-01   1.8468396e-03
   9.9000000e-01   1.6778242e-03
   9.9100000e-01   1.5090338e-03
   9.9200000e-01   1.3404682e-03
   9.9300000e-01   1.1721270e-03
   9.9400000e-01   1.0040100e-03
   9.9500000e-01   8.3611691e-04
   9.9600000e-01   6.6844741e-04
   9.9700000e-01   5.0100125e-04
   9.9800000e-01   3.3377815e-04
   9.9900000e-01   1.6677782e-04
   1.0000000e+00   0.0000000e+00
