   0.0000000e+00   1.6666667e-01
   1.0000000e-03   1.6545005e-01
   2.0000000e-03   1.6424458e-01
   3.0000000e-03   1.6305013e-01
   4.0000000e-03   1.6186658e-01
   5.0000000e-03   1.6069381e-01
   6.0000000e-03   1.5953172e-01
   7.0000000e-03   1.5838018e-01
   8.0000000e-03   1.5723908e-01
   9.0000000e-03   1.5610833e-01
   1.0000000e-02   1.5498779e-01
   1.1000000e-02   1.5387737e-01
   1.2000000e-02   1.5277695e-01
   1.3000000e-02   1.5168644e-01
   1.4000000e-02   1.5060572e-01
   1.5000000e-02   1.4953470e-01
   1.6000000e-02   1.4847326e-01
   1.7000000e-02   1.4742131e-01
   1.8000000e-02   1.4637875e-01
   1.9000000e-02   1.4534548e-01
   2.0000000e-02   1.4432139e-01
   2.1000000e-02   1.4330641e-01
   2.2000000e-02   1.4230041e-01
   2.3000000e-02   1.4130332e-01
   2.4000000e-02   1.4031504e-01
   2.5000000e-02   1.3933548e-01
   2.6000000e-02   1.3836454e-01
   2.7000000e-02   1.3740213e-01
   2.8000000e-02   1.3644817e-01
   2.9000000e-02   1.3550257e-01
   3.0000000e-02   1.3456523e-01
   3.1000000e-02   1.3363608e-01
   3.2000000e-02   1.3271502e-01
   3.3000000e-02   1.3180198e-01
   3.4000000e-02   1.3089686e-01
   3.5000000e-02   1.2999960e-01
   3.6000000e-02   1.2911009e-01
   3.7000000e-02   1.2822828e-01
   3.8000000e-02   1.2735406e-01
   3.9000000e-02   1.2648738e-01
   4.0000000e-02   1.2562814e-01
   4.1000000e-02   1.2477627e-01
   4.2000000e-02   1.2393170e-01
   4.3000000e-02   1.2309435e-01
   4.4000000e-02   1.2226415e-01
   4.5000000e-02   1.2144102e-01
   4.6000000e-02   1.2062488e-01
   4.7000000e-02   1.1981568e-01
   4.8000000e-02   1.1901333e-01
   4.9000000e-02   1.1821777e-01
   5.0000000e-02   1.1742892e-01
   5.1000000e-02   1.1664673e-01
   5.2000000e-02   1.1587112e-01
   5.3000000e-02   1.1510202e-01
   5.4000000e-02   1.1433937e-01
   5.5000000e-02   1.1358310e-01
   5.6000000e-02   1.1283314e-01
   5.7000000e-02   1.1208945e-01
   5.8000000e-02   1.1135194e-01
   5.9000000e-02   1.1062056e-01
   6.0000000e-02   1.0989525e-01
   6.1000000e-02   1.0917594e-01
   6.2000000e-02   1.0846258e-01
   6.3000000e-02   1.0775510e-01
   6.4000000e-02   1.0705345e-01
   6.5000000e-02   1.0635757e-01
   6.6000000e-02   1.0566739e-01
   6.7000000e-02   1.0498287e-01
   6.8000000e-02   1.0430395e-01
   6.9000000e-02   1.0363056e-01
   7.0000000e-02   1.0296267e-01
   7.1000000e-02   1.0230020e-01
   7.2000000e-02   1.0164311e-01
   7.3000000e-02   1.0099135e-01
   7.4000000e-02   1.0034486e-01
   7.5000000e-02   9.9703584e-02
   7.6000000e-02   9.9067479e-02
   7.7000000e-02   9.8436492e-02
   7.8000000e-02   9.7810571e-02
   7.9000000e-02   9.7189667e-02
   8.0000000e-02   9.6573732e-02
   8.1000000e-02   9.5962716e-02
   8.2000000e-02   9.5356571e-02
   8.3000000e-02   9.4755250e-02
   8.4000000e-02   9.4158706e-02
   8.5000000e-02   9.3566893e-02
   8.6000000e-02   9.2979763e-02
   8.7000000e-02   9.2397273e-02
   8.8000000e-02   9.1819377e-02
   8.9000000e-02   9.1246030e-02
   9.0000000e-02   9.0677189e-02
   9.1000000e-02   9.0112811e-02
   9.2000000e-02   8.9552851e-02
   9.3000000e-02   8.8997269e-02
   9.4000000e-02   8.8446021e-02
   9.5000000e-02   8.7899067e-02
   9.6000000e-02   8.7356364e-02
   9.7000000e-02   8.6817874e-02
   9.8000000e-02   8.6283555e-02
   9.9000000e-02   8.5753368e-02
   1.0000000e-01   8.5227273e-02
   1.0100000e-01   8.4705231e-02
   1.0200000e-01   8.4187205e-02
   1.0300000e-01   8.3673156e-02
   1.0400000e-01   8.3163047e-02
   1.0500000e-01   8.2656840e-02
   1.0600000e-01   8.2154499e-02
   1.0700000e-01   8.1655987e-02
   1.0800000e-01   8.1161269e-02
   1.0900000e-01   8.0670308e-02
   1.1000000e-01   8.0183070e-02
   1.1100000e-01   7.9699519e-02
   1.1200000e-01   7.9219622e-02
   1.1300000e-01   7.8743345e-02
   1.1400000e-01   7.8270653e-02
   1.1500000e-01   7.7801514e-02
   1.1600000e-01   7.7335894e-02
   1.1700000e-01   7.6873761e-02
   1.1800000e-01   7.6415083e-02
   1.1900000e-01   7.5959827e-02
   1.2000000e-01   7.5507963e-02
   1.2100000e-01   7.5059458e-02
   1.2200000e-01   7.4614283e-02
   1.2300000e-01   7.4172407e-02
   1.2400000e-01   7.3733799e-02
   1.2500000e-01   7.3298429e-02
   1.2600000e-01   7.2866269e-02
   1.2700000e-01   7.2437288e-02
   1.2800000e-01   7.2011458e-02
   1.2900000e-01   7.1588751e-02
   1.3000000e-01   7.1169137e-02
   1.3100000e-01   7.0752589e-02
   1.3200000e-01   7.0339080e-02
   1.3300000e-01   6.9928581e-02
   1.3400000e-01   6.9521066e-02
   1.3500000e-01   6.9116507e-02
   1.3600000e-01   6.8714879e-02
   1.3700000e-01   6.8316155e-02
   1.3800000e-01   6.7920309e-02
   1.3900000e-01   6.7527314e-02
   1.4000000e-01   6.7137147e-02
   1.4100000e-01   6.6749781e-02
   1.4200000e-01   6.6365192e-02
   1.4300000e-01   6.5983355e-02
   1.4400000e-01   6.5604246e-02
   1.4500000e-01   6.5227840e-02
   1.4600000e-01   6.4854113e-02
   1.4700000e-01   6.4483043e-02
   1.4800000e-01   6.4114604e-02
   1.4900000e-01   6.3748776e-02
   1.5000000e-01   6.3385533e-02
   1.5100000e-01   6.3024855e-02
   1.5200000e-01   6.2666717e-02
   1.5300000e-01   6.2311099e-02
   1.5400000e-01   6.1957978e-02
   1.5500000e-01   6.1607332e-02
   1.5600000e-01   6.1259140e-02
   1.5700000e-01   6.0913380e-02
   1.5800000e-01   6.0570032e-02
   1.5900000e-01   6.0229074e-02
   1.6000000e-01   5.9890486e-02
   1.6100000e-01   5.9554247e-02
   1.6200000e-01   5.9220338e-02
   1.6300000e-01   5.8888738e-02
   1.6400000e-01   5.8559427e-02
   1.6500000e-01   5.8232386e-02
   1.6600000e-01   5.7907594e-02
   1.6700000e-01   5.7585034e-02
   1.6800000e-01   5.7264686e-02
   1.6900000e-01   5.6946531e-02
   1.7000000e-01   5.6630550e-02
   1.7100000e-01   5.6316726e-02
   1.7200000e-01   5.6005039e-02
   1.7300000e-01   5.5695471e-02
   1.7400000e-01   5.5388006e-02
   1.7500000e-01   5.5082624e-02
   1.7600000e-01   5.4779309e-02
   1.7700000e-01   5.4478042e-02
   1.7800000e-01   5.4178807e-02
   1.7900000e-01   5.3881588e-02
   1.8000000e-01   5.3586366e-02
   1.8100000e-01   5.3293125e-02
   1.8200000e-01   5.3001848e-02
   1.8300000e-01   5.2712520e-02
   1.8400000e-01   5.2425125e-02
   1.8500000e-01   5.2139645e-02
   1.8600000e-01   5.1856065e-02
   1.8700000e-01   5.1574369e-02
   1.8800000e-01   5.1294543e-02
   1.8900000e-01   5.1016570e-02
   1.9000000e-01   5.0740434e-02
   1.9100000e-01   5.0466122e-02
   1.9200000e-01   5.0193618e-02
   1.9300000e-01   4.9922907e-02
   1.9400000e-01   4.9653975e-02
   1.9500000e-01   4.9386806e-02
   1.9600000e-01   4.9121387e-02
   1.9700000e-01   4.8857703e-02
   1.9800000e-01   4.8595741e-02
   1.9900000e-01   4.8335485e-02
   2.0000000e-01   4.8076923e-02
   2.0100000e-01   4.7820041e-02
   2.0200000e-01   4.7564824e-02
   2.0300000e-01   4.7311260e-02
   2.0400000e-01   4.7059335e-02
   2.0500000e-01   4.6809037e-02
   2.0600000e-01   4.6560351e-02
   2.0700000e-01   4.6313265e-02
   2.0800000e-01   4.6067767e-02
   2.0900000e-01   4.5823843e-02
   2.1000000e-01   4.5581481e-02
   2.1100000e-01   4.5340669e-02
   2.1200000e-01   4.5101393e-02
   2.1300000e-01   4.4863643e-02
   2.1400000e-01   4.4627405e-02
   2.1500000e-01   4.4392669e-02
   2.1600000e-01   4.4159421e-02
   2.1700000e-01   4.3927650e-02
   2.1800000e-01   4.3697345e-02
   2.1900000e-01   4.3468494e-02
   2.2000000e-01   4.3241086e-02
   2.2100000e-01   4.3015108e-02
   2.2200000e-01   4.2790551e-02
   2.2300000e-01   4.2567403e-02
   2.2400000e-01   4.2345652e-02
   2.2500000e-01   4.2125289e-02
   2.2600000e-01   4.1906301e-02
   2.2700000e-01   4.1688680e-02
   2.2800000e-01   4.1472412e-02
   2.2900000e-01   4.1257490e-02
   2.3000000e-01   4.1043901e-02
   2.3100000e-01   4.0831636e-02
   2.3200000e-01   4.0620684e-02
   2.3300000e-01   4.0411036e-02
   2.3400000e-01   4.0202680e-02
   2.3500000e-01   3.9995608e-02
   2.3600000e-01   3.9789810e-02
   2.3700000e-01   3.9585275e-02
   2.3800000e-01   3.9381994e-02
   2.3900000e-01   3.9179958e-02
   2.4000000e-01   3.8979156e-02
   2.4100000e-01   3.8779581e-02
   2.4200000e-01   3.8581221e-02
   2.4300000e-01   3.8384068e-02
   2.4400000e-01   3.8188113e-02
   2.4500000e-01   3.7993347e-02
   2.4600000e-01   3.7799761e-02
   2.4700000e-01   3.7607346e-02
   2.4800000e-01   3.7416092e-02
   2.4900000e-01   3.7225992e-02
   2.5000000e-01   3.7037037e-02
   2.5100000e-01   3.6849218e-02
   2.5200000e-01   3.6662526e-02
   2.5300000e-01   3.6476953e-02
   2.5400000e-01   3.6292491e-02
   2.5500000e-01   3.6109132e-02
   2.5600000e-01   3.5926867e-02
   2.5700000e-01   3.5745688e-02
   2.5800000e-01   3.5565587e-02
   2.5900000e-01   3.5386556e-02
   2.6000000e-01   3.5208587e-02
   2.6100000e-01   3.5031673e-02
   2.6200000e-01   3.4855805e-02
   2.6300000e-01   3.4680975e-02
   2.6400000e-01   3.4507177e-02
   2.6500000e-01   3.4334403e-02
   2.6600000e-01   3.4162645e-02
   2.6700000e-01   3.3991895e-02
   2.6800000e-01   3.3822147e-02
   2.6900000e-01   3.3653392e-02
   2.7000000e-01   3.3485624e-02
   2.7100000e-01   3.3318836e-02
   2.7200000e-01   3.3153020e-02
   2.7300000e-01   3.2988169e-02
   2.7400000e-01   3.2824277e-02
   2.7500000e-01   3.2661336e-02
   2.7600000e-01   3.2499339e-02
   2.7700000e-01   3.2338280e-02
   2.7800000e-01   3.2178153e-02
   2.7900000e-01   3.2018949e-02
   2.8000000e-01   3.1860663e-02
   2.8100000e-01   3.1703288e-02
   2.8200000e-01   3.1546817e-02
   2.8300000e-01   3.1391244e-02
   2.8400000e-01   3.1236563e-02
   2.8500000e-01   3.1082767e-02
   2.8600000e-01   3.0929850e-02
   2.8700000e-01   3.0777806e-02
   2.8800000e-01   3.0626628e-02
   2.8900000e-01   3.0476310e-02
   2.9000000e-01   3.0326847e-02
   2.9100000e-01   3.0178231e-02
   2.9200000e-01   3.0030458e-02
   2.9300000e-01   2.9883521e-02
   2.9400000e-01   2.9737414e-02
   2.9500000e-01   2.9592132e-02
   2.9600000e-01   2.9447669e-02
   2.9700000e-01   2.9304018e-02
   2.9800000e-01   2.9161175e-02
   2.9900000e-01   2.9019133e-02
   3.0000000e-01   2.8877888e-02
   3.0100000e-01   2.8737433e-02
   3.0200000e-01   2.8597762e-02
   3.0300000e-01   2.8458872e-02
   3.0400000e-01   2.8320755e-02
   3.0500000e-01   2.8183407e-02
   3.0600000e-01   2.8046823e-02
   3.0700000e-01   2.7910996e-02
   3.0800000e-01   2.7775922e-02
   3.0900000e-01   2.7641597e-02
   3.1000000e-01   2.7508013e-02
   3.1100000e-01   2.7375167e-02
   3.1200000e-01   2.7243054e-02
   3.1300000e-01   2.7111667e-02
   3.1400000e-01   2.6981003e-02
   3.1500000e-01   2.6851057e-02
   3.1600000e-01   2.6721823e-02
   3.1700000e-01   2.6593297e-02
   3.1800000e-01   2.6465473e-02
   3.1900000e-01   2.6338348e-02
   3.2000000e-01   2.6211916e-02
   3.2100000e-01   2.6086172e-02
   3.2200000e-01   2.5961113e-02
   3.2300000e-01   2.5836732e-02
   3.2400000e-01   2.5713027e-02
   3.2500000e-01   2.5589991e-02
   3.2600000e-01   2.5467622e-02
   3.2700000e-01   2.5345913e-02
   3.2800000e-01   2.5224862e-02
   3.2900000e-01   2.5104462e-02
   3.3000000e-01   2.4984711e-02
   3.3100000e-01   2.4865603e-02
   3.3200000e-01   2.4747135e-02
   3.3300000e-01   2.4629301e-02
   3.3400000e-01   2.4512099e-02
   3.3500000e-01   2.4395523e-02
   3.3600000e-01   2.4279570e-02
   3.3700000e-01   2.4164235e-02
   3.3800000e-01   2.4049514e-02
   3.3900000e-01   2.3935403e-02
   3.4000000e-01   2.3821899e-02
   3.4100000e-01   2.3708997e-02
   3.4200000e-01   2.3596693e-02
   3.4300000e-01   2.3484983e-02
   3.4400000e-01   2.3373863e-02
   3.4500000e-01   2.3263330e-02
   3.4600000e-01   2.3153380e-02
   3.4700000e-01   2.3044008e-02
   3.4800000e-01   2.2935212e-02
   3.4900000e-01   2.2826987e-02
   3.5000000e-01   2.2719329e-02
   3.5100000e-01   2.2612235e-02
   3.5200000e-01   2.2505701e-02
   3.5300000e-01   2.2399724e-02
   3.5400000e-01   2.2294300e-02
   3.5500000e-01   2.2189425e-02
   3.5600000e-01   2.2085096e-02
   3.5700000e-01   2.1981310e-02
   3.5800000e-01   2.1878062e-02
   3.5900000e-01   2.1775349e-02
   3.6000000e-01   2.1673169e-02
   3.6100000e-01   2.1571516e-02
   3.6200000e-01   2.1470389e-02
   3.6300000e-01   2.1369784e-02
   3.6400000e-01   2.1269697e-02
   3.6500000e-01   2.1170124e-02
   3.6600000e-01   2.1071064e-02
   3.6700000e-01   2.0972512e-02
   3.6800000e-01   2.0874466e-02
   3.6900000e-01   2.0776921e-02
   3.7000000e-01   2.0679876e-02
   3.7100000e-01   2.0583326e-02
   3.7200000e-01   2.0487268e-02
   3.7300000e-01   2.0391700e-02
   3.7400000e-01   2.0296619e-02
   3.7500000e-01   2.0202020e-02
   3.7600000e-01   2.0107902e-02
   3.7700000e-01   2.0014261e-02
   3.7800000e-01   1.9921095e-02
   3.7900000e-01   1.9828399e-02
   3.8000000e-01   1.9736172e-02
   3.8100000e-01   1.9644410e-02
   3.8200000e-01   1.9553111e-02
   3.8300000e-01   1.9462271e-02
   3.8400000e-01   1.9371888e-02
   3.8500000e-01   1.9281959e-02
   3.8600000e-01   1.9192480e-02
   3.8700000e-01   1.9103450e-02
   3.8800000e-01   1.9014866e-02
   3.8900000e-01   1.8926724e-02
   3.9000000e-01   1.8839022e-02
   3.9100000e-01   1.8751757e-02
   3.9200000e-01   1.8664927e-02
   3.9300000e-01   1.8578529e-02
   3.9400000e-01   1.8492560e-02
   3.9500000e-01   1.8407017e-02
   3.9600000e-01   1.8321899e-02
   3.9700000e-01   1.8237201e-02
   3.9800000e-01   1.8152923e-02
   3.9900000e-01   1.8069060e-02
   4.0000000e-01   1.7985612e-02
   4.0100000e-01   1.7902574e-02
   4.0200000e-01   1.7819945e-02
   4.0300000e-01   1.7737722e-02
   4.0400000e-01   1.7655903e-02
   4.0500000e-01   1.7574485e-02
   4.0600000e-01   1.7493466e-02
   4.0700000e-01   1.7412843e-02
   4.0800000e-01   1.7332614e-02
   4.0900000e-01   1.7252776e-02
   4.1000000e-01   1.7173328e-02
   4.1100000e-01   1.7094267e-02
   4.1200000e-01   1.7015590e-02
   4.1300000e-01   1.6937296e-02
   4.1400000e-01   1.6859381e-02
   4.1500000e-01   1.6781845e-02
   4.1600000e-01   1.6704683e-02
   4.1700000e-01   1.6627895e-02
   4.1800000e-01   1.6551477e-02
   4.1900000e-01   1.6475429e-02
   4.2000000e-01   1.6399747e-02
   4.2100000e-01   1.6324429e-02
   4.2200000e-01   1.6249473e-02
   4.2300000e-01   1.6174878e-02
   4.2400000e-01   1.6100640e-02
   4.2500000e-01   1.6026758e-02
   4.2600000e-01   1.5953229e-02
   4.2700000e-01   1.5880053e-02
   4.2800000e-01   1.5807225e-02
   4.2900000e-01   1.5734745e-02
   4.3000000e-01   1.5662611e-02
   4.3100000e-01   1.5590820e-02
   4.3200000e-01   1.5519370e-02
   4.3300000e-01   1.5448259e-02
   4.3400000e-01   1.5377486e-02
   4.3500000e-01   1.5307049e-02
   4.3600000e-01   1.5236944e-02
   4.3700000e-01   1.5167171e-02
   4.3800000e-01   1.5097728e-02
   4.3900000e-01   1.5028612e-02
   4.4000000e-01   1.4959822e-02
   4.4100000e-01   1.4891356e-02
   4.4200000e-01   1.4823212e-02
   4.4300000e-01   1.4755387e-02
   4.4400000e-01   1.4687881e-02
   4.4500000e-01   1.4620692e-02
   4.4600000e-01   1.4553817e-02
   4.4700000e-01   1.4487254e-02
   4.4800000e-01   1.4421003e-02
   4.4900000e-01   1.4355061e-02
   4.5000000e-01   1.4289426e-02
   4.5100000e-01   1.4224097e-02
   4.5200000e-01   1.4159071e-02
   4.5300000e-01   1.4094348e-02
   4.5400000e-01   1.4029925e-02
   4.5500000e-01   1.3965800e-02
   4.5600000e-01   1.3901973e-02
   4.5700000e-01   1.3838441e-02
   4.5800000e-01   1.3775203e-02
   4.5900000e-01   1.3712256e-02
   4.6000000e-01   1.3649600e-02
   4.6100000e-01   1.3587232e-02
   4.6200000e-01   1.3525151e-02
   4.6300000e-01   1.3463356e-02
   4.6400000e-01   1.3401844e-02
   4.6500000e-01   1.3340615e-02
   4.6600000e-01   1.3279666e-02
   4.6700000e-01   1.3218996e-02
   4.6800000e-01   1.3158603e-02
   4.6900000e-01   1.3098486e-02
   4.7000000e-01   1.3038644e-02
   4.7100000e-01   1.2979074e-02
   4.7200000e-01   1.2919775e-02
   4.7300000e-01   1.2860746e-02
   4.7400000e-01   1.2801986e-02
   4.7500000e-01   1.2743492e-02
   4.7600000e-01   1.2685263e-02
   4.7700000e-01   1.2627298e-02
   4.7800000e-01   1.2569595e-02
   4.7900000e-01   1.2512153e-02
   4.8000000e-01   1.2454970e-02
   4.8100000e-01   1.2398046e-02
   4.8200000e-01   1.2341378e-02
   4.8300000e-01   1.2284964e-02
   4.8400000e-01   1.2228805e-02
   4.8500000e-01   1.2172898e-02
   4.8600000e-01   1.2117241e-02
   4.8700000e-01   1.2061834e-02
   4.8800000e-01   1.2006676e-02
   4.8900000e-01   1.1951764e-02
   4.9000000e-01   1.1897097e-02
   4.9100000e-01   1.1842675e-02
   4.9200000e-01   1.1788495e-02
   4.9300000e-01   1.1734556e-02
   4.9400000e-01   1.1680858e-02
   4.9500000e-01   1.1627398e-02
   4.9600000e-01   1.1574176e-02
   4.9700000e-01   1.1521190e-02
   4.9800000e-01   1.1468439e-02
   4.9900000e-01   1.1415922e-02
   5.0000000e-01   1.1363636e-02
   5.0100000e-01   1.1311582e-02
   5.0200000e-01   1.1259758e-02
   5.0300000e-01   1.1208162e-02
   5.0400000e-01   1.1156794e-02
   5.0500000e-01   1.1105652e-02
   5.0600000e-01   1.1054734e-02
   5.0700000e-01   1.1004041e-02
   5.0800000e-01   1.0953570e-02
   5.0900000e-01   1.0903320e-02
   5.1000000e-01   1.0853290e-02
   5.1100000e-01   1.0803479e-02
   5.1200000e-01   1.0753886e-02
   5.1300000e-01   1.0704510e-02
   5.1400000e-01   1.0655349e-02
   5.1500000e-01   1.0606402e-02
   5.1600000e-01   1.0557668e-02
   5.1700000e-01   1.0509147e-02
   5.1800000e-01   1.0460836e-02
   5.1900000e-01   1.0412735e-02
   5.2000000e-01   1.0364842e-02
   5.2100000e-01   1.0317158e-02
   5.2200000e-01   1.0269679e-02
   5.2300000e-01   1.0222406e-02
   5.2400000e-01   1.0175337e-02
   5.2500000e-01   1.0128472e-02
   5.2600000e-01   1.0081808e-02
   5.2700000e-01   1.0035346e-02
   5.2800000e-01   9.9890831e-03
   5.2900000e-01   9.9430195e-03
   5.3000000e-01   9.8971538e-03
   5.3100000e-01   9.8514850e-03
   5.3200000e-01   9.8060119e-03
   5.3300000e-01   9.7607337e-03
   5.3400000e-01   9.7156492e-03
   5.3500000e-01   9.6707575e-03
   5.3600000e-01   9.6260575e-03
   5.3700000e-01   9.5815483e-03
   5.3800000e-01   9.5372289e-03
   5.3900000e-01   9.4930982e-03
   5.4000000e-01   9.4491553e-03
   5.4100000e-01   9.4053993e-03
   5.4200000e-01   9.3618291e-03
   5.4300000e-01   9.3184437e-03
   5.4400000e-01   9.2752423e-03
   5.4500000e-01   9.2322239e-03
   5.4600000e-01   9.1893875e-03
   5.4700000e-01   9.1467322e-03
   5.4800000e-01   9.1042571e-03
   5.4900000e-01   9.0619612e-03
   5.5000000e-01   9.0198437e-03
   5.5100000e-01   8.9779035e-03
   5.5200000e-01   8.9361398e-03
   5.5300000e-01   8.8945517e-03
   5.5400000e-01   8.8531383e-03
   5.5500000e-01   8.8118986e-03
   5.5600000e-01   8.7708319e-03
   5.5700000e-01   8.7299372e-03
   5.5800000e-01   8.6892136e-03
   5.5900000e-01   8.6486604e-03
   5.6000000e-01   8.6082765e-03
   5.6100000e-01   8.5680611e-03
   5.6200000e-01   8.5280135e-03
   5.6300000e-01   8.4881327e-03
   5.6400000e-01   8.4484178e-03
   5.6500000e-01   8.4088682e-03
   5.6600000e-01   8.3694828e-03
   5.6700000e-01   8.3302609e-03
   5.6800000e-01   8.2912017e-03
   5.6900000e-01   8.2523044e-03
   5.7000000e-01   8.2135681e-03
   5.7100000e-01   8.1749919e-03
   5.7200000e-01   8.1365752e-03
   5.7300000e-01   8.0983171e-03
   5.7400000e-01   8.0602169e-03
   5.7500000e-01   8.0222736e-03
   5.7600000e-01   7.9844866e-03
   5.7700000e-01   7.9468550e-03
   5.7800000e-01   7.9093782e-03
   5.7900000e-01   7.8720552e-03
   5.8000000e-01   7.8348854e-03
   5.8100000e-01   7.7978679e-03
   5.8200000e-01   7.7610021e-03
   5.8300000e-01   7.7242872e-03
   5.8400000e-01   7.6877224e-03
   5.8500000e-01   7.6513069e-03
   5.8600000e-01   7.6150401e-03
   5.8700000e-01   7.5789212e-03
   5.8800000e-01   7.5429494e-03
   5.8900000e-01   7.5071241e-03
   5.9000000e-01   7.4714445e-03
   5.9100000e-01   7.4359099e-03
   5.9200000e-01   7.4005196e-03
   5.9300000e-01   7.3652729e-03
   5.9400000e-01   7.3301690e-03
   5.9500000e-01   7.2952073e-03
   5.9600000e-01   7.2603871e-03
   5.9700000e-01   7.2257077e-03
   5.9800000e-01   7.1911683e-03
   5.9900000e-01   7.1567684e-03
   6.0000000e-01   7.1225071e-03
   6.0100000e-01   7.0883839e-03
   6.0200000e-01   7.0543981e-03
   6.0300000e-01   7.0205490e-03
   6.0400000e-01   6.9868360e-03
   6.0500000e-01   6.9532583e-03
   6.0600000e-01   6.9198153e-03
   6.0700000e-01   6.8865064e-03
   6.0800000e-01   6.8533309e-03
   6.0900000e-01   6.8202882e-03
   6.1000000e-01   6.7873776e-03
   6.1100000e-01   6.7545985e-03
   6.1200000e-01   6.7219502e-03
   6.1300000e-01   6.6894322e-03
   6.1400000e-01   6.6570437e-03
   6.1500000e-01   6.6247843e-03
   6.1600000e-01   6.5926531e-03
   6.1700000e-01   6.5606498e-03
   6.1800000e-01   6.5287735e-03
   6.1900000e-01   6.4970237e-03
   6.2000000e-01   6.4653999e-03
   6.2100000e-01   6.4339014e-03
   6.2200000e-01   6.4025275e-03
   6.2300000e-01   6.3712778e-03
   6.2400000e-01   6.3401516e-03
   6.2500000e-01   6.3091483e-03
   6.2600000e-01   6.2782673e-03
   6.2700000e-01   6.2475081e-03
   6.2800000e-01   6.2168701e-03
   6.2900000e-01   6.1863527e-03
   6.3000000e-01   6.1559553e-03
   6.3100000e-01   6.1256774e-03
   6.3200000e-01   6.0955184e-03
   6.3300000e-01   6.0654777e-03
   6.3400000e-01   6.0355548e-03
   6.3500000e-01   6.0057491e-03
   6.3600000e-01   5.9760600e-03
   6.3700000e-01   5.9464871e-03
   6.3800000e-01   5.9170298e-03
   6.3900000e-01   5.8876875e-03
   6.4000000e-01   5.8584596e-03
   6.4100000e-01   5.8293457e-03
   6.4200000e-01   5.8003452e-03
   6.4300000e-01   5.7714576e-03
   6.4400000e-01   5.7426824e-03
   6.4500000e-01   5.7140190e-03
   6.4600000e-01   5.6854669e-03
   6.4700000e-01   5.6570255e-03
   6.4800000e-01   5.6286945e-03
   6.4900000e-01   5.6004732e-03
   6.5000000e-01   5.5723611e-03
   6.5100000e-01   5.5443578e-03
   6.5200000e-01   5.5164626e-03
   6.5300000e-01   5.4886753e-03
   6.5400000e-01   5.4609951e-03
   6.5500000e-01   5.4334217e-03
   6.5600000e-01   5.4059545e-03
   6.5700000e-01   5.3785930e-03
   6.5800000e-01   5.3513369e-03
   6.5900000e-01   5.3241854e-03
   6.6000000e-01   5.2971383e-03
   6.6100000e-01   5.2701950e-03
   6.6200000e-01   5.2433550e-03
   6.6300000e-01   5.2166178e-03
   6.6400000e-01   5.1899830e-03
   6.6500000e-01   5.1634502e-03
   6.6600000e-01   5.1370187e-03
   6.6700000e-01   5.1106883e-03
   6.6800000e-01   5.0844584e-03
   6.6900000e-01   5.0583285e-03
   6.7000000e-01   5.0322982e-03
   6.7100000e-01   5.0063671e-03
   6.7200000e-01   4.9805346e-03
   6.7300000e-01   4.9548004e-03
   6.7400000e-01   4.9291640e-03
   6.7500000e-01   4.9036249e-03
   6.7600000e-01   4.8781827e-03
   6.7700000e-01   4.8528370e-03
   6.7800000e-01   4.8275874e-03
   6.7900000e-01   4.8024333e-03
   6.8000000e-01   4.7773744e-03
   6.8100000e-01   4.7524102e-03
   6.8200000e-01   4.7275403e-03
   6.8300000e-01   4.7027642e-03
   6.8400000e-01   4.6780817e-03
   6.8500000e-01   4.6534921e-03
   6.8600000e-01   4.6289952e-03
   6.8700000e-01   4.6045904e-03
   6.8800000e-01   4.5802775e-03
   6.8900000e-01   4.5560559e-03
   6.9000000e-01   4.5319252e-03
   6.9100000e-01   4.5078851e-03
   6.9200000e-01   4.4839352e-03
   6.9300000e-01   4.4600749e-03
   6.9400000e-01   4.4363041e-03
   6.9500000e-01   4.4126221e-03
   6.9600000e-01   4.3890287e-03
   6.9700000e-01   4.3655235e-03
   6.9800000e-01   4.3421060e-03
   6.9900000e-01   4.3187758e-03
   7.0000000e-01   4.2955326e-03
   7.0100000e-01   4.2723761e-03
   7.0200000e-01   4.2493057e-03
   7.0300000e-01   4.2263211e-03
   7.0400000e-01   4.2034220e-03
   7.0500000e-01   4.1806079e-03
   7.0600000e-01   4.1578786e-03
   7.0700000e-01   4.1352335e-03
   7.0800000e-01   4.1126723e-03
   7.0900000e-01   4.0901948e-03
   7.1000000e-01   4.0678004e-03
   7.1100000e-01   4.0454889e-03
   7.1200000e-01   4.0232598e-03
   7.1300000e-01   4.0011128e-03
   7.1400000e-01   3.9790476e-03
   7.1500000e-01   3.9570638e-03
   7.1600000e-01   3.9351610e-03
   7.1700000e-01   3.9133388e-03
   7.1800000e-01   3.8915970e-03
   7.1900000e-01   3.8699351e-03
   7.2000000e-01   3.8483529e-03
   7.2100000e-01   3.8268499e-03
   7.2200000e-01   3.8054259e-03
   7.2300000e-01   3.7840804e-03
   7.2400000e-01   3.7628132e-03
   7.2500000e-01   3.7416239e-03
   7.2600000e-01   3.7205121e-03
   7.2700000e-01   3.6994775e-03
   7.2800000e-01   3.6785199e-03
   7.2900000e-01   3.6576388e-03
   7.3000000e-01   3.6368339e-03
   7.3100000e-01   3.6161048e-03
   7.3200000e-01   3.5954514e-03
   7.3300000e-01   3.5748732e-03
   7.3400000e-01   3.5543699e-03
   7.3500000e-01   3.5339412e-03
   7.3600000e-01   3.5135867e-03
   7.3700000e-01   3.4933062e-03
   7.3800000e-01   3.4730993e-03
   7.3900000e-01   3.4529658e-03
   7.4000000e-01   3.4329052e-03
   7.4100000e-01   3.4129173e-03
   7.4200000e-01   3.3930018e-03
   7.4300000e-01   3.3731583e-03
   7.4400000e-01   3.3533866e-03
   7.4500000e-01   3.3336863e-03
   7.4600000e-01   3.3140572e-03
   7.4700000e-01   3.2944989e-03
   7.4800000e-01   3.2750111e-03
   7.4900000e-01   3.2555936e-03
   7.5000000e-01   3.2362460e-03
   7.5100000e-01   3.2169680e-03
   7.5200000e-01   3.1977593e-03
   7.5300000e-01   3.1786197e-03
   7.5400000e-01   3.1595489e-03
   7.5500000e-01   3.1405465e-03
   7.5600000e-01   3.1216123e-03
   7.5700000e-01   3.1027459e-03
   7.5800000e-01   3.0839472e-03
   7.5900000e-01   3.0652157e-03
   7.6000000e-01   3.0465513e-03
   7.6100000e-01   3.0279536e-03
   7.6200000e-01   3.0094224e-03
   7.6300000e-01   2.9909573e-03
   7.6400000e-01   2.9725581e-03
   7.6500000e-01   2.9542246e-03
   7.6600000e-01   2.9359564e-03
   7.6700000e-01   2.9177533e-03
   7.6800000e-01   2.8996149e-03
   7.6900000e-01   2.8815411e-03
   7.7000000e-01   2.8635316e-03
   7.7100000e-01   2.8455860e-03
   7.7200000e-01   2.8277041e-03
   7.7300000e-01   2.8098857e-03
   7.7400000e-01   2.7921305e-03
   7.7500000e-01   2.7744382e-03
   7.7600000e-01   2.7568085e-03
   7.7700000e-01   2.7392413e-03
   7.7800000e-01   2.7217362e-03
   7.7900000e-01   2.7042929e-03
   7.8000000e-01   2.6869113e-03
   7.8100000e-01   2.6695911e-03
   7.8200000e-01   2.6523319e-03
   7.8300000e-01   2.6351337e-03
   7.8400000e-01   2.6179960e-03
   7.8500000e-01   2.6009187e-03
   7.8600000e-01   2.5839015e-03
   7.8700000e-01   2.5669441e-03
   7.8800000e-01   2.5500463e-03
   7.8900000e-01   2.5332080e-03
   7.9000000e-01   2.5164287e-03
   7.9100000e-01   2.4997083e-03
   7.9200000e-01   2.4830465e-03
   7.9300000e-01   2.4664431e-03
   7.9400000e-01   2.4498979e-03
   7.9500000e-01   2.4334106e-03
   7.9600000e-01   2.4169810e-03
   7.9700000e-01   2.4006088e-03
   7.9800000e-01   2.3842938e-03
   7.9900000e-01   2.3680357e-03
   8.0000000e-01   2.3518344e-03
   8.0100000e-01   2.3356896e-03
   8.0200000e-01   2.3196011e-03
   8.0300000e-01   2.3035686e-03
   8.0400000e-01   2.2875920e-03
   8.0500000e-01   2.2716709e-03
   8.0600000e-01   2.2558051e-03
   8.0700000e-01   2.2399945e-03
   8.0800000e-01   2.2242389e-03
   8.0900000e-01   2.2085379e-03
   8.1000000e-01   2.1928913e-03
   8.1100000e-01   2.1772991e-03
   8.1200000e-01   2.1617608e-03
   8.1300000e-01   2.1462763e-03
   8.1400000e-01   2.1308455e-03
   8.1500000e-01   2.1154680e-03
   8.1600000e-01   2.1001436e-03
   8.1700000e-01   2.0848722e-03
   8.1800000e-01   2.0696535e-03
   8.1900000e-01   2.0544874e-03
   8.2000000e-01   2.0393735e-03
   8.2100000e-01   2.0243117e-03
   8.2200000e-01   2.0093018e-03
   8.2300000e-01   1.9943436e-03
   8.2400000e-01   1.9794369e-03
   8.2500000e-01   1.9645814e-03
   8.2600000e-01   1.9497770e-03
   8.2700000e-01   1.9350234e-03
   8.2800000e-01   1.9203205e-03
   8.2900000e-01   1.9056680e-03
   8.3000000e-01   1.8910657e-03
   8.3100000e-01   1.8765135e-03
   8.3200000e-01   1.8620111e-03
   8.3300000e-01   1.8475584e-03
   8.3400000e-01   1.8331551e-03
   8.3500000e-01   1.8188011e-03
   8.3600000e-01   1.8044961e-03
   8.3700000e-01   1.7902400e-03
   8.3800000e-01   1.7760326e-03
   8.3900000e-01   1.7618736e-03
   8.4000000e-01   1.7477629e-03
   8.4100000e-01   1.7337002e-03
   8.4200000e-01   1.7196855e-03
   8.4300000e-01   1.7057185e-03
   8.4400000e-01   1.6917990e-03
   8.4500000e-01   1.6779268e-03
   8.4600000e-01   1.6641018e-03
   8.4700000e-01   1.6503237e-03
   8.4800000e-01   1.6365924e-03
   8.4900000e-01   1.6229077e-03
   8.5000000e-01   1.6092694e-03
   8.5100000e-01   1.5956773e-03
   8.5200000e-01   1.5821313e-03
   8.5300000e-01   1.5686311e-03
   8.5400000e-01   1.5551766e-03
   8.5500000e-01   1.5417675e-03
   8.5600000e-01   1.5284039e-03
   8.5700000e-01   1.5150853e-03
   8.5800000e-01   1.5018117e-03
   8.5900000e-01   1.4885829e-03
   8.6000000e-01   1.4753988e-03
   8.6100000e-01   1.4622591e-03
   8.6200000e-01   1.4491636e-03
   8.6300000e-01   1.4361122e-03
   8.6400000e-01   1.4231048e-03
   8.6500000e-01   1.4101411e-03
   8.6600000e-01   1.3972210e-03
   8.6700000e-01   1.3843443e-03
   8.6800000e-01   1.3715109e-03
   8.6900000e-01   1.3587205e-03
   8.7000000e-01   1.3459731e-03
   8.7100000e-01   1.3332683e-03
   8.7200000e-01   1.3206062e-03
   8.7300000e-01   1.3079865e-03
   8.7400000e-01   1.2954090e-03
   8.7500000e-01   1.2828736e-03
   8.7600000e-01   1.2703802e-03
   8.7700000e-01   1.2579285e-03
   8.7800000e-01   1.2455184e-03
   8.7900000e-01   1.2331497e-03
   8.8000000e-01   1.2208223e-03
   8.8100000e-01   1.2085361e-03
   8.8200000e-01   1.1962908e-03
   8.8300000e-01   1.1840863e-03
   8.8400000e-01   1.1719225e-03
   8.8500000e-01   1.1597991e-03
   8.8600000e-01   1.1477161e-03
   8.8700000e-01   1.1356733e-03
   8.8800000e-01   1.1236705e-03
   8.8900000e-01   1.1117076e-03
   8.9000000e-01   1.0997844e-03
   8.9100000e-01   1.0879008e-03
   8.9200000e-01   1.0760566e-03
   8.9300000e-01   1.0642517e-03
   8.9400000e-01   1.0524859e-03
   8.9500000e-01   1.0407591e-03
   8.9600000e-01   1.0290711e-03
   8.9700000e-01   1.0174218e-03
   8.9800000e-01   1.0058110e-03
   8.9900000e-01   9.9423857e-04
   9.0000000e-01   9.8270440e-04
   9.0100000e-01   9.7120832e-04
   9.0200000e-01   9.5975019e-04
   9.0300000e-01   9.4832987e-04
   9.0400000e-01   9.3694720e-04
   9.0500000e-01   9.2560206e-04
   9.0600000e-01   9.1429429e-04
   9.0700000e-01   9.0302375e-04
   9.0800000e-01   8.9179032e-04
   9.0900000e-01   8.8059384e-04
   9.1000000e-01   8.6943417e-04
   9.1100000e-01   8.5831119e-04
   9.1200000e-01   8.4722474e-04
   9.1300000e-01   8.3617469e-04
   9.1400000e-01   8.2516091e-04
   9.1500000e-01   8.1418326e-04
   9.1600000e-01   8.0324161e-04
   9.1700000e-01   7.9233581e-04
   9.1800000e-01   7.8146574e-04
   9.1900000e-01   7.7063125e-04
   9.2000000e-01   7.5983223e-04
   9.2100000e-01   7.4906853e-04
   9.2200000e-01   7.3834002e-04
   9.2300000e-01   7.2764657e-04
   9.2400000e-01   7.1698806e-04
   9.2500000e-01   7.0636434e-04
   9.2600000e-01   6.9577530e-04
   9.2700000e-01   6.8522079e-04
   9.2800000e-01   6.7470070e-04
   9.2900000e-01   6.6421490e-04
   9.3000000e-01   6.5376325e-04
   9.3100000e-01   6.4334563e-04
   9.3200000e-01   6.3296192e-04
   9.3300000e-01   6.2261198e-04
   9.3400000e-01   6.1229570e-04
   9.3500000e-01   6.0201295e-04
   9.3600000e-01   5.9176360e-04
   9.3700000e-01   5.8154753e-04
   9.3800000e-01   5.7136462e-04
   9.3900000e-01   5.6121475e-04
   9.4000000e-01   5.5109779e-04
   9.4100000e-01   5.4101362e-04
   9.4200000e-01   5.3096212e-04
   9.4300000e-01   5.2094318e-04
   9.4400000e-01   5.1095666e-04
   9.4500000e-01   5.0100246e-04
   9.4600000e-01   4.9108045e-04
   9.4700000e-01   4.8119052e-04
   9.4800000e-01   4.7133254e-04
   9.4900000e-01   4.6150640e-04
   9.5000000e-01   4.5171199e-04
   9.5100000e-01   4.4194918e-04
   9.5200000e-01   4.3221787e-04
   9.5300000e-01   4.2251793e-04
   9.5400000e-01   4.1284925e-04
   9.5500000e-01   4.0321172e-04
   9.5600000e-01   3.9360522e-04
   9.5700000e-01   3.8402964e-04
   9.5800000e-01   3.7448487e-04
   9.5900000e-01   3.6497079e-04
   9.6000000e-01   3.5548730e-04
   9.6100000e-01   3.4603428e-04
   9.6200000e-01   3.3661162e-04
   9.6300000e-01   3.2721922e-04
   9.6400000e-01   3.1785695e-04
   9.6500000e-01   3.0852471e-04
   9.6600000e-01   2.9922240e-04
   9.6700000e-01   2.8994990e-04
   9.6800000e-01   2.8070711e-04
   9.6900000e-01   2.7149392e-04
   9.7000000e-01   2.6231022e-04
   9.7100000e-01   2.5315590e-04
   9.7200000e-01   2.4403087e-04
   9.7300000e-01   2.3493500e-04
   9.7400000e-01   2.2586821e-04
   9.7500000e-01   2.1683037e-04
   9.7600000e-01   2.0782140e-04
   9.7700000e-01   1.9884118e-04
   9.7800000e-01   1.8988961e-04
   9.7900000e-01   1.8096660e-04
   9.8000000e-01   1.7207202e-04
   9.8100000e-01   1.6320579e-04
   9.8200000e-01   1.5436781e-04
   9.8300000e-01   1.4555796e-04
   9.8400000e-01   1.3677615e-04
   9.8500000e-01   1.2802229e-04
   9.8600000e-01   1.1929626e-04
   9.8700000e-01   1.1059797e-04
   9.8800000e-01   1.0192732e-04
   9.8900000e-01   9.3284218e-05
   9.9000000e-01   8.4668556e-05
   9.9100000e-01   7.6080241e-05
   9.9200000e-01   6.7519173e-05
   9.9300000e-01   5.8985256e-05
   9.9400000e-01   5.0478394e-05
   9.9500000e-01   4.1998490e-05
   9.9600000e-01   3.3545448e-05
   9.9700000e-01   2.5119173e-05
   9.9800000e-01   1.6719570e-05
   9.9900000e-01   8.3465434e-06
   1.0000000e+00   0.0000000e+00
