   0.0000000e+00   2.5000000e-01
   1.0000000e-03   2.4912656e-01
   2.0000000e-03   2.4825624e-01
   3.0000000e-03   2.4738902e-01
   4.0000000e-03   2.4652489e-01
   5.0000000e-03   2.4566385e-01
   6.0000000e-03   2.4480588e-01
   7.0000000e-03   2.4395097e-01
   8.0000000e-03   2.4309912e-01
   9.0000000e-03   2.4225031e-01
   1.0000000e-02   2.4140454e-01
   1.1000000e-02   2.4056178e-01
   1.2000000e-02   2.3972204e-01
   1.3000000e-02   2.3888530e-01
   1.4000000e-02   2.3805155e-01
   1.5000000e-02   2.3722078e-01
   1.6000000e-02   2.3639299e-01
   1.7000000e-02   2.3556816e-01
   1.8000000e-02   2.3474627e-01
   1.9000000e-02   2.3392733e-01
   2.0000000e-02   2.3311132e-01
   2.1000000e-02   2.3229823e-01
   2.2000000e-02   2.3148806e-01
   2.3000000e-02   2.3068078e-01
   2.4000000e-02   2.2987639e-01
   2.5000000e-02   2.2907489e-01
   2.6000000e-02   2.2827626e-01
   2.7000000e-02   2.2748048e-01
   2.8000000e-02   2.2668756e-01
   2.9000000e-02   2.2589748e-01
   3.0000000e-02   2.2511023e-01
   3.1000000e-02   2.2432581e-01
   3.2000000e-02   2.2354419e-01
   3.3000000e-02   2.2276538e-01
   3.4000000e-02   2.2198936e-01
   3.5000000e-02   2.2121612e-01
   3.6000000e-02   2.2044565e-01
   3.7000000e-02   2.1967794e-01
   3.8000000e-02   2.1891299e-01
   3.9000000e-02   2.1815078e-01
   4.0000000e-02   2.1739130e-01
   4.1000000e-02   2.1663455e-01
   4.2000000e-02   2.1588051e-01
   4.3000000e-02   2.1512918e-01
   4.4000000e-02   2.1438054e-01
   4.5000000e-02   2.1363458e-01
   4.6000000e-02   2.1289130e-01
   4.7000000e-02   2.1215069e-01
   4.8000000e-02   2.1141273e-01
   4.9000000e-02   2.1067742e-01
   5.0000000e-02   2.0994475e-01
   5.1000000e-02   2.0921471e-01
   5.2000000e-02   2.0848728e-01
   5.3000000e-02   2.0776246e-01
   5.4000000e-02   2.0704024e-01
   5.5000000e-02   2.0632062e-01
   5.6000000e-02   2.0560357e-01
   5.7000000e-02   2.0488909e-01
   5.8000000e-02   2.0417718e-01
   5.9000000e-02   2.0346782e-01
   6.0000000e-02   2.0276100e-01
   6.1000000e-02   2.0205672e-01
   6.2000000e-02   2.0135496e-01
   6.3000000e-02   2.0065572e-01
   6.4000000e-02   1.9995898e-01
   6.5000000e-02   1.9926475e-01
   6.6000000e-02   1.9857300e-01
   6.7000000e-02   1.9788373e-01
   6.8000000e-02   1.9719693e-01
   6.9000000e-02   1.9651259e-01
   7.0000000e-02   1.9583070e-01
   7.1000000e-02   1.9515126e-01
   7.2000000e-02   1.9447425e-01
   7.3000000e-02   1.9379967e-01
   7.4000000e-02   1.9312750e-01
   7.5000000e-02   1.9245774e-01
   7.6000000e-02   1.9179038e-01
   7.7000000e-02   1.9112540e-01
   7.8000000e-02   1.9046281e-01
   7.9000000e-02   1.8980259e-01
   8.0000000e-02   1.8914474e-01
   8.1000000e-02   1.8848924e-01
   8.2000000e-02   1.8783608e-01
   8.3000000e-02   1.8718526e-01
   8.4000000e-02   1.8653677e-01
   8.5000000e-02   1.8589060e-01
   8.6000000e-02   1.8524674e-01
   8.7000000e-02   1.8460518e-01
   8.8000000e-02   1.8396592e-01
   8.9000000e-02   1.8332894e-01
   9.0000000e-02   1.8269424e-01
   9.1000000e-02   1.8206180e-01
   9.2000000e-02   1.8143163e-01
   9.3000000e-02   1.8080371e-01
   9.4000000e-02   1.8017803e-01
   9.5000000e-02   1.7955459e-01
   9.6000000e-02   1.7893337e-01
   9.7000000e-02   1.7831437e-01
   9.8000000e-02   1.7769758e-01
   9.9000000e-02   1.7708299e-01
   1.0000000e-01   1.7647059e-01
   1.0100000e-01   1.7586038e-01
   1.0200000e-01   1.7525234e-01
   1.0300000e-01   1.7464647e-01
   1.0400000e-01   1.7404276e-01
   1.0500000e-01   1.7344121e-01
   1.0600000e-01   1.7284180e-01
   1.0700000e-01   1.7224452e-01
   1.0800000e-01   1.7164937e-01
   1.0900000e-01   1.7105634e-01
   1.1000000e-01   1.7046543e-01
   1.1100000e-01   1.6987661e-01
   1.1200000e-01   1.6928990e-01
   1.1300000e-01   1.6870527e-01
   1.1400000e-01   1.6812272e-01
   1.1500000e-01   1.6754224e-01
   1.1600000e-01   1.6696383e-01
   1.1700000e-01   1.6638747e-01
   1.1800000e-01   1.6581316e-01
   1.1900000e-01   1.6524089e-01
   1.2000000e-01   1.6467066e-01
   1.2100000e-01   1.6410245e-01
   1.2200000e-01   1.6353626e-01
   1.2300000e-01   1.6297208e-01
   1.2400000e-01   1.6240990e-01
   1.2500000e-01   1.6184971e-01
   1.2600000e-01   1.6129151e-01
   1.2700000e-01   1.6073529e-01
   1.2800000e-01   1.6018105e-01
   1.2900000e-01   1.5962877e-01
   1.3000000e-01   1.5907844e-01
   1.3100000e-01   1.5853007e-01
   1.3200000e-01   1.5798363e-01
   1.3300000e-01   1.5743914e-01
   1.3400000e-01   1.5689656e-01
   1.3500000e-01   1.5635591e-01
   1.3600000e-01   1.5581717e-01
   1.3700000e-01   1.5528034e-01
   1.3800000e-01   1.5474541e-01
   1.3900000e-01   1.5421236e-01
   1.4000000e-01   1.5368120e-01
   1.4100000e-01   1.5315192e-01
   1.4200000e-01   1.5262450e-01
   1.4300000e-01   1.5209895e-01
   1.4400000e-01   1.5157525e-01
   1.4500000e-01   1.5105340e-01
   1.4600000e-01   1.5053339e-01
   1.4700000e-01   1.5001521e-01
   1.4800000e-01   1.4949886e-01
   1.4900000e-01   1.4898433e-01
   1.5000000e-01   1.4847162e-01
   1.5100000e-01   1.4796070e-01
   1.5200000e-01   1.4745159e-01
   1.5300000e-01   1.4694427e-01
   1.5400000e-01   1.4643873e-01
   1.5500000e-01   1.4593498e-01
   1.5600000e-01   1.4543299e-01
   1.5700000e-01   1.4493277e-01
   1.5800000e-01   1.4443430e-01
   1.5900000e-01   1.4393759e-01
   1.6000000e-01   1.4344262e-01
   1.6100000e-01   1.4294939e-01
   1.6200000e-01   1.4245789e-01
   1.6300000e-01   1.4196812e-01
   1.6400000e-01   1.4148006e-01
   1.6500000e-01   1.4099371e-01
   1.6600000e-01   1.4050907e-01
   1.6700000e-01   1.4002612e-01
   1.6800000e-01   1.3954487e-01
   1.6900000e-01   1.3906530e-01
   1.7000000e-01   1.3858741e-01
   1.7100000e-01   1.3811119e-01
   1.7200000e-01   1.3763664e-01
   1.7300000e-01   1.3716375e-01
   1.7400000e-01   1.3669250e-01
   1.7500000e-01   1.3622291e-01
   1.7600000e-01   1.3575496e-01
   1.7700000e-01   1.3528863e-01
   1.7800000e-01   1.3482394e-01
   1.7900000e-01   1.3436087e-01
   1.8000000e-01   1.3389941e-01
   1.8100000e-01   1.3343956e-01
   1.8200000e-01   1.3298132e-01
   1.8300000e-01   1.3252467e-01
   1.8400000e-01   1.3206961e-01
   1.8500000e-01   1.3161613e-01
   1.8600000e-01   1.3116424e-01
   1.8700000e-01   1.3071391e-01
   1.8800000e-01   1.3026515e-01
   1.8900000e-01   1.2981795e-01
   1.9000000e-01   1.2937230e-01
   1.9100000e-01   1.2892821e-01
   1.9200000e-01   1.2848565e-01
   1.9300000e-01   1.2804463e-01
   1.9400000e-01   1.2760514e-01
   1.9500000e-01   1.2716717e-01
   1.9600000e-01   1.2673073e-01
   1.9700000e-01   1.2629579e-01
   1.9800000e-01   1.2586236e-01
   1.9900000e-01   1.2543043e-01
   2.0000000e-01   1.2500000e-01
   2.0100000e-01   1.2457106e-01
   2.0200000e-01   1.2414360e-01
   2.0300000e-01   1.2371761e-01
   2.0400000e-01   1.2329310e-01
   2.0500000e-01   1.2287006e-01
   2.0600000e-01   1.2244848e-01
   2.0700000e-01   1.2202835e-01
   2.0800000e-01   1.2160967e-01
   2.0900000e-01   1.2119244e-01
   2.1000000e-01   1.2077664e-01
   2.1100000e-01   1.2036228e-01
   2.1200000e-01   1.1994934e-01
   2.1300000e-01   1.1953783e-01
   2.1400000e-01   1.1912773e-01
   2.1500000e-01   1.1871904e-01
   2.1600000e-01   1.1831176e-01
   2.1700000e-01   1.1790588e-01
   2.1800000e-01   1.1750140e-01
   2.1900000e-01   1.1709830e-01
   2.2000000e-01   1.1669659e-01
   2.2100000e-01   1.1629626e-01
   2.2200000e-01   1.1589730e-01
   2.2300000e-01   1.1549970e-01
   2.2400000e-01   1.1510347e-01
   2.2500000e-01   1.1470860e-01
   2.2600000e-01   1.1431508e-01
   2.2700000e-01   1.1392291e-01
   2.2800000e-01   1.1353208e-01
   2.2900000e-01   1.1314259e-01
   2.3000000e-01   1.1275443e-01
   2.3100000e-01   1.1236760e-01
   2.3200000e-01   1.1198208e-01
   2.3300000e-01   1.1159789e-01
   2.3400000e-01   1.1121500e-01
   2.3500000e-01   1.1083342e-01
   2.3600000e-01   1.1045315e-01
   2.3700000e-01   1.1007417e-01
   2.3800000e-01   1.0969648e-01
   2.3900000e-01   1.0932008e-01
   2.4000000e-01   1.0894495e-01
   2.4100000e-01   1.0857111e-01
   2.4200000e-01   1.0819854e-01
   2.4300000e-01   1.0782723e-01
   2.4400000e-01   1.0745719e-01
   2.4500000e-01   1.0708840e-01
   2.4600000e-01   1.0672087e-01
   2.4700000e-01   1.0635458e-01
   2.4800000e-01   1.0598954e-01
   2.4900000e-01   1.0562573e-01
   2.5000000e-01   1.0526316e-01
   2.5100000e-01   1.0490181e-01
   2.5200000e-01   1.0454169e-01
   2.5300000e-01   1.0418279e-01
   2.5400000e-01   1.0382511e-01
   2.5500000e-01   1.0346863e-01
   2.5600000e-01   1.0311336e-01
   2.5700000e-01   1.0275929e-01
   2.5800000e-01   1.0240641e-01
   2.5900000e-01   1.0205473e-01
   2.6000000e-01   1.0170423e-01
   2.6100000e-01   1.0135492e-01
   2.6200000e-01   1.0100678e-01
   2.6300000e-01   1.0065982e-01
   2.6400000e-01   1.0031403e-01
   2.6500000e-01   9.9969397e-02
   2.6600000e-01   9.9625928e-02
   2.6700000e-01   9.9283614e-02
   2.6800000e-01   9.8942451e-02
   2.6900000e-01   9.8602435e-02
   2.7000000e-01   9.8263562e-02
   2.7100000e-01   9.7925826e-02
   2.7200000e-01   9.7589224e-02
   2.7300000e-01   9.7253752e-02
   2.7400000e-01   9.6919405e-02
   2.7500000e-01   9.6586178e-02
   2.7600000e-01   9.6254068e-02
   2.7700000e-01   9.5923070e-02
   2.7800000e-01   9.5593181e-02
   2.7900000e-01   9.5264395e-02
   2.8000000e-01   9.4936709e-02
   2.8100000e-01   9.4610118e-02
   2.8200000e-01   9.4284619e-02
   2.8300000e-01   9.3960206e-02
   2.8400000e-01   9.3636877e-02
   2.8500000e-01   9.3314627e-02
   2.8600000e-01   9.2993451e-02
   2.8700000e-01   9.2673347e-02
   2.8800000e-01   9.2354308e-02
   2.8900000e-01   9.2036333e-02
   2.9000000e-01   9.1719416e-02
   2.9100000e-01   9.1403554e-02
   2.9200000e-01   9.1088742e-02
   2.9300000e-01   9.0774977e-02
   2.9400000e-01   9.0462254e-02
   2.9500000e-01   9.0150571e-02
   2.9600000e-01   8.9839922e-02
   2.9700000e-01   8.9530303e-02
   2.9800000e-01   8.9221712e-02
   2.9900000e-01   8.8914144e-02
   3.0000000e-01   8.8607595e-02
   3.0100000e-01   8.8302061e-02
   3.0200000e-01   8.7997539e-02
   3.0300000e-01   8.7694025e-02
   3.0400000e-01   8.7391514e-02
   3.0500000e-01   8.7090003e-02
   3.0600000e-01   8.6789489e-02
   3.0700000e-01   8.6489968e-02
   3.0800000e-01   8.6191435e-02
   3.0900000e-01   8.5893887e-02
   3.1000000e-01   8.5597320e-02
   3.1100000e-01   8.5301732e-02
   3.1200000e-01   8.5007117e-02
   3.1300000e-01   8.4713472e-02
   3.1400000e-01   8.4420795e-02
   3.1500000e-01   8.4129080e-02
   3.1600000e-01   8.3838324e-02
   3.1700000e-01   8.3548525e-02
   3.1800000e-01   8.3259677e-02
   3.1900000e-01   8.2971779e-02
   3.2000000e-01   8.2684825e-02
   3.2100000e-01   8.2398813e-02
   3.2200000e-01   8.2113738e-02
   3.2300000e-01   8.1829599e-02
   3.2400000e-01   8.1546390e-02
   3.2500000e-01   8.1264108e-02
   3.2600000e-01   8.0982751e-02
   3.2700000e-01   8.0702314e-02
   3.2800000e-01   8.0422794e-02
   3.2900000e-01   8.0144188e-02
   3.3000000e-01   7.9866492e-02
   3.3100000e-01   7.9589703e-02
   3.3200000e-01   7.9313817e-02
   3.3300000e-01   7.9038831e-02
   3.3400000e-01   7.8764742e-02
   3.3500000e-01   7.8491546e-02
   3.3600000e-01   7.8219240e-02
   3.3700000e-01   7.7947821e-02
   3.3800000e-01   7.7677285e-02
   3.3900000e-01   7.7407629e-02
   3.4000000e-01   7.7138850e-02
   3.4100000e-01   7.6870944e-02
   3.4200000e-01   7.6603909e-02
   3.4300000e-01   7.6337740e-02
   3.4400000e-01   7.6072436e-02
   3.4500000e-01   7.5807992e-02
   3.4600000e-01   7.5544405e-02
   3.4700000e-01   7.5281672e-02
   3.4800000e-01   7.5019790e-02
   3.4900000e-01   7.4758757e-02
   3.5000000e-01   7.4498567e-02
   3.5100000e-01   7.4239220e-02
   3.5200000e-01   7.3980710e-02
   3.5300000e-01   7.3723036e-02
   3.5400000e-01   7.3466194e-02
   3.5500000e-01   7.3210181e-02
   3.5600000e-01   7.2954994e-02
   3.5700000e-01   7.2700631e-02
   3.5800000e-01   7.2447087e-02
   3.5900000e-01   7.2194359e-02
   3.6000000e-01   7.1942446e-02
   3.6100000e-01   7.1691344e-02
   3.6200000e-01   7.1441049e-02
   3.6300000e-01   7.1191559e-02
   3.6400000e-01   7.0942871e-02
   3.6500000e-01   7.0694982e-02
   3.6600000e-01   7.0447889e-02
   3.6700000e-01   7.0201588e-02
   3.6800000e-01   6.9956078e-02
   3.6900000e-01   6.9711355e-02
   3.7000000e-01   6.9467416e-02
   3.7100000e-01   6.9224259e-02
   3.7200000e-01   6.8981880e-02
   3.7300000e-01   6.8740277e-02
   3.7400000e-01   6.8499446e-02
   3.7500000e-01   6.8259386e-02
   3.7600000e-01   6.8020092e-02
   3.7700000e-01   6.7781563e-02
   3.7800000e-01   6.7543795e-02
   3.7900000e-01   6.7306786e-02
   3.8000000e-01   6.7070532e-02
   3.8100000e-01   6.6835032e-02
   3.8200000e-01   6.6600282e-02
   3.8300000e-01   6.6366279e-02
   3.8400000e-01   6.6133022e-02
   3.8500000e-01   6.5900506e-02
   3.8600000e-01   6.5668730e-02
   3.8700000e-01   6.5437691e-02
   3.8800000e-01   6.5207385e-02
   3.8900000e-01   6.4977811e-02
   3.9000000e-01   6.4748965e-02
   3.9100000e-01   6.4520845e-02
   3.9200000e-01   6.4293449e-02
   3.9300000e-01   6.4066773e-02
   3.9400000e-01   6.3840815e-02
   3.9500000e-01   6.3615573e-02
   3.9600000e-01   6.3391043e-02
   3.9700000e-01   6.3167223e-02
   3.9800000e-01   6.2944111e-02
   3.9900000e-01   6.2721705e-02
   4.0000000e-01   6.2500000e-02
   4.0100000e-01   6.2278995e-02
   4.0200000e-01   6.2058688e-02
   4.0300000e-01   6.1839075e-02
   4.0400000e-01   6.1620155e-02
   4.0500000e-01   6.1401925e-02
   4.0600000e-01   6.1184381e-02
   4.0700000e-01   6.0967523e-02
   4.0800000e-01   6.0751346e-02
   4.0900000e-01   6.0535850e-02
   4.1000000e-01   6.0321031e-02
   4.1100000e-01   6.0106886e-02
   4.1200000e-01   5.9893414e-02
   4.1300000e-01   5.9680612e-02
   4.1400000e-01   5.9468478e-02
   4.1500000e-01   5.9257008e-02
   4.1600000e-01   5.9046202e-02
   4.1700000e-01   5.8836055e-02
   4.1800000e-01   5.8626567e-02
   4.1900000e-01   5.8417734e-02
   4.2000000e-01   5.8209554e-02
   4.2100000e-01   5.8002026e-02
   4.2200000e-01   5.7795145e-02
   4.2300000e-01   5.7588911e-02
   4.2400000e-01   5.7383321e-02
   4.2500000e-01   5.7178372e-02
   4.2600000e-01   5.6974062e-02
   4.2700000e-01   5.6770389e-02
   4.2800000e-01   5.6567351e-02
   4.2900000e-01   5.6364945e-02
   4.3000000e-01   5.6163169e-02
   4.3100000e-01   5.5962021e-02
   4.3200000e-01   5.5761498e-02
   4.3300000e-01   5.5561598e-02
   4.3400000e-01   5.5362320e-02
   4.3500000e-01   5.5163660e-02
   4.3600000e-01   5.4965617e-02
   4.3700000e-01   5.4768189e-02
   4.3800000e-01   5.4571372e-02
   4.3900000e-01   5.4375165e-02
   4.4000000e-01   5.4179567e-02
   4.4100000e-01   5.3984573e-02
   4.4200000e-01   5.3790184e-02
   4.4300000e-01   5.3596395e-02
   4.4400000e-01   5.3403206e-02
   4.4500000e-01   5.3210613e-02
   4.4600000e-01   5.3018616e-02
   4.4700000e-01   5.2827211e-02
   4.4800000e-01   5.2636397e-02
   4.4900000e-01   5.2446171e-02
   4.5000000e-01   5.2256532e-02
   4.5100000e-01   5.2067477e-02
   4.5200000e-01   5.1879005e-02
   4.5300000e-01   5.1691112e-02
   4.5400000e-01   5.1503798e-02
   4.5500000e-01   5.1317059e-02
   4.5600000e-01   5.1130895e-02
   4.5700000e-01   5.0945303e-02
   4.5800000e-01   5.0760280e-02
   4.5900000e-01   5.0575826e-02
   4.6000000e-01   5.0391937e-02
   4.6100000e-01   5.0208613e-02
   4.6200000e-01   5.0025850e-02
   4.6300000e-01   4.9843647e-02
   4.6400000e-01   4.9662002e-02
   4.6500000e-01   4.9480913e-02
   4.6600000e-01   4.9300378e-02
   4.6700000e-01   4.9120395e-02
   4.6800000e-01   4.8940962e-02
   4.6900000e-01   4.8762077e-02
   4.7000000e-01   4.8583738e-02
   4.7100000e-01   4.8405944e-02
   4.7200000e-01   4.8228692e-02
   4.7300000e-01   4.8051980e-02
   4.7400000e-01   4.7875807e-02
   4.7500000e-01   4.7700170e-02
   4.7600000e-01   4.7525069e-02
   4.7700000e-01   4.7350500e-02
   4.7800000e-01   4.7176462e-02
   4.7900000e-01   4.7002953e-02
   4.8000000e-01   4.6829971e-02
   4.8100000e-01   4.6657515e-02
   4.8200000e-01   4.6485582e-02
   4.8300000e-01   4.6314171e-02
   4.8400000e-01   4.6143280e-02
   4.8500000e-01   4.5972907e-02
   4.8600000e-01   4.5803050e-02
   4.8700000e-01   4.5633708e-02
   4.8800000e-01   4.5464878e-02
   4.8900000e-01   4.5296560e-02
   4.9000000e-01   4.5128750e-02
   4.9100000e-01   4.4961447e-02
   4.9200000e-01   4.4794650e-02
   4.9300000e-01   4.4628357e-02
   4.9400000e-01   4.4462565e-02
   4.9500000e-01   4.4297274e-02
   4.9600000e-01   4.4132482e-02
   4.9700000e-01   4.3968186e-02
   4.9800000e-01   4.3804385e-02
   4.9900000e-01   4.3641077e-02
   5.0000000e-01   4.3478261e-02
   5.0100000e-01   4.3315935e-02
   5.0200000e-01   4.3154097e-02
   5.0300000e-01   4.2992745e-02
   5.0400000e-01   4.2831878e-02
   5.0500000e-01   4.2671494e-02
   5.0600000e-01   4.2511592e-02
   5.0700000e-01   4.2352169e-02
   5.0800000e-01   4.2193224e-02
   5.0900000e-01   4.2034756e-02
   5.1000000e-01   4.1876763e-02
   5.1100000e-01   4.1719242e-02
   5.1200000e-01   4.1562193e-02
   5.1300000e-01   4.1405614e-02
   5.1400000e-01   4.1249503e-02
   5.1500000e-01   4.1093859e-02
   5.1600000e-01   4.0938680e-02
   5.1700000e-01   4.0783964e-02
   5.1800000e-01   4.0629710e-02
   5.1900000e-01   4.0475916e-02
   5.2000000e-01   4.0322581e-02
   5.2100000e-01   4.0169702e-02
   5.2200000e-01   4.0017279e-02
   5.2300000e-01   3.9865310e-02
   5.2400000e-01   3.9713794e-02
   5.2500000e-01   3.9562728e-02
   5.2600000e-01   3.9412111e-02
   5.2700000e-01   3.9261942e-02
   5.2800000e-01   3.9112219e-02
   5.2900000e-01   3.8962941e-02
   5.3000000e-01   3.8814105e-02
   5.3100000e-01   3.8665711e-02
   5.3200000e-01   3.8517758e-02
   5.3300000e-01   3.8370242e-02
   5.3400000e-01   3.8223164e-02
   5.3500000e-01   3.8076522e-02
   5.3600000e-01   3.7930313e-02
   5.3700000e-01   3.7784537e-02
   5.3800000e-01   3.7639192e-02
   5.3900000e-01   3.7494276e-02
   5.4000000e-01   3.7349789e-02
   5.4100000e-01   3.7205728e-02
   5.4200000e-01   3.7062093e-02
   5.4300000e-01   3.6918881e-02
   5.4400000e-01   3.6776092e-02
   5.4500000e-01   3.6633723e-02
   5.4600000e-01   3.6491774e-02
   5.4700000e-01   3.6350243e-02
   5.4800000e-01   3.6209129e-02
   5.4900000e-01   3.6068429e-02
   5.5000000e-01   3.5928144e-02
   5.5100000e-01   3.5788271e-02
   5.5200000e-01   3.5648808e-02
   5.5300000e-01   3.5509756e-02
   5.5400000e-01   3.5371111e-02
   5.5500000e-01   3.5232873e-02
   5.5600000e-01   3.5095041e-02
   5.5700000e-01   3.4957613e-02
   5.5800000e-01   3.4820587e-02
   5.5900000e-01   3.4683963e-02
   5.6000000e-01   3.4547739e-02
   5.6100000e-01   3.4411913e-02
   5.6200000e-01   3.4276484e-02
   5.6300000e-01   3.4141452e-02
   5.6400000e-01   3.4006814e-02
   5.6500000e-01   3.3872569e-02
   5.6600000e-01   3.3738716e-02
   5.6700000e-01   3.3605254e-02
   5.6800000e-01   3.3472181e-02
   5.6900000e-01   3.3339496e-02
   5.7000000e-01   3.3207197e-02
   5.7100000e-01   3.3075284e-02
   5.7200000e-01   3.2943755e-02
   5.7300000e-01   3.2812609e-02
   5.7400000e-01   3.2681845e-02
   5.7500000e-01   3.2551460e-02
   5.7600000e-01   3.2421454e-02
   5.7700000e-01   3.2291827e-02
   5.7800000e-01   3.2162575e-02
   5.7900000e-01   3.2033699e-02
   5.8000000e-01   3.1905196e-02
   5.8100000e-01   3.1777066e-02
   5.8200000e-01   3.1649308e-02
   5.8300000e-01   3.1521919e-02
   5.8400000e-01   3.1394900e-02
   5.8500000e-01   3.1268248e-02
   5.8600000e-01   3.1141962e-02
   5.8700000e-01   3.1016042e-02
   5.8800000e-01   3.0890486e-02
   5.8900000e-01   3.0765292e-02
   5.9000000e-01   3.0640460e-02
   5.9100000e-01   3.0515989e-02
   5.9200000e-01   3.0391876e-02
   5.9300000e-01   3.0268122e-02
   5.9400000e-01   3.0144724e-02
   5.9500000e-01   3.0021682e-02
   5.9600000e-01   2.9898995e-02
   5.9700000e-01   2.9776660e-02
   5.9800000e-01   2.9654678e-02
   5.9900000e-01   2.9533046e-02
   6.0000000e-01   2.9411765e-02
   6.0100000e-01   2.9290832e-02
   6.0200000e-01   2.9170246e-02
   6.0300000e-01   2.9050006e-02
   6.0400000e-01   2.8930112e-02
   6.0500000e-01   2.8810561e-02
   6.0600000e-01   2.8691354e-02
   6.0700000e-01   2.8572488e-02
   6.0800000e-01   2.8453963e-02
   6.0900000e-01   2.8335777e-02
   6.1000000e-01   2.8217929e-02
   6.1100000e-01   2.8100419e-02
   6.1200000e-01   2.7983245e-02
   6.1300000e-01   2.7866405e-02
   6.1400000e-01   2.7749900e-02
   6.1500000e-01   2.7633728e-02
   6.1600000e-01   2.7517887e-02
   6.1700000e-01   2.7402376e-02
   6.1800000e-01   2.7287196e-02
   6.1900000e-01   2.7172343e-02
   6.2000000e-01   2.7057818e-02
   6.2100000e-01   2.6943620e-02
   6.2200000e-01   2.6829746e-02
   6.2300000e-01   2.6716197e-02
   6.2400000e-01   2.6602970e-02
   6.2500000e-01   2.6490066e-02
   6.2600000e-01   2.6377483e-02
   6.2700000e-01   2.6265220e-02
   6.2800000e-01   2.6153275e-02
   6.2900000e-01   2.6041648e-02
   6.3000000e-01   2.5930338e-02
   6.3100000e-01   2.5819344e-02
   6.3200000e-01   2.5708665e-02
   6.3300000e-01   2.5598299e-02
   6.3400000e-01   2.5488246e-02
   6.3500000e-01   2.5378505e-02
   6.3600000e-01   2.5269074e-02
   6.3700000e-01   2.5159953e-02
   6.3800000e-01   2.5051140e-02
   6.3900000e-01   2.4942635e-02
   6.4000000e-01   2.4834437e-02
   6.4100000e-01   2.4726544e-02
   6.4200000e-01   2.4618956e-02
   6.4300000e-01   2.4511672e-02
   6.4400000e-01   2.4404690e-02
   6.4500000e-01   2.4298010e-02
   6.4600000e-01   2.4191631e-02
   6.4700000e-01   2.4085551e-02
   6.4800000e-01   2.3979770e-02
   6.4900000e-01   2.3874287e-02
   6.5000000e-01   2.3769100e-02
   6.5100000e-01   2.3664210e-02
   6.5200000e-01   2.3559614e-02
   6.5300000e-01   2.3455312e-02
   6.5400000e-01   2.3351303e-02
   6.5500000e-01   2.3247587e-02
   6.5600000e-01   2.3144161e-02
   6.5700000e-01   2.3041026e-02
   6.5800000e-01   2.2938180e-02
   6.5900000e-01   2.2835622e-02
   6.6000000e-01   2.2733351e-02
   6.6100000e-01   2.2631367e-02
   6.6200000e-01   2.2529669e-02
   6.6300000e-01   2.2428255e-02
   6.6400000e-01   2.2327124e-02
   6.6500000e-01   2.2226277e-02
   6.6600000e-01   2.2125711e-02
   6.6700000e-01   2.2025426e-02
   6.6800000e-01   2.1925422e-02
   6.6900000e-01   2.1825696e-02
   6.7000000e-01   2.1726249e-02
   6.7100000e-01   2.1627079e-02
   6.7200000e-01   2.1528186e-02
   6.7300000e-01   2.1429568e-02
   6.7400000e-01   2.1331226e-02
   6.7500000e-01   2.1233156e-02
   6.7600000e-01   2.1135360e-02
   6.7700000e-01   2.1037836e-02
   6.7800000e-01   2.0940583e-02
   6.7900000e-01   2.0843601e-02
   6.8000000e-01   2.0746888e-02
   6.8100000e-01   2.0650444e-02
   6.8200000e-01   2.0554267e-02
   6.8300000e-01   2.0458358e-02
   6.8400000e-01   2.0362714e-02
   6.8500000e-01   2.0267336e-02
   6.8600000e-01   2.0172222e-02
   6.8700000e-01   2.0077372e-02
   6.8800000e-01   1.9982784e-02
   6.8900000e-01   1.9888458e-02
   6.9000000e-01   1.9794394e-02
   6.9100000e-01   1.9700589e-02
   6.9200000e-01   1.9607044e-02
   6.9300000e-01   1.9513758e-02
   6.9400000e-01   1.9420729e-02
   6.9500000e-01   1.9327957e-02
   6.9600000e-01   1.9235442e-02
   6.9700000e-01   1.9143182e-02
   6.9800000e-01   1.9051176e-02
   6.9900000e-01   1.8959424e-02
   7.0000000e-01   1.8867925e-02
   7.0100000e-01   1.8776677e-02
   7.0200000e-01   1.8685682e-02
   7.0300000e-01   1.8594937e-02
   7.0400000e-01   1.8504441e-02
   7.0500000e-01   1.8414195e-02
   7.0600000e-01   1.8324196e-02
   7.0700000e-01   1.8234445e-02
   7.0800000e-01   1.8144941e-02
   7.0900000e-01   1.8055682e-02
   7.1000000e-01   1.7966669e-02
   7.1100000e-01   1.7877900e-02
   7.1200000e-01   1.7789374e-02
   7.1300000e-01   1.7701091e-02
   7.1400000e-01   1.7613050e-02
   7.1500000e-01   1.7525250e-02
   7.1600000e-01   1.7437691e-02
   7.1700000e-01   1.7350371e-02
   7.1800000e-01   1.7263291e-02
   7.1900000e-01   1.7176449e-02
   7.2000000e-01   1.7089844e-02
   7.2100000e-01   1.7003476e-02
   7.2200000e-01   1.6917344e-02
   7.2300000e-01   1.6831447e-02
   7.2400000e-01   1.6745784e-02
   7.2500000e-01   1.6660356e-02
   7.2600000e-01   1.6575160e-02
   7.2700000e-01   1.6490197e-02
   7.2800000e-01   1.6405466e-02
   7.2900000e-01   1.6320965e-02
   7.3000000e-01   1.6236695e-02
   7.3100000e-01   1.6152654e-02
   7.3200000e-01   1.6068842e-02
   7.3300000e-01   1.5985258e-02
   7.3400000e-01   1.5901901e-02
   7.3500000e-01   1.5818771e-02
   7.3600000e-01   1.5735866e-02
   7.3700000e-01   1.5653187e-02
   7.3800000e-01   1.5570733e-02
   7.3900000e-01   1.5488502e-02
   7.4000000e-01   1.5406494e-02
   7.4100000e-01   1.5324709e-02
   7.4200000e-01   1.5243146e-02
   7.4300000e-01   1.5161804e-02
   7.4400000e-01   1.5080682e-02
   7.4500000e-01   1.4999779e-02
   7.4600000e-01   1.4919096e-02
   7.4700000e-01   1.4838631e-02
   7.4800000e-01   1.4758384e-02
   7.4900000e-01   1.4678354e-02
   7.5000000e-01   1.4598540e-02
   7.5100000e-01   1.4518942e-02
   7.5200000e-01   1.4439559e-02
   7.5300000e-01   1.4360390e-02
   7.5400000e-01   1.4281435e-02
   7.5500000e-01   1.4202693e-02
   7.5600000e-01   1.4124163e-02
   7.5700000e-01   1.4045845e-02
   7.5800000e-01   1.3967738e-02
   7.5900000e-01   1.3889841e-02
   7.6000000e-01   1.3812155e-02
   7.6100000e-01   1.3734677e-02
   7.6200000e-01   1.3657408e-02
   7.6300000e-01   1.3580347e-02
   7.6400000e-01   1.3503493e-02
   7.6500000e-01   1.3426845e-02
   7.6600000e-01   1.3350404e-02
   7.6700000e-01   1.3274167e-02
   7.6800000e-01   1.3198136e-02
   7.6900000e-01   1.3122308e-02
   7.7000000e-01   1.3046684e-02
   7.7100000e-01   1.2971263e-02
   7.7200000e-01   1.2896044e-02
   7.7300000e-01   1.2821027e-02
   7.7400000e-01   1.2746211e-02
   7.7500000e-01   1.2671595e-02
   7.7600000e-01   1.2597178e-02
   7.7700000e-01   1.2522961e-02
   7.7800000e-01   1.2448943e-02
   7.7900000e-01   1.2375122e-02
   7.8000000e-01   1.2301499e-02
   7.8100000e-01   1.2228072e-02
   7.8200000e-01   1.2154842e-02
   7.8300000e-01   1.2081807e-02
   7.8400000e-01   1.2008967e-02
   7.8500000e-01   1.1936321e-02
   7.8600000e-01   1.1863869e-02
   7.8700000e-01   1.1791611e-02
   7.8800000e-01   1.1719545e-02
   7.8900000e-01   1.1647671e-02
   7.9000000e-01   1.1575988e-02
   7.9100000e-01   1.1504496e-02
   7.9200000e-01   1.1433195e-02
   7.9300000e-01   1.1362083e-02
   7.9400000e-01   1.1291161e-02
   7.9500000e-01   1.1220427e-02
   7.9600000e-01   1.1149881e-02
   7.9700000e-01   1.1079522e-02
   7.9800000e-01   1.1009350e-02
   7.9900000e-01   1.0939365e-02
   8.0000000e-01   1.0869565e-02
   8.0100000e-01   1.0799951e-02
   8.0200000e-01   1.0730521e-02
   8.0300000e-01   1.0661275e-02
   8.0400000e-01   1.0592213e-02
   8.0500000e-01   1.0523333e-02
   8.0600000e-01   1.0454637e-02
   8.0700000e-01   1.0386122e-02
   8.0800000e-01   1.0317788e-02
   8.0900000e-01   1.0249635e-02
   8.1000000e-01   1.0181662e-02
   8.1100000e-01   1.0113869e-02
   8.1200000e-01   1.0046256e-02
   8.1300000e-01   9.9788204e-03
   8.1400000e-01   9.9115633e-03
   8.1500000e-01   9.8444838e-03
   8.1600000e-01   9.7775813e-03
   8.1700000e-01   9.7108553e-03
   8.1800000e-01   9.6443053e-03
   8.1900000e-01   9.5779308e-03
   8.2000000e-01   9.5117311e-03
   8.2100000e-01   9.4457059e-03
   8.2200000e-01   9.3798546e-03
   8.2300000e-01   9.3141767e-03
   8.2400000e-01   9.2486716e-03
   8.2500000e-01   9.1833388e-03
   8.2600000e-01   9.1181779e-03
   8.2700000e-01   9.0531883e-03
   8.2800000e-01   8.9883695e-03
   8.2900000e-01   8.9237210e-03
   8.3000000e-01   8.8592423e-03
   8.3100000e-01   8.7949329e-03
   8.3200000e-01   8.7307923e-03
   8.3300000e-01   8.6668199e-03
   8.3400000e-01   8.6030154e-03
   8.3500000e-01   8.5393782e-03
   8.3600000e-01   8.4759077e-03
   8.3700000e-01   8.4126036e-03
   8.3800000e-01   8.3494653e-03
   8.3900000e-01   8.2864923e-03
   8.4000000e-01   8.2236842e-03
   8.4100000e-01   8.1610404e-03
   8.4200000e-01   8.0985605e-03
   8.4300000e-01   8.0362440e-03
   8.4400000e-01   7.9740903e-03
   8.4500000e-01   7.9120991e-03
   8.4600000e-01   7.8502699e-03
   8.4700000e-01   7.7886021e-03
   8.4800000e-01   7.7270953e-03
   8.4900000e-01   7.6657490e-03
   8.5000000e-01   7.6045627e-03
   8.5100000e-01   7.5435361e-03
   8.5200000e-01   7.4826685e-03
   8.5300000e-01   7.4219596e-03
   8.5400000e-01   7.3614089e-03
   8.5500000e-01   7.3010158e-03
   8.5600000e-01   7.2407801e-03
   8.5700000e-01   7.1807011e-03
   8.5800000e-01   7.1207784e-03
   8.5900000e-01   7.0610116e-03
   8.6000000e-01   7.0014003e-03
   8.6100000e-01   6.9419439e-03
   8.6200000e-01   6.8826420e-03
   8.6300000e-01   6.8234941e-03
   8.6400000e-01   6.7644999e-03
   8.6500000e-01   6.7056588e-03
   8.6600000e-01   6.6469705e-03
   8.6700000e-01   6.5884344e-03
   8.6800000e-01   6.5300501e-03
   8.6900000e-01   6.4718172e-03
   8.7000000e-01   6.4137353e-03
   8.7100000e-01   6.3558038e-03
   8.7200000e-01   6.2980224e-03
   8.7300000e-01   6.2403907e-03
   8.7400000e-01   6.1829081e-03
   8.7500000e-01   6.1255743e-03
   8.7600000e-01   6.0683888e-03
   8.7700000e-01   6.0113512e-03
   8.7800000e-01   5.9544611e-03
   8.7900000e-01   5.8977180e-03
   8.8000000e-01   5.8411215e-03
   8.8100000e-01   5.7846712e-03
   8.8200000e-01   5.7283667e-03
   8.8300000e-01   5.6722075e-03
   8.8400000e-01   5.6161932e-03
   8.8500000e-01   5.5603235e-03
   8.8600000e-01   5.5045978e-03
   8.8700000e-01   5.4490158e-03
   8.8800000e-01   5.3935770e-03
   8.8900000e-01   5.3382811e-03
   8.9000000e-01   5.2831276e-03
   8.9100000e-01   5.2281161e-03
   8.9200000e-01   5.1732463e-03
   8.9300000e-01   5.1185176e-03
   8.9400000e-01   5.0639297e-03
   8.9500000e-01   5.0094822e-03
   8.9600000e-01   4.9551747e-03
   8.9700000e-01   4.9010068e-03
   8.9800000e-01   4.8469781e-03
   8.9900000e-01   4.7930881e-03
   9.0000000e-01   4.7393365e-03
   9.0100000e-01   4.6857229e-03
   9.0200000e-01   4.6322469e-03
   9.0300000e-01   4.5789080e-03
   9.0400000e-01   4.5257060e-03
   9.0500000e-01   4.4726404e-03
   9.0600000e-01   4.4197108e-03
   9.0700000e-01   4.3669168e-03
   9.0800000e-01   4.3142581e-03
   9.0900000e-01   4.2617342e-03
   9.1000000e-01   4.2093447e-03
   9.1100000e-01   4.1570894e-03
   9.1200000e-01   4.1049678e-03
   9.1300000e-01   4.0529794e-03
   9.1400000e-01   4.0011240e-03
   9.1500000e-01   3.9494012e-03
   9.1600000e-01   3.8978105e-03
   9.1700000e-01   3.8463517e-03
   9.1800000e-01   3.7950243e-03
   9.1900000e-01   3.7438279e-03
   9.2000000e-01   3.6927622e-03
   9.2100000e-01   3.6418268e-03
   9.2200000e-01   3.5910213e-03
   9.2300000e-01   3.5403455e-03
   9.2400000e-01   3.4897988e-03
   9.2500000e-01   3.4393809e-03
   9.2600000e-01   3.3890915e-03
   9.2700000e-01   3.3389302e-03
   9.2800000e-01   3.2888967e-03
   9.2900000e-01   3.2389905e-03
   9.3000000e-01   3.1892114e-03
   9.3100000e-01   3.1395589e-03
   9.3200000e-01   3.0900326e-03
   9.3300000e-01   3.0406324e-03
   9.3400000e-01   2.9913577e-03
   9.3500000e-01   2.9422082e-03
   9.3600000e-01   2.8931837e-03
   9.3700000e-01   2.8442836e-03
   9.3800000e-01   2.7955077e-03
   9.3900000e-01   2.7468556e-03
   9.4000000e-01   2.6983270e-03
   9.4100000e-01   2.6499216e-03
   9.4200000e-01   2.6016389e-03
   9.4300000e-01   2.5534786e-03
   9.4400000e-01   2.5054404e-03
   9.4500000e-01   2.4575239e-03
   9.4600000e-01   2.4097289e-03
   9.4700000e-01   2.3620549e-03
   9.4800000e-01   2.3145016e-03
   9.4900000e-01   2.2670687e-03
   9.5000000e-01   2.2197558e-03
   9.5100000e-01   2.1725627e-03
   9.5200000e-01   2.1254889e-03
   9.5300000e-01   2.0785341e-03
   9.5400000e-01   2.0316980e-03
   9.5500000e-01   1.9849803e-03
   9.5600000e-01   1.9383806e-03
   9.5700000e-01   1.8918987e-03
   9.5800000e-01   1.8455341e-03
   9.5900000e-01   1.7992865e-03
   9.6000000e-01   1.7531557e-03
   9.6100000e-01   1.7071412e-03
   9.6200000e-01   1.6612429e-03
   9.6300000e-01   1.6154602e-03
   9.6400000e-01   1.5697930e-03
   9.6500000e-01   1.5242409e-03
   9.6600000e-01   1.4788035e-03
   9.6700000e-01   1.4334806e-03
   9.6800000e-01   1.3882719e-03
   9.6900000e-01   1.3431769e-03
   9.7000000e-01   1.2981955e-03
   9.7100000e-01   1.2533273e-03
   9.7200000e-01   1.2085719e-03
   9.7300000e-01   1.1639291e-03
   9.7400000e-01   1.1193985e-03
   9.7500000e-01   1.0749798e-03
   9.7600000e-01   1.0306728e-03
   9.7700000e-01   9.8647711e-04
   9.7800000e-01   9.4239241e-04
   9.7900000e-01   8.9841840e-04
   9.8000000e-01   8.5455478e-04
   9.8100000e-01   8.1080124e-04
   9.8200000e-01   7.6715748e-04
   9.8300000e-01   7.2362319e-04
   9.8400000e-01   6.8019807e-04
   9.8500000e-01   6.3688183e-04
   9.8600000e-01   5.9367415e-04
   9.8700000e-01   5.5057474e-04
   9.8800000e-01   5.0758329e-04
   9.8900000e-01   4.6469952e-04
   9.9000000e-01   4.2192313e-04
   9.9100000e-01   3.7925381e-04
   9.9200000e-01   3.3669127e-04
   9.9300000e-01   2.9423522e-04
   9.9400000e-01   2.5188536e-04
   9.9500000e-01   2.0964141e-04
   9.9600000e-01   1.6750307e-04
   9.9700000e-01   1.2547004e-04
   9.9800000e-01   8.3542049e-05
   9.9900000e-01   4.1718798e-05
   1.0000000e+00   0.0000000e+00
