   2.0000000e+00   7.5519088e-10
   2.0300000e+00   1.1679712e-09
   2.0600000e+00   1.8781073e-09
   2.0900000e+00   3.1418563e-09
   2.1200000e+00   5.4672807e-09
   2.1500000e+00   9.8871596e-09
   2.1800000e+00   1.8550024e-08
   2.2100000e+00   3.6020306e-08
   2.2400000e+00   7.2177322e-08
   2.2700000e+00   1.4875306e-07
   2.3000000e+00   3.1421282e-07
   2.3300000e+00   6.7786618e-07
   2.3600000e+00   1.4884517e-06
   2.3900000e+00   3.3157082e-06
   2.4200000e+00   7.4702396e-06
   2.4500000e+00   1.6973106e-05
   2.4800000e+00   3.8786840e-05
   2.5100000e+00   8.8917940e-05
   2.5400000e+00   2.0398400e-04
   2.5700000e+00   4.6711830e-04
   2.6000000e+00   1.0650304e-03
   2.6300000e+00   2.4108339e-03
   2.6600000e+00   5.3996445e-03
   2.6900000e+00   1.1912255e-02
   2.7200000e+00   2.5713867e-02
   2.7500000e+00   5.3745215e-02
   2.7800000e+00   1.0698731e-01
   2.8100000e+00   1.9804220e-01
   2.8400000e+00   3.3152130e-01
   2.8700000e+00   4.9174833e-01
   2.9000000e+00   6.4648453e-01
   2.9300000e+00   7.6962442e-01
   2.9600000e+00   8.5479917e-01
   2.9900000e+00   9.0903336e-01
   3.0200000e+00   9.4228715e-01
   3.0500000e+00   9.6250920e-01
   3.0800000e+00   9.7491947e-01
   3.1100000e+00   9.8267935e-01
   3.1400000e+00   9.8764684e-01
   3.1700000e+00   9.9090894e-01
   3.2000000e+00   9.9310725e-01
   3.2300000e+00   9.9462650e-01
   3.2600000e+00   9.9570189e-01
   3.2900000e+00   9.9648026e-01
   3.3200000e+00   9.9705528e-01
   3.3500000e+00   9.9748795e-01
   3.3800000e+00   9.9781883e-01
   3.4100000e+00   9.9807543e-01
   3.4400000e+00   9.9827670e-01
   3.4700000e+00   9.9843595e-01
   3.5000000e+00   9.9856264e-01
   3.5300000e+00   9.9866358e-01
   3.5600000e+00   9.9874372e-01
   3.5900000e+00   9.9880663e-01
   3.6200000e+00   9.9885494e-01
   3.6500000e+00   9.9889049e-01
   3.6800000e+00   9.9891454e-01
   3.7100000e+00   9.9892789e-01
   3.7400000e+00   9.9893089e-01
   3.7700000e+00   9.9892356e-01
   3.8000000e+00   9.9890552e-01
   3.8300000e+00   9.9887605e-01
   3.8600000e+00   9.9883401e-01
   3.8900000e+00   9.9877783e-01
   3.9200000e+00   9.9870539e-01
   3.9500000e+00   9.9861397e-01
   3.9800000e+00   9.9850008e-01
   4.0100000e+00   9.9835933e-01
   4.0400000e+00   9.9818615e-01
   4.0700000e+00   9.9797360e-01
   4.1000000e+00   9.9771295e-01
   4.1300000e+00   9.9739330e-01
   4.1600000e+00   9.9700103e-01
   4.1900000e+00   9.9651914e-01
   4.2200000e+00   9.9592643e-01
   4.2500000e+00   9.9519654e-01
   4.2800000e+00   9.9429669e-01
   4.3100000e+00   9.9318628e-01
   4.3400000e+00   9.9181521e-01
   4.3700000e+00   9.9012188e-01
   4.4000000e+00   9.8803103e-01
   4.4300000e+00   9.8545134e-01
   4.4600000e+00   9.8227298e-01
   4.4900000e+00   9.7836537e-01
   4.5200000e+00   9.7357534e-01
   4.5500000e+00   9.6772639e-01
   4.5800000e+00   9.6061954e-01
   4.6100000e+00   9.5203674e-01
   4.6400000e+00   9.4174760e-01
   4.6700000e+00   9.2952061e-01
   4.7000000e+00   9.1513900e-01
   4.7300000e+00   8.9842152e-01
   4.7600000e+00   8.7924666e-01
   4.7900000e+00   8.5757789e-01
   4.8200000e+00   8.3348587e-01
   4.8500000e+00   8.0716293e-01
   4.8800000e+00   7.7892540e-01
   4.9100000e+00   7.4920076e-01
   4.9400000e+00   7.1850009e-01
   4.9700000e+00   6.8737909e-01
   5.0000000e+00   6.5639421e-01
   5.0300000e+00   6.2606104e-01
   5.0600000e+00   5.9682128e-01
   5.0900000e+00   5.6902211e-01
   5.1200000e+00   5.4290864e-01
   5.1500000e+00   5.1862775e-01
   5.1800000e+00   4.9623989e-01
   5.2100000e+00   4.7573537e-01
   5.2400000e+00   4.5705181e-01
   5.2700000e+00   4.4009063e-01
   5.3000000e+00   4.2473112e-01
   5.3300000e+00   4.1084169e-01
   5.3600000e+00   3.9828822e-01
   5.3900000e+00   3.8693990e-01
   5.4200000e+00   3.7667293e-01
   5.4500000e+00   3.6737273e-01
   5.4800000e+00   3.5893488e-01
   5.5100000e+00   3.5126537e-01
   5.5400000e+00   3.4428024e-01
   5.5700000e+00   3.3790499e-01
   5.6000000e+00   3.3207377e-01
   5.6300000e+00   3.2672853e-01
   5.6600000e+00   3.2181818e-01
   5.6900000e+00   3.1729778e-01
   5.7200000e+00   3.1312777e-01
   5.7500000e+00   3.0927333e-01
   5.7800000e+00   3.0570375e-01
   5.8100000e+00   3.0239191e-01
   5.8400000e+00   2.9931380e-01
   5.8700000e+00   2.9644816e-01
   5.9000000e+00   2.9377606e-01
   5.9300000e+00   2.9128068e-01
   5.9600000e+00   2.8894697e-01
   5.9900000e+00   2.8676148e-01
   6.0200000e+00   2.8471214e-01
   6.0500000e+00   2.8278810e-01
   6.0800000e+00   2.8097959e-01
   6.1100000e+00   2.7927776e-01
   6.1400000e+00   2.7767463e-01
   6.1700000e+00   2.7616296e-01
   6.2000000e+00   2.7473615e-01
   6.2300000e+00   2.7338820e-01
   6.2600000e+00   2.7211364e-01
   6.2900000e+00   2.7090747e-01
   6.3200000e+00   2.6976510e-01
   6.3500000e+00   2.6868234e-01
   6.3800000e+00   2.6765532e-01
   6.4100000e+00   2.6668049e-01
   6.4400000e+00   2.6575458e-01
   6.4700000e+00   2.6487457e-01
   6.5000000e+00   2.6403766e-01
   6.5300000e+00   2.6324128e-01
   6.5600000e+00   2.6248302e-01
   6.5900000e+00   2.6176067e-01
   6.6200000e+00   2.6107217e-01
   6.6500000e+00   2.6041559e-01
   6.6800000e+00   2.5978915e-01
   6.7100000e+00   2.5919119e-01
   6.7400000e+00   2.5862015e-01
   6.7700000e+00   2.5807457e-01
   6.8000000e+00   2.5755312e-01
   6.8300000e+00   2.5705451e-01
   6.8600000e+00   2.5657756e-01
   6.8900000e+00   2.5612115e-01
   6.9200000e+00   2.5568424e-01
   6.9500000e+00   2.5526584e-01
   6.9800000e+00   2.5486505e-01
   7.0100000e+00   2.5448098e-01
   7.0400000e+00   2.5411282e-01
   7.0700000e+00   2.5375980e-01
   7.1000000e+00   2.5342120e-01
   7.1300000e+00   2.5309634e-01
   7.1600000e+00   2.5278457e-01
   7.1900000e+00   2.5248527e-01
   7.2200000e+00   2.5219788e-01
   7.2500000e+00   2.5192185e-01
   7.2800000e+00   2.5165667e-01
   7.3100000e+00   2.5140184e-01
   7.3400000e+00   2.5115691e-01
   7.3700000e+00   2.5092143e-01
   7.4000000e+00   2.5069500e-01
   7.4300000e+00   2.5047722e-01
   7.4600000e+00   2.5026771e-01
   7.4900000e+00   2.5006612e-01
   7.5200000e+00   2.4987211e-01
   7.5500000e+00   2.4968537e-01
   7.5800000e+00   2.4950558e-01
   7.6100000e+00   2.4933246e-01
   7.6400000e+00   2.4916572e-01
   7.6700000e+00   2.4900512e-01
   7.7000000e+00   2.4885039e-01
   7.7300000e+00   2.4870130e-01
   7.7600000e+00   2.4855761e-01
   7.7900000e+00   2.4841912e-01
   7.8200000e+00   2.4828562e-01
   7.8500000e+00   2.4815690e-01
   7.8800000e+00   2.4803278e-01
   7.9100000e+00   2.4791307e-01
   7.9400000e+00   2.4779762e-01
   7.9700000e+00   2.4768624e-01
   8.0000000e+00   2.4757878e-01
