   2.0000000e+00   1.2446148e-04
   2.0300000e+00   1.4447514e-04
   2.0600000e+00   1.6870137e-04
   2.0900000e+00   1.9815977e-04
   2.1200000e+00   2.3413965e-04
   2.1500000e+00   2.7827513e-04
   2.1800000e+00   3.3264119e-04
   2.2100000e+00   3.9987650e-04
   2.2400000e+00   4.8334006e-04
   2.2700000e+00   5.8731005e-04
   2.3000000e+00   7.1723523e-04
   2.3300000e+00   8.8005091e-04
   2.3600000e+00   1.0845732e-03
   2.3900000e+00   1.3419868e-03
   2.4200000e+00   1.6664423e-03
   2.4500000e+00   2.0757781e-03
   2.4800000e+00   2.5923815e-03
   2.5100000e+00   3.2441951e-03
   2.5400000e+00   4.0658694e-03
   2.5700000e+00   5.1000444e-03
   2.6000000e+00   6.3987247e-03
   2.6300000e+00   8.0246822e-03
   2.6600000e+00   1.0052784e-02
   2.6900000e+00   1.2571099e-02
   2.7200000e+00   1.5681591e-02
   2.7500000e+00   1.9500144e-02
   2.7800000e+00   2.4155661e-02
   2.8100000e+00   2.9787917e-02
   2.8400000e+00   3.6543913e-02
   2.8700000e+00   4.4572536e-02
   2.9000000e+00   5.4017482e-02
   2.9300000e+00   6.5008625e-02
   2.9600000e+00   7.7652278e-02
   2.9900000e+00   9.2021107e-02
   3.0200000e+00   1.0814469e-01
   3.0500000e+00   1.2600187e-01
   3.0800000e+00   1.4551607e-01
   3.1100000e+00   1.6655441e-01
   3.1400000e+00   1.8893105e-01
   3.1700000e+00   2.1241475e-01
   3.2000000e+00   2.3673986e-01
   3.2300000e+00   2.6161954e-01
   3.2600000e+00   2.8675991e-01
   3.2900000e+00   3.1187355e-01
   3.3200000e+00   3.3669122e-01
   3.3500000e+00   3.6097100e-01
   3.3800000e+00   3.8450433e-01
   3.4100000e+00   4.0711918e-01
   3.4400000e+00   4.2868054e-01
   3.4700000e+00   4.4908876e-01
   3.5000000e+00   4.6827646e-01
   3.5300000e+00   4.8620448e-01
   3.5600000e+00   5.0285745e-01
   3.5900000e+00   5.1823931e-01
   3.6200000e+00   5.3236907e-01
   3.6500000e+00   5.4527706e-01
   3.6800000e+00   5.5700157e-01
   3.7100000e+00   5.6758617e-01
   3.7400000e+00   5.7707745e-01
   3.7700000e+00   5.8552324e-01
   3.8000000e+00   5.9297132e-01
   3.8300000e+00   5.9946840e-01
   3.8600000e+00   6.0505942e-01
   3.8900000e+00   6.0978716e-01
   3.9200000e+00   6.1369192e-01
   3.9500000e+00   6.1681145e-01
   3.9800000e+00   6.1918094e-01
   4.0100000e+00   6.2083316e-01
   4.0400000e+00   6.2179856e-01
   4.0700000e+00   6.2210554e-01
   4.1000000e+00   6.2178063e-01
   4.1300000e+00   6.2084882e-01
   4.1600000e+00   6.1933378e-01
   4.1900000e+00   6.1725818e-01
   4.2200000e+00   6.1464394e-01
   4.2500000e+00   6.1151249e-01
   4.2800000e+00   6.0788505e-01
   4.3100000e+00   6.0378287e-01
   4.3400000e+00   5.9922743e-01
   4.3700000e+00   5.9424064e-01
   4.4000000e+00   5.8884502e-01
   4.4300000e+00   5.8306381e-01
   4.4600000e+00   5.7692110e-01
   4.4900000e+00   5.7044185e-01
   4.5200000e+00   5.6365198e-01
   4.5500000e+00   5.5657829e-01
   4.5800000e+00   5.4924846e-01
   4.6100000e+00   5.4169094e-01
   4.6400000e+00   5.3393482e-01
   4.6700000e+00   5.2600968e-01
   4.7000000e+00   5.1794542e-01
   4.7300000e+00   5.0977203e-01
   4.7600000e+00   5.0151937e-01
   4.7900000e+00   4.9321694e-01
   4.8200000e+00   4.8489363e-01
   4.8500000e+00   4.7657751e-01
   4.8800000e+00   4.6829557e-01
   4.9100000e+00   4.6007351e-01
   4.9400000e+00   4.5193556e-01
   4.9700000e+00   4.4390431e-01
   5.0000000e+00   4.3600057e-01
   5.0300000e+00   4.2824324e-01
   5.0600000e+00   4.2064928e-01
   5.0900000e+00   4.1323362e-01
   5.1200000e+00   4.0600917e-01
   5.1500000e+00   3.9898682e-01
   5.1800000e+00   3.9217551e-01
   5.2100000e+00   3.8558228e-01
   5.2400000e+00   3.7921237e-01
   5.2700000e+00   3.7306928e-01
   5.3000000e+00   3.6715499e-01
   5.3300000e+00   3.6146997e-01
   5.3600000e+00   3.5601341e-01
   5.3900000e+00   3.5078329e-01
   5.4200000e+00   3.4577657e-01
   5.4500000e+00   3.4098929e-01
   5.4800000e+00   3.3641671e-01
   5.5100000e+00   3.3205344e-01
   5.5400000e+00   3.2789357e-01
   5.5700000e+00   3.2393075e-01
   5.6000000e+00   3.2015831e-01
   5.6300000e+00   3.1656934e-01
   5.6600000e+00   3.1315677e-01
   5.6900000e+00   3.0991347e-01
   5.7200000e+00   3.0683227e-01
   5.7500000e+00   3.0390604e-01
   5.7800000e+00   3.0112775e-01
   5.8100000e+00   2.9849046e-01
   5.8400000e+00   2.9598742e-01
   5.8700000e+00   2.9361203e-01
   5.9000000e+00   2.9135791e-01
   5.9300000e+00   2.8921888e-01
   5.9600000e+00   2.8718900e-01
   5.9900000e+00   2.8526258e-01
   6.0200000e+00   2.8343414e-01
   6.0500000e+00   2.8169846e-01
   6.0800000e+00   2.8005055e-01
   6.1100000e+00   2.7848569e-01
   6.1400000e+00   2.7699935e-01
   6.1700000e+00   2.7558726e-01
   6.2000000e+00   2.7424537e-01
   6.2300000e+00   2.7296983e-01
   6.2600000e+00   2.7175701e-01
   6.2900000e+00   2.7060349e-01
   6.3200000e+00   2.6950601e-01
   6.3500000e+00   2.6846152e-01
   6.3800000e+00   2.6746713e-01
   6.4100000e+00   2.6652012e-01
   6.4400000e+00   2.6561792e-01
   6.4700000e+00   2.6475812e-01
   6.5000000e+00   2.6393845e-01
   6.5300000e+00   2.6315675e-01
   6.5600000e+00   2.6241101e-01
   6.5900000e+00   2.6169933e-01
   6.6200000e+00   2.6101992e-01
   6.6500000e+00   2.6037109e-01
   6.6800000e+00   2.5975125e-01
   6.7100000e+00   2.5915891e-01
   6.7400000e+00   2.5859266e-01
   6.7700000e+00   2.5805117e-01
   6.8000000e+00   2.5753319e-01
   6.8300000e+00   2.5703754e-01
   6.8600000e+00   2.5656311e-01
   6.8900000e+00   2.5610885e-01
   6.9200000e+00   2.5567377e-01
   6.9500000e+00   2.5525694e-01
   6.9800000e+00   2.5485747e-01
   7.0100000e+00   2.5447453e-01
   7.0400000e+00   2.5410733e-01
   7.0700000e+00   2.5375513e-01
   7.1000000e+00   2.5341723e-01
   7.1300000e+00   2.5309296e-01
   7.1600000e+00   2.5278169e-01
   7.1900000e+00   2.5248282e-01
   7.2200000e+00   2.5219580e-01
   7.2500000e+00   2.5192008e-01
   7.2800000e+00   2.5165516e-01
   7.3100000e+00   2.5140056e-01
   7.3400000e+00   2.5115582e-01
   7.3700000e+00   2.5092051e-01
   7.4000000e+00   2.5069421e-01
   7.4300000e+00   2.5047655e-01
   7.4600000e+00   2.5026714e-01
   7.4900000e+00   2.5006564e-01
   7.5200000e+00   2.4987170e-01
   7.5500000e+00   2.4968502e-01
   7.5800000e+00   2.4950528e-01
   7.6100000e+00   2.4933220e-01
   7.6400000e+00   2.4916551e-01
   7.6700000e+00   2.4900493e-01
   7.7000000e+00   2.4885023e-01
   7.7300000e+00   2.4870116e-01
   7.7600000e+00   2.4855750e-01
   7.7900000e+00   2.4841903e-01
   7.8200000e+00   2.4828554e-01
   7.8500000e+00   2.4815683e-01
   7.8800000e+00   2.4803272e-01
   7.9100000e+00   2.4791302e-01
   7.9400000e+00   2.4779757e-01
   7.9700000e+00   2.4768620e-01
   8.0000000e+00   2.4757875e-01
