   2.0000000e+00   4.6828179e-08
   2.0300000e+00   6.5545530e-08
   2.0600000e+00   9.4061277e-08
   2.0900000e+00   1.3845419e-07
   2.1200000e+00   2.0906936e-07
   2.1500000e+00   3.2379892e-07
   2.1800000e+00   5.1405930e-07
   2.2100000e+00   8.3578594e-07
   2.2400000e+00   1.3898229e-06
   2.2700000e+00   2.3599867e-06
   2.3000000e+00   4.0844852e-06
   2.3300000e+00   7.1903773e-06
   2.3600000e+00   1.2847151e-05
   2.3900000e+00   2.3244909e-05
   2.4200000e+00   4.2494358e-05
   2.4500000e+00   7.8313981e-05
   2.4800000e+00   1.4517356e-04
   2.5100000e+00   2.7010103e-04
   2.5400000e+00   5.0328699e-04
   2.5700000e+00   9.3716223e-04
   2.6000000e+00   1.7400499e-03
   2.6300000e+00   3.2139856e-03
   2.6600000e+00   5.8904879e-03
   2.6900000e+00   1.0680820e-02
   2.7200000e+00   1.9091959e-02
   2.7500000e+00   3.3490193e-02
   2.7800000e+00   5.7312336e-02
   2.8100000e+00   9.4964619e-02
   2.8400000e+00   1.5096882e-01
   2.8700000e+00   2.2800919e-01
   2.9000000e+00   3.2438233e-01
   2.9300000e+00   4.3273308e-01
   2.9600000e+00   5.4198018e-01
   2.9900000e+00   6.4165911e-01
   3.0200000e+00   7.2543069e-01
   3.0500000e+00   7.9168344e-01
   3.0800000e+00   8.4201805e-01
   3.1100000e+00   8.7938598e-01
   3.1400000e+00   9.0684393e-01
   3.1700000e+00   9.2699360e-01
   3.2000000e+00   9.4184853e-01
   3.2300000e+00   9.5289125e-01
   3.2600000e+00   9.6118585e-01
   3.2900000e+00   9.6748759e-01
   3.3200000e+00   9.7233122e-01
   3.3500000e+00   9.7609639e-01
   3.3800000e+00   9.7905432e-01
   3.4100000e+00   9.8140029e-01
   3.4400000e+00   9.8327616e-01
   3.4700000e+00   9.8478592e-01
   3.5000000e+00   9.8600650e-01
   3.5300000e+00   9.8699519e-01
   3.5600000e+00   9.8779502e-01
   3.5900000e+00   9.8843838e-01
   3.6200000e+00   9.8894969e-01
   3.6500000e+00   9.8934730e-01
   3.6800000e+00   9.8964481e-01
   3.7100000e+00   9.8985208e-01
   3.7400000e+00   9.8997589e-01
   3.7700000e+00   9.9002043e-01
   3.8000000e+00   9.8998765e-01
   3.8300000e+00   9.8987743e-01
   3.8600000e+00   9.8968771e-01
   3.8900000e+00   9.8941453e-01
   3.9200000e+00   9.8905196e-01
   3.9500000e+00   9.8859199e-01
   3.9800000e+00   9.8802436e-01
   4.0100000e+00   9.8733634e-01
   4.0400000e+00   9.8651240e-01
   4.0700000e+00   9.8553390e-01
   4.1000000e+00   9.8437859e-01
   4.1300000e+00   9.8302019e-01
   4.1600000e+00   9.8142781e-01
   4.1900000e+00   9.7956535e-01
   4.2200000e+00   9.7739083e-01
   4.2500000e+00   9.7485578e-01
   4.2800000e+00   9.7190450e-01
   4.3100000e+00   9.6847352e-01
   4.3400000e+00   9.6449109e-01
   4.3700000e+00   9.5987689e-01
   4.4000000e+00   9.5454209e-01
   4.4300000e+00   9.4838981e-01
   4.4600000e+00   9.4131627e-01
   4.4900000e+00   9.3321264e-01
   4.5200000e+00   9.2396789e-01
   4.5500000e+00   9.1347277e-01
   4.5800000e+00   9.0162487e-01
   4.6100000e+00   8.8833490e-01
   4.6400000e+00   8.7353387e-01
   4.6700000e+00   8.5718080e-01
   4.7000000e+00   8.3927039e-01
   4.7300000e+00   8.1983973e-01
   4.7600000e+00   7.9897322e-01
   4.7900000e+00   7.7680467e-01
   4.8200000e+00   7.5351597e-01
   4.8500000e+00   7.2933184e-01
   4.8800000e+00   7.0451082e-01
   4.9100000e+00   6.7933335e-01
   4.9400000e+00   6.5408792e-01
   4.9700000e+00   6.2905680e-01
   5.0000000e+00   6.0450299e-01
   5.0300000e+00   5.8065935e-01
   5.0600000e+00   5.5772101e-01
   5.0900000e+00   5.3584120e-01
   5.1200000e+00   5.1513044e-01
   5.1500000e+00   4.9565845e-01
   5.1800000e+00   4.7745822e-01
   5.2100000e+00   4.6053133e-01
   5.2400000e+00   4.4485382e-01
   5.2700000e+00   4.3038211e-01
   5.3000000e+00   4.1705848e-01
   5.3300000e+00   4.0481588e-01
   5.3600000e+00   3.9358193e-01
   5.3900000e+00   3.8328216e-01
   5.4200000e+00   3.7384244e-01
   5.4500000e+00   3.6519080e-01
   5.4800000e+00   3.5725864e-01
   5.5100000e+00   3.4998152e-01
   5.5400000e+00   3.4329959e-01
   5.5700000e+00   3.3715775e-01
   5.6000000e+00   3.3150561e-01
   5.6300000e+00   3.2629738e-01
   5.6600000e+00   3.2149158e-01
   5.6900000e+00   3.1705076e-01
   5.7200000e+00   3.1294121e-01
   5.7500000e+00   3.0913262e-01
   5.7800000e+00   3.0559775e-01
   5.8100000e+00   3.0231214e-01
   5.8400000e+00   2.9925383e-01
   5.8700000e+00   2.9640312e-01
   5.9000000e+00   2.9374226e-01
   5.9300000e+00   2.9125534e-01
   5.9600000e+00   2.8892798e-01
   5.9900000e+00   2.8674726e-01
   6.0200000e+00   2.8470150e-01
   6.0500000e+00   2.8278014e-01
   6.0800000e+00   2.8097364e-01
   6.1100000e+00   2.7927331e-01
   6.1400000e+00   2.7767132e-01
   6.1700000e+00   2.7616048e-01
   6.2000000e+00   2.7473430e-01
   6.2300000e+00   2.7338682e-01
   6.2600000e+00   2.7211261e-01
   6.2900000e+00   2.7090670e-01
   6.3200000e+00   2.6976453e-01
   6.3500000e+00   2.6868191e-01
   6.3800000e+00   2.6765500e-01
   6.4100000e+00   2.6668026e-01
   6.4400000e+00   2.6575441e-01
   6.4700000e+00   2.6487444e-01
   6.5000000e+00   2.6403756e-01
   6.5300000e+00   2.6324121e-01
   6.5600000e+00   2.6248297e-01
   6.5900000e+00   2.6176063e-01
   6.6200000e+00   2.6107214e-01
   6.6500000e+00   2.6041557e-01
   6.6800000e+00   2.5978914e-01
   6.7100000e+00   2.5919118e-01
   6.7400000e+00   2.5862014e-01
   6.7700000e+00   2.5807457e-01
   6.8000000e+00   2.5755311e-01
   6.8300000e+00   2.5705450e-01
   6.8600000e+00   2.5657755e-01
   6.8900000e+00   2.5612115e-01
   6.9200000e+00   2.5568424e-01
   6.9500000e+00   2.5526584e-01
   6.9800000e+00   2.5486505e-01
   7.0100000e+00   2.5448098e-01
   7.0400000e+00   2.5411282e-01
   7.0700000e+00   2.5375980e-01
   7.1000000e+00   2.5342120e-01
   7.1300000e+00   2.5309634e-01
   7.1600000e+00   2.5278457e-01
   7.1900000e+00   2.5248527e-01
   7.2200000e+00   2.5219788e-01
   7.2500000e+00   2.5192185e-01
   7.2800000e+00   2.5165667e-01
   7.3100000e+00   2.5140184e-01
   7.3400000e+00   2.5115691e-01
   7.3700000e+00   2.5092143e-01
   7.4000000e+00   2.5069500e-01
   7.4300000e+00   2.5047722e-01
   7.4600000e+00   2.5026771e-01
   7.4900000e+00   2.5006612e-01
   7.5200000e+00   2.4987211e-01
   7.5500000e+00   2.4968537e-01
   7.5800000e+00   2.4950558e-01
   7.6100000e+00   2.4933246e-01
   7.6400000e+00   2.4916572e-01
   7.6700000e+00   2.4900512e-01
   7.7000000e+00   2.4885039e-01
   7.7300000e+00   2.4870130e-01
   7.7600000e+00   2.4855761e-01
   7.7900000e+00   2.4841912e-01
   7.8200000e+00   2.4828562e-01
   7.8500000e+00   2.4815690e-01
   7.8800000e+00   2.4803278e-01
   7.9100000e+00   2.4791307e-01
   7.9400000e+00   2.4779762e-01
   7.9700000e+00   2.4768624e-01
   8.0000000e+00   2.4757878e-01
