   2.0000000e+00   2.6216588e-06
   2.0300000e+00   3.3335218e-06
   2.0600000e+00   4.2979124e-06
   2.0900000e+00   5.6198558e-06
   2.1200000e+00   7.4532695e-06
   2.1500000e+00   1.0025633e-05
   2.1800000e+00   1.3675795e-05
   2.2100000e+00   1.8912122e-05
   2.2400000e+00   2.6502195e-05
   2.2700000e+00   3.7611350e-05
   2.3000000e+00   5.4016788e-05
   2.3300000e+00   7.8438153e-05
   2.3600000e+00   1.1504679e-04
   2.3900000e+00   1.7024727e-04
   2.4200000e+00   2.5387028e-04
   2.4500000e+00   3.8098003e-04
   2.4800000e+00   5.7458722e-04
   2.5100000e+00   8.6967286e-04
   2.5400000e+00   1.3190685e-03
   2.5700000e+00   2.0018904e-03
   2.6000000e+00   3.0353555e-03
   2.6300000e+00   4.5908381e-03
   2.6600000e+00   6.9148199e-03
   2.6900000e+00   1.0354701e-02
   2.7200000e+00   1.5387930e-02
   2.7500000e+00   2.2650161e-02
   2.7800000e+00   3.2953801e-02
   2.8100000e+00   4.7282745e-02
   2.8400000e+00   6.6743829e-02
   2.8700000e+00   9.2454837e-02
   2.9000000e+00   1.2535896e-01
   2.9300000e+00   1.6598197e-01
   2.9600000e+00   2.1418823e-01
   2.9900000e+00   2.6902574e-01
   3.0200000e+00   3.2874821e-01
   3.0500000e+00   3.9104478e-01
   3.0800000e+00   4.5341743e-01
   3.1100000e+00   5.1357954e-01
   3.1400000e+00   5.6975051e-01
   3.1700000e+00   6.2078437e-01
   3.2000000e+00   6.6614509e-01
   3.2300000e+00   7.0578617e-01
   3.2600000e+00   7.3999749e-01
   3.2900000e+00   7.6926344e-01
   3.3200000e+00   7.9415312e-01
   3.3500000e+00   8.1524611e-01
   3.3800000e+00   8.3308835e-01
   3.4100000e+00   8.4816992e-01
   3.4400000e+00   8.6091722e-01
   3.4700000e+00   8.7169346e-01
   3.5000000e+00   8.8080363e-01
   3.5300000e+00   8.8850134e-01
   3.5600000e+00   8.9499600e-01
   3.5900000e+00   9.0045969e-01
   3.6200000e+00   9.0503324e-01
   3.6500000e+00   9.0883148e-01
   3.6800000e+00   9.1194759e-01
   3.7100000e+00   9.1445680e-01
   3.7400000e+00   9.1641932e-01
   3.7700000e+00   9.1788276e-01
   3.8000000e+00   9.1888406e-01
   3.8300000e+00   9.1945107e-01
   3.8600000e+00   9.1960377e-01
   3.8900000e+00   9.1935530e-01
   3.9200000e+00   9.1871268e-01
   3.9500000e+00   9.1767753e-01
   3.9800000e+00   9.1624651e-01
   4.0100000e+00   9.1441177e-01
   4.0400000e+00   9.1216129e-01
   4.0700000e+00   9.0947916e-01
   4.1000000e+00   9.0634592e-01
   4.1300000e+00   9.0273883e-01
   4.1600000e+00   8.9863217e-01
   4.1900000e+00   8.9399766e-01
   4.2200000e+00   8.8880487e-01
   4.2500000e+00   8.8302175e-01
   4.2800000e+00   8.7661531e-01
   4.3100000e+00   8.6955236e-01
   4.3400000e+00   8.6180044e-01
   4.3700000e+00   8.5332889e-01
   4.4000000e+00   8.4411004e-01
   4.4300000e+00   8.3412056e-01
   4.4600000e+00   8.2334288e-01
   4.4900000e+00   8.1176668e-01
   4.5200000e+00   7.9939040e-01
   4.5500000e+00   7.8622262e-01
   4.5800000e+00   7.7228332e-01
   4.6100000e+00   7.5760480e-01
   4.6400000e+00   7.4223235e-01
   4.6700000e+00   7.2622434e-01
   4.7000000e+00   7.0965190e-01
   4.7300000e+00   6.9259796e-01
   4.7600000e+00   6.7515575e-01
   4.7900000e+00   6.5742682e-01
   4.8200000e+00   6.3951861e-01
   4.8500000e+00   6.2154168e-01
   4.8800000e+00   6.0360685e-01
   4.9100000e+00   5.8582229e-01
   4.9400000e+00   5.6829083e-01
   4.9700000e+00   5.5110756e-01
   5.0000000e+00   5.3435789e-01
   5.0300000e+00   5.1811605e-01
   5.0600000e+00   5.0244423e-01
   5.0900000e+00   4.8739215e-01
   5.1200000e+00   4.7299717e-01
   5.1500000e+00   4.5928477e-01
   5.1800000e+00   4.4626945e-01
   5.2100000e+00   4.3395576e-01
   5.2400000e+00   4.2233954e-01
   5.2700000e+00   4.1140924e-01
   5.3000000e+00   4.0114724e-01
   5.3300000e+00   3.9153106e-01
   5.3600000e+00   3.8253457e-01
   5.3900000e+00   3.7412902e-01
   5.4200000e+00   3.6628396e-01
   5.4500000e+00   3.5896804e-01
   5.4800000e+00   3.5214966e-01
   5.5100000e+00   3.4579747e-01
   5.5400000e+00   3.3988083e-01
   5.5700000e+00   3.3437010e-01
   5.6000000e+00   3.2923688e-01
   5.6300000e+00   3.2445416e-01
   5.6600000e+00   3.1999644e-01
   5.6900000e+00   3.1583972e-01
   5.7200000e+00   3.1196160e-01
   5.7500000e+00   3.0834118e-01
   5.7800000e+00   3.0495904e-01
   5.8100000e+00   3.0179723e-01
   5.8400000e+00   2.9883913e-01
   5.8700000e+00   2.9606941e-01
   5.9000000e+00   2.9347395e-01
   5.9300000e+00   2.9103977e-01
   5.9600000e+00   2.8875491e-01
   5.9900000e+00   2.8660840e-01
   6.0200000e+00   2.8459016e-01
   6.0500000e+00   2.8269092e-01
   6.0800000e+00   2.8090217e-01
   6.1100000e+00   2.7921610e-01
   6.1400000e+00   2.7762554e-01
   6.1700000e+00   2.7612387e-01
   6.2000000e+00   2.7470503e-01
   6.2300000e+00   2.7336343e-01
   6.2600000e+00   2.7209392e-01
   6.2900000e+00   2.7089178e-01
   6.3200000e+00   2.6975261e-01
   6.3500000e+00   2.6867240e-01
   6.3800000e+00   2.6764741e-01
   6.4100000e+00   2.6667420e-01
   6.4400000e+00   2.6574958e-01
   6.4700000e+00   2.6487059e-01
   6.5000000e+00   2.6403450e-01
   6.5300000e+00   2.6323876e-01
   6.5600000e+00   2.6248102e-01
   6.5900000e+00   2.6175908e-01
   6.6200000e+00   2.6107090e-01
   6.6500000e+00   2.6041459e-01
   6.6800000e+00   2.5978835e-01
   6.7100000e+00   2.5919055e-01
   6.7400000e+00   2.5861964e-01
   6.7700000e+00   2.5807417e-01
   6.8000000e+00   2.5755280e-01
   6.8300000e+00   2.5705425e-01
   6.8600000e+00   2.5657735e-01
   6.8900000e+00   2.5612099e-01
   6.9200000e+00   2.5568411e-01
   6.9500000e+00   2.5526574e-01
   6.9800000e+00   2.5486497e-01
   7.0100000e+00   2.5448091e-01
   7.0400000e+00   2.5411277e-01
   7.0700000e+00   2.5375976e-01
   7.1000000e+00   2.5342117e-01
   7.1300000e+00   2.5309631e-01
   7.1600000e+00   2.5278455e-01
   7.1900000e+00   2.5248526e-01
   7.2200000e+00   2.5219787e-01
   7.2500000e+00   2.5192184e-01
   7.2800000e+00   2.5165666e-01
   7.3100000e+00   2.5140183e-01
   7.3400000e+00   2.5115690e-01
   7.3700000e+00   2.5092143e-01
   7.4000000e+00   2.5069500e-01
   7.4300000e+00   2.5047721e-01
   7.4600000e+00   2.5026771e-01
   7.4900000e+00   2.5006612e-01
   7.5200000e+00   2.4987211e-01
   7.5500000e+00   2.4968537e-01
   7.5800000e+00   2.4950558e-01
   7.6100000e+00   2.4933245e-01
   7.6400000e+00   2.4916572e-01
   7.6700000e+00   2.4900512e-01
   7.7000000e+00   2.4885039e-01
   7.7300000e+00   2.4870129e-01
   7.7600000e+00   2.4855761e-01
   7.7900000e+00   2.4841912e-01
   7.8200000e+00   2.4828562e-01
   7.8500000e+00   2.4815690e-01
   7.8800000e+00   2.4803278e-01
   7.9100000e+00   2.4791307e-01
   7.9400000e+00   2.4779762e-01
   7.9700000e+00   2.4768624e-01
   8.0000000e+00   2.4757878e-01
