   5.0000000e+00             1
   5.0030000e+00   9.8229830e-01
   5.0060000e+00   9.6532869e-01
   5.0090000e+00   9.4904698e-01
   5.0120000e+00   9.3341249e-01
   5.0150000e+00   9.1838765e-01
   5.0180000e+00   9.0393777e-01
   5.0210000e+00   8.9003071e-01
   5.0240000e+00   8.7663672e-01
   5.0270000e+00   8.6372814e-01
   5.0300000e+00   8.5127929e-01
   5.0330000e+00   8.3926626e-01
   5.0360000e+00   8.2766678e-01
   5.0390000e+00   8.1646005e-01
   5.0420000e+00   8.0562666e-01
   5.0450000e+00   7.9514844e-01
   5.0480000e+00   7.8500839e-01
   5.0510000e+00   7.7519058e-01
   5.0540000e+00   7.6568006e-01
   5.0570000e+00   7.5646277e-01
   5.0600000e+00   7.4752553e-01
   5.0630000e+00   7.3885592e-01
   5.0660000e+00   7.3044224e-01
   5.0690000e+00   7.2227345e-01
   5.0720000e+00   7.1433917e-01
   5.0750000e+00   7.0662956e-01
   5.0780000e+00   6.9913535e-01
   5.0810000e+00   6.9184776e-01
   5.0840000e+00   6.8475848e-01
   5.0870000e+00   6.7785963e-01
   5.0900000e+00   6.7114377e-01
   5.0930000e+00   6.6460381e-01
   5.0960000e+00   6.5823304e-01
   5.0990000e+00   6.5202509e-01
   5.1020000e+00   6.4597388e-01
   5.1050000e+00   6.4007365e-01
   5.1080000e+00   6.3431892e-01
   5.1110000e+00   6.2870446e-01
   5.1140000e+00   6.2322529e-01
   5.1170000e+00   6.1787667e-01
   5.1200000e+00   6.1265407e-01
   5.1230000e+00   6.0755316e-01
   5.1260000e+00   6.0256984e-01
   5.1290000e+00   5.9770014e-01
   5.1320000e+00   5.9294031e-01
   5.1350000e+00   5.8828674e-01
   5.1380000e+00   5.8373599e-01
   5.1410000e+00   5.7928474e-01
   5.1440000e+00   5.7492985e-01
   5.1470000e+00   5.7066828e-01
   5.1500000e+00   5.6649713e-01
   5.1530000e+00   5.6241362e-01
   5.1560000e+00   5.5841507e-01
   5.1590000e+00   5.5449891e-01
   5.1620000e+00   5.5066269e-01
   5.1650000e+00   5.4690403e-01
   5.1680000e+00   5.4322068e-01
   5.1710000e+00   5.3961043e-01
   5.1740000e+00   5.3607118e-01
   5.1770000e+00   5.3260092e-01
   5.1800000e+00   5.2919770e-01
   5.1830000e+00   5.2585963e-01
   5.1860000e+00   5.2258493e-01
   5.1890000e+00   5.1937183e-01
   5.1920000e+00   5.1621868e-01
   5.1950000e+00   5.1312385e-01
   5.1980000e+00   5.1008578e-01
   5.2010000e+00   5.0710297e-01
   5.2040000e+00   5.0417397e-01
   5.2070000e+00   5.0129737e-01
   5.2100000e+00   4.9847182e-01
   5.2130000e+00   4.9569602e-01
   5.2160000e+00   4.9296869e-01
   5.2190000e+00   4.9028862e-01
   5.2220000e+00   4.8765463e-01
   5.2250000e+00   4.8506557e-01
   5.2280000e+00   4.8252035e-01
   5.2310000e+00   4.8001789e-01
   5.2340000e+00   4.7755715e-01
   5.2370000e+00   4.7513714e-01
   5.2400000e+00   4.7275688e-01
   5.2430000e+00   4.7041544e-01
   5.2460000e+00   4.6811190e-01
   5.2490000e+00   4.6584539e-01
   5.2520000e+00   4.6361504e-01
   5.2550000e+00   4.6142003e-01
   5.2580000e+00   4.5925956e-01
   5.2610000e+00   4.5713284e-01
   5.2640000e+00   4.5503911e-01
   5.2670000e+00   4.5297765e-01
   5.2700000e+00   4.5094774e-01
   5.2730000e+00   4.4894868e-01
   5.2760000e+00   4.4697981e-01
   5.2790000e+00   4.4504047e-01
   5.2820000e+00   4.4313002e-01
   5.2850000e+00   4.4124786e-01
   5.2880000e+00   4.3939338e-01
   5.2910000e+00   4.3756599e-01
   5.2940000e+00   4.3576514e-01
   5.2970000e+00   4.3399027e-01
   5.3000000e+00   4.3224084e-01
   5.3030000e+00   4.3051634e-01
   5.3060000e+00   4.2881626e-01
   5.3090000e+00   4.2714009e-01
   5.3120000e+00   4.2548737e-01
   5.3150000e+00   4.2385763e-01
   5.3180000e+00   4.2225040e-01
   5.3210000e+00   4.2066525e-01
   5.3240000e+00   4.1910175e-01
   5.3270000e+00   4.1755946e-01
   5.3300000e+00   4.1603799e-01
   5.3330000e+00   4.1453693e-01
   5.3360000e+00   4.1305590e-01
   5.3390000e+00   4.1159450e-01
   5.3420000e+00   4.1015238e-01
   5.3450000e+00   4.0872916e-01
   5.3480000e+00   4.0732451e-01
   5.3510000e+00   4.0593807e-01
   5.3540000e+00   4.0456951e-01
   5.3570000e+00   4.0321850e-01
   5.3600000e+00   4.0188472e-01
   5.3630000e+00   4.0056787e-01
   5.3660000e+00   3.9926763e-01
   5.3690000e+00   3.9798371e-01
   5.3720000e+00   3.9671581e-01
   5.3750000e+00   3.9546367e-01
   5.3780000e+00   3.9422699e-01
   5.3810000e+00   3.9300550e-01
   5.3840000e+00   3.9179896e-01
   5.3870000e+00   3.9060708e-01
   5.3900000e+00   3.8942964e-01
   5.3930000e+00   3.8826636e-01
   5.3960000e+00   3.8711703e-01
   5.3990000e+00   3.8598139e-01
   5.4020000e+00   3.8485922e-01
   5.4050000e+00   3.8375030e-01
   5.4080000e+00   3.8265439e-01
   5.4110000e+00   3.8157130e-01
   5.4140000e+00   3.8050080e-01
   5.4170000e+00   3.7944269e-01
   5.4200000e+00   3.7839678e-01
   5.4230000e+00   3.7736285e-01
   5.4260000e+00   3.7634072e-01
   5.4290000e+00   3.7533019e-01
   5.4320000e+00   3.7433109e-01
   5.4350000e+00   3.7334323e-01
   5.4380000e+00   3.7236643e-01
   5.4410000e+00   3.7140053e-01
   5.4440000e+00   3.7044534e-01
   5.4470000e+00   3.6950070e-01
   5.4500000e+00   3.6856645e-01
   5.4530000e+00   3.6764243e-01
   5.4560000e+00   3.6672848e-01
   5.4590000e+00   3.6582445e-01
   5.4620000e+00   3.6493018e-01
   5.4650000e+00   3.6404553e-01
   5.4680000e+00   3.6317036e-01
   5.4710000e+00   3.6230452e-01
   5.4740000e+00   3.6144787e-01
   5.4770000e+00   3.6060028e-01
   5.4800000e+00   3.5976161e-01
   5.4830000e+00   3.5893173e-01
   5.4860000e+00   3.5811052e-01
   5.4890000e+00   3.5729784e-01
   5.4920000e+00   3.5649357e-01
   5.4950000e+00   3.5569760e-01
   5.4980000e+00   3.5490979e-01
   5.5010000e+00   3.5413005e-01
   5.5040000e+00   3.5335824e-01
   5.5070000e+00   3.5259426e-01
   5.5100000e+00   3.5183800e-01
   5.5130000e+00   3.5108934e-01
   5.5160000e+00   3.5034819e-01
   5.5190000e+00   3.4961444e-01
   5.5220000e+00   3.4888798e-01
   5.5250000e+00   3.4816872e-01
   5.5280000e+00   3.4745655e-01
   5.5310000e+00   3.4675138e-01
   5.5340000e+00   3.4605311e-01
   5.5370000e+00   3.4536165e-01
   5.5400000e+00   3.4467691e-01
   5.5430000e+00   3.4399880e-01
   5.5460000e+00   3.4332722e-01
   5.5490000e+00   3.4266209e-01
   5.5520000e+00   3.4200333e-01
   5.5550000e+00   3.4135085e-01
   5.5580000e+00   3.4070456e-01
   5.5610000e+00   3.4006440e-01
   5.5640000e+00   3.3943027e-01
   5.5670000e+00   3.3880209e-01
   5.5700000e+00   3.3817980e-01
   5.5730000e+00   3.3756331e-01
   5.5760000e+00   3.3695255e-01
   5.5790000e+00   3.3634744e-01
   5.5820000e+00   3.3574792e-01
   5.5850000e+00   3.3515392e-01
   5.5880000e+00   3.3456535e-01
   5.5910000e+00   3.3398216e-01
   5.5940000e+00   3.3340428e-01
   5.5970000e+00   3.3283164e-01
   5.6000000e+00   3.3226417e-01
   5.6030000e+00   3.3170181e-01
   5.6060000e+00   3.3114450e-01
   5.6090000e+00   3.3059218e-01
   5.6120000e+00   3.3004477e-01
   5.6150000e+00   3.2950224e-01
   5.6180000e+00   3.2896450e-01
   5.6210000e+00   3.2843152e-01
   5.6240000e+00   3.2790322e-01
   5.6270000e+00   3.2737955e-01
   5.6300000e+00   3.2686046e-01
   5.6330000e+00   3.2634589e-01
   5.6360000e+00   3.2583579e-01
   5.6390000e+00   3.2533010e-01
   5.6420000e+00   3.2482877e-01
   5.6450000e+00   3.2433176e-01
   5.6480000e+00   3.2383901e-01
   5.6510000e+00   3.2335046e-01
   5.6540000e+00   3.2286608e-01
   5.6570000e+00   3.2238581e-01
   5.6600000e+00   3.2190960e-01
   5.6630000e+00   3.2143741e-01
   5.6660000e+00   3.2096920e-01
   5.6690000e+00   3.2050491e-01
   5.6720000e+00   3.2004450e-01
   5.6750000e+00   3.1958793e-01
   5.6780000e+00   3.1913515e-01
   5.6810000e+00   3.1868613e-01
   5.6840000e+00   3.1824081e-01
   5.6870000e+00   3.1779916e-01
   5.6900000e+00   3.1736113e-01
   5.6930000e+00   3.1692669e-01
   5.6960000e+00   3.1649580e-01
   5.6990000e+00   3.1606841e-01
   5.7020000e+00   3.1564449e-01
   5.7050000e+00   3.1522400e-01
   5.7080000e+00   3.1480690e-01
   5.7110000e+00   3.1439315e-01
   5.7140000e+00   3.1398272e-01
   5.7170000e+00   3.1357558e-01
   5.7200000e+00   3.1317168e-01
   5.7230000e+00   3.1277099e-01
   5.7260000e+00   3.1237348e-01
   5.7290000e+00   3.1197911e-01
   5.7320000e+00   3.1158785e-01
   5.7350000e+00   3.1119967e-01
   5.7380000e+00   3.1081453e-01
   5.7410000e+00   3.1043240e-01
   5.7440000e+00   3.1005325e-01
   5.7470000e+00   3.0967705e-01
   5.7500000e+00   3.0930376e-01
   5.7530000e+00   3.0893336e-01
   5.7560000e+00   3.0856582e-01
   5.7590000e+00   3.0820111e-01
   5.7620000e+00   3.0783919e-01
   5.7650000e+00   3.0748004e-01
   5.7680000e+00   3.0712363e-01
   5.7710000e+00   3.0676993e-01
   5.7740000e+00   3.0641892e-01
   5.7770000e+00   3.0607057e-01
   5.7800000e+00   3.0572484e-01
   5.7830000e+00   3.0538172e-01
   5.7860000e+00   3.0504117e-01
   5.7890000e+00   3.0470318e-01
   5.7920000e+00   3.0436771e-01
   5.7950000e+00   3.0403474e-01
   5.7980000e+00   3.0370424e-01
   5.8010000e+00   3.0337620e-01
   5.8040000e+00   3.0305058e-01
   5.8070000e+00   3.0272736e-01
   5.8100000e+00   3.0240652e-01
   5.8130000e+00   3.0208804e-01
   5.8160000e+00   3.0177189e-01
   5.8190000e+00   3.0145805e-01
   5.8220000e+00   3.0114649e-01
   5.8250000e+00   3.0083720e-01
   5.8280000e+00   3.0053015e-01
   5.8310000e+00   3.0022531e-01
   5.8340000e+00   2.9992268e-01
   5.8370000e+00   2.9962223e-01
   5.8400000e+00   2.9932393e-01
   5.8430000e+00   2.9902777e-01
   5.8460000e+00   2.9873373e-01
   5.8490000e+00   2.9844178e-01
   5.8520000e+00   2.9815191e-01
   5.8550000e+00   2.9786409e-01
   5.8580000e+00   2.9757831e-01
   5.8610000e+00   2.9729455e-01
   5.8640000e+00   2.9701279e-01
   5.8670000e+00   2.9673300e-01
   5.8700000e+00   2.9645518e-01
   5.8730000e+00   2.9617930e-01
   5.8760000e+00   2.9590535e-01
   5.8790000e+00   2.9563330e-01
   5.8820000e+00   2.9536315e-01
   5.8850000e+00   2.9509486e-01
   5.8880000e+00   2.9482843e-01
   5.8910000e+00   2.9456384e-01
   5.8940000e+00   2.9430107e-01
   5.8970000e+00   2.9404011e-01
   5.9000000e+00   2.9378093e-01
   5.9030000e+00   2.9352353e-01
   5.9060000e+00   2.9326788e-01
   5.9090000e+00   2.9301397e-01
   5.9120000e+00   2.9276179e-01
   5.9150000e+00   2.9251132e-01
   5.9180000e+00   2.9226254e-01
   5.9210000e+00   2.9201543e-01
   5.9240000e+00   2.9177000e-01
   5.9270000e+00   2.9152621e-01
   5.9300000e+00   2.9128405e-01
   5.9330000e+00   2.9104352e-01
   5.9360000e+00   2.9080459e-01
   5.9390000e+00   2.9056726e-01
   5.9420000e+00   2.9033150e-01
   5.9450000e+00   2.9009730e-01
   5.9480000e+00   2.8986466e-01
   5.9510000e+00   2.8963355e-01
   5.9540000e+00   2.8940396e-01
   5.9570000e+00   2.8917589e-01
   5.9600000e+00   2.8894931e-01
   5.9630000e+00   2.8872422e-01
   5.9660000e+00   2.8850059e-01
   5.9690000e+00   2.8827843e-01
   5.9720000e+00   2.8805771e-01
   5.9750000e+00   2.8783843e-01
   5.9780000e+00   2.8762057e-01
   5.9810000e+00   2.8740412e-01
   5.9840000e+00   2.8718906e-01
   5.9870000e+00   2.8697540e-01
   5.9900000e+00   2.8676310e-01
   5.9930000e+00   2.8655217e-01
   5.9960000e+00   2.8634259e-01
   5.9990000e+00   2.8613435e-01
   6.0020000e+00   2.8592744e-01
   6.0050000e+00   2.8572185e-01
   6.0080000e+00   2.8551756e-01
   6.0110000e+00   2.8531457e-01
   6.0140000e+00   2.8511286e-01
   6.0170000e+00   2.8491243e-01
   6.0200000e+00   2.8471327e-01
   6.0230000e+00   2.8451535e-01
   6.0260000e+00   2.8431868e-01
   6.0290000e+00   2.8412324e-01
   6.0320000e+00   2.8392903e-01
   6.0350000e+00   2.8373603e-01
   6.0380000e+00   2.8354423e-01
   6.0410000e+00   2.8335363e-01
   6.0440000e+00   2.8316421e-01
   6.0470000e+00   2.8297596e-01
   6.0500000e+00   2.8278888e-01
   6.0530000e+00   2.8260296e-01
   6.0560000e+00   2.8241818e-01
   6.0590000e+00   2.8223453e-01
   6.0620000e+00   2.8205202e-01
   6.0650000e+00   2.8187062e-01
   6.0680000e+00   2.8169034e-01
   6.0710000e+00   2.8151116e-01
   6.0740000e+00   2.8133306e-01
   6.0770000e+00   2.8115606e-01
   6.0800000e+00   2.8098013e-01
   6.0830000e+00   2.8080526e-01
   6.0860000e+00   2.8063145e-01
   6.0890000e+00   2.8045870e-01
   6.0920000e+00   2.8028698e-01
   6.0950000e+00   2.8011630e-01
   6.0980000e+00   2.7994665e-01
   6.1010000e+00   2.7977801e-01
   6.1040000e+00   2.7961039e-01
   6.1070000e+00   2.7944376e-01
   6.1100000e+00   2.7927813e-01
   6.1130000e+00   2.7911349e-01
   6.1160000e+00   2.7894983e-01
   6.1190000e+00   2.7878714e-01
   6.1220000e+00   2.7862541e-01
   6.1250000e+00   2.7846464e-01
   6.1280000e+00   2.7830482e-01
   6.1310000e+00   2.7814594e-01
   6.1340000e+00   2.7798800e-01
   6.1370000e+00   2.7783099e-01
   6.1400000e+00   2.7767489e-01
   6.1430000e+00   2.7751972e-01
   6.1460000e+00   2.7736544e-01
   6.1490000e+00   2.7721207e-01
   6.1520000e+00   2.7705960e-01
   6.1550000e+00   2.7690801e-01
   6.1580000e+00   2.7675730e-01
   6.1610000e+00   2.7660746e-01
   6.1640000e+00   2.7645850e-01
   6.1670000e+00   2.7631039e-01
   6.1700000e+00   2.7616314e-01
   6.1730000e+00   2.7601674e-01
   6.1760000e+00   2.7587118e-01
   6.1790000e+00   2.7572645e-01
   6.1820000e+00   2.7558256e-01
   6.1850000e+00   2.7543948e-01
   6.1880000e+00   2.7529723e-01
   6.1910000e+00   2.7515579e-01
   6.1940000e+00   2.7501515e-01
   6.1970000e+00   2.7487531e-01
   6.2000000e+00   2.7473627e-01
   6.2030000e+00   2.7459802e-01
   6.2060000e+00   2.7446055e-01
   6.2090000e+00   2.7432385e-01
   6.2120000e+00   2.7418793e-01
   6.2150000e+00   2.7405277e-01
   6.2180000e+00   2.7391838e-01
   6.2210000e+00   2.7378474e-01
   6.2240000e+00   2.7365184e-01
   6.2270000e+00   2.7351969e-01
   6.2300000e+00   2.7338829e-01
   6.2330000e+00   2.7325761e-01
   6.2360000e+00   2.7312766e-01
   6.2390000e+00   2.7299844e-01
   6.2420000e+00   2.7286993e-01
   6.2450000e+00   2.7274214e-01
   6.2480000e+00   2.7261506e-01
   6.2510000e+00   2.7248868e-01
   6.2540000e+00   2.7236299e-01
   6.2570000e+00   2.7223800e-01
   6.2600000e+00   2.7211370e-01
   6.2630000e+00   2.7199008e-01
   6.2660000e+00   2.7186714e-01
   6.2690000e+00   2.7174488e-01
   6.2720000e+00   2.7162328e-01
   6.2750000e+00   2.7150235e-01
   6.2780000e+00   2.7138208e-01
   6.2810000e+00   2.7126247e-01
   6.2840000e+00   2.7114350e-01
   6.2870000e+00   2.7102518e-01
   6.2900000e+00   2.7090751e-01
   6.2930000e+00   2.7079047e-01
   6.2960000e+00   2.7067407e-01
   6.2990000e+00   2.7055829e-01
   6.3020000e+00   2.7044314e-01
   6.3050000e+00   2.7032861e-01
   6.3080000e+00   2.7021470e-01
   6.3110000e+00   2.7010140e-01
   6.3140000e+00   2.6998871e-01
   6.3170000e+00   2.6987662e-01
   6.3200000e+00   2.6976513e-01
   6.3230000e+00   2.6965424e-01
   6.3260000e+00   2.6954394e-01
   6.3290000e+00   2.6943422e-01
   6.3320000e+00   2.6932509e-01
   6.3350000e+00   2.6921654e-01
   6.3380000e+00   2.6910857e-01
   6.3410000e+00   2.6900117e-01
   6.3440000e+00   2.6889433e-01
   6.3470000e+00   2.6878807e-01
   6.3500000e+00   2.6868236e-01
   6.3530000e+00   2.6857721e-01
   6.3560000e+00   2.6847261e-01
   6.3590000e+00   2.6836856e-01
   6.3620000e+00   2.6826506e-01
   6.3650000e+00   2.6816211e-01
   6.3680000e+00   2.6805969e-01
   6.3710000e+00   2.6795780e-01
   6.3740000e+00   2.6785645e-01
   6.3770000e+00   2.6775563e-01
   6.3800000e+00   2.6765533e-01
   6.3830000e+00   2.6755556e-01
   6.3860000e+00   2.6745630e-01
   6.3890000e+00   2.6735756e-01
   6.3920000e+00   2.6725933e-01
   6.3950000e+00   2.6716160e-01
   6.3980000e+00   2.6706439e-01
   6.4010000e+00   2.6696767e-01
   6.4040000e+00   2.6687145e-01
   6.4070000e+00   2.6677573e-01
   6.4100000e+00   2.6668050e-01
   6.4130000e+00   2.6658576e-01
   6.4160000e+00   2.6649150e-01
   6.4190000e+00   2.6639773e-01
   6.4220000e+00   2.6630444e-01
   6.4250000e+00   2.6621162e-01
   6.4280000e+00   2.6611928e-01
   6.4310000e+00   2.6602741e-01
   6.4340000e+00   2.6593601e-01
   6.4370000e+00   2.6584507e-01
   6.4400000e+00   2.6575459e-01
   6.4430000e+00   2.6566457e-01
   6.4460000e+00   2.6557501e-01
   6.4490000e+00   2.6548590e-01
   6.4520000e+00   2.6539724e-01
   6.4550000e+00   2.6530902e-01
   6.4580000e+00   2.6522125e-01
   6.4610000e+00   2.6513393e-01
   6.4640000e+00   2.6504704e-01
   6.4670000e+00   2.6496059e-01
   6.4700000e+00   2.6487457e-01
   6.4730000e+00   2.6478899e-01
   6.4760000e+00   2.6470383e-01
   6.4790000e+00   2.6461910e-01
   6.4820000e+00   2.6453479e-01
   6.4850000e+00   2.6445090e-01
   6.4880000e+00   2.6436743e-01
   6.4910000e+00   2.6428437e-01
   6.4940000e+00   2.6420173e-01
   6.4970000e+00   2.6411949e-01
   6.5000000e+00   2.6403767e-01
   6.5030000e+00   2.6395624e-01
   6.5060000e+00   2.6387523e-01
   6.5090000e+00   2.6379461e-01
   6.5120000e+00   2.6371439e-01
   6.5150000e+00   2.6363456e-01
   6.5180000e+00   2.6355513e-01
   6.5210000e+00   2.6347609e-01
   6.5240000e+00   2.6339743e-01
   6.5270000e+00   2.6331916e-01
   6.5300000e+00   2.6324128e-01
   6.5330000e+00   2.6316378e-01
   6.5360000e+00   2.6308665e-01
   6.5390000e+00   2.6300990e-01
   6.5420000e+00   2.6293353e-01
   6.5450000e+00   2.6285753e-01
   6.5480000e+00   2.6278190e-01
   6.5510000e+00   2.6270663e-01
   6.5540000e+00   2.6263173e-01
   6.5570000e+00   2.6255720e-01
   6.5600000e+00   2.6248302e-01
   6.5630000e+00   2.6240921e-01
   6.5660000e+00   2.6233575e-01
   6.5690000e+00   2.6226264e-01
   6.5720000e+00   2.6218989e-01
   6.5750000e+00   2.6211749e-01
   6.5780000e+00   2.6204544e-01
   6.5810000e+00   2.6197373e-01
   6.5840000e+00   2.6190237e-01
   6.5870000e+00   2.6183135e-01
   6.5900000e+00   2.6176067e-01
   6.5930000e+00   2.6169033e-01
   6.5960000e+00   2.6162033e-01
   6.5990000e+00   2.6155066e-01
   6.6020000e+00   2.6148132e-01
   6.6050000e+00   2.6141231e-01
   6.6080000e+00   2.6134364e-01
   6.6110000e+00   2.6127528e-01
   6.6140000e+00   2.6120726e-01
   6.6170000e+00   2.6113955e-01
   6.6200000e+00   2.6107217e-01
   6.6230000e+00   2.6100511e-01
   6.6260000e+00   2.6093836e-01
   6.6290000e+00   2.6087193e-01
   6.6320000e+00   2.6080581e-01
   6.6350000e+00   2.6074000e-01
   6.6380000e+00   2.6067451e-01
   6.6410000e+00   2.6060932e-01
   6.6440000e+00   2.6054444e-01
   6.6470000e+00   2.6047986e-01
   6.6500000e+00   2.6041559e-01
   6.6530000e+00   2.6035162e-01
   6.6560000e+00   2.6028795e-01
   6.6590000e+00   2.6022457e-01
   6.6620000e+00   2.6016149e-01
   6.6650000e+00   2.6009871e-01
   6.6680000e+00   2.6003622e-01
   6.6710000e+00   2.5997402e-01
   6.6740000e+00   2.5991211e-01
   6.6770000e+00   2.5985049e-01
   6.6800000e+00   2.5978915e-01
   6.6830000e+00   2.5972810e-01
   6.6860000e+00   2.5966733e-01
   6.6890000e+00   2.5960685e-01
   6.6920000e+00   2.5954664e-01
   6.6950000e+00   2.5948671e-01
   6.6980000e+00   2.5942706e-01
   6.7010000e+00   2.5936768e-01
   6.7040000e+00   2.5930858e-01
   6.7070000e+00   2.5924975e-01
   6.7100000e+00   2.5919119e-01
   6.7130000e+00   2.5913290e-01
   6.7160000e+00   2.5907487e-01
   6.7190000e+00   2.5901712e-01
   6.7220000e+00   2.5895962e-01
   6.7250000e+00   2.5890239e-01
   6.7280000e+00   2.5884543e-01
   6.7310000e+00   2.5878872e-01
   6.7340000e+00   2.5873227e-01
   6.7370000e+00   2.5867608e-01
   6.7400000e+00   2.5862015e-01
   6.7430000e+00   2.5856447e-01
   6.7460000e+00   2.5850904e-01
   6.7490000e+00   2.5845386e-01
   6.7520000e+00   2.5839894e-01
   6.7550000e+00   2.5834426e-01
   6.7580000e+00   2.5828983e-01
   6.7610000e+00   2.5823565e-01
   6.7640000e+00   2.5818172e-01
   6.7670000e+00   2.5812802e-01
   6.7700000e+00   2.5807457e-01
   6.7730000e+00   2.5802136e-01
   6.7760000e+00   2.5796840e-01
   6.7790000e+00   2.5791566e-01
   6.7820000e+00   2.5786317e-01
   6.7850000e+00   2.5781091e-01
   6.7880000e+00   2.5775889e-01
   6.7910000e+00   2.5770710e-01
   6.7940000e+00   2.5765554e-01
   6.7970000e+00   2.5760422e-01
   6.8000000e+00   2.5755312e-01
   6.8030000e+00   2.5750225e-01
   6.8060000e+00   2.5745161e-01
   6.8090000e+00   2.5740119e-01
   6.8120000e+00   2.5735100e-01
   6.8150000e+00   2.5730103e-01
   6.8180000e+00   2.5725129e-01
   6.8210000e+00   2.5720176e-01
   6.8240000e+00   2.5715246e-01
   6.8270000e+00   2.5710338e-01
   6.8300000e+00   2.5705451e-01
   6.8330000e+00   2.5700586e-01
   6.8360000e+00   2.5695742e-01
   6.8390000e+00   2.5690920e-01
   6.8420000e+00   2.5686119e-01
   6.8450000e+00   2.5681340e-01
   6.8480000e+00   2.5676581e-01
   6.8510000e+00   2.5671843e-01
   6.8540000e+00   2.5667127e-01
   6.8570000e+00   2.5662431e-01
   6.8600000e+00   2.5657756e-01
   6.8630000e+00   2.5653101e-01
   6.8660000e+00   2.5648466e-01
   6.8690000e+00   2.5643852e-01
   6.8720000e+00   2.5639259e-01
   6.8750000e+00   2.5634685e-01
   6.8780000e+00   2.5630131e-01
   6.8810000e+00   2.5625598e-01
   6.8840000e+00   2.5621084e-01
   6.8870000e+00   2.5616589e-01
   6.8900000e+00   2.5612115e-01
   6.8930000e+00   2.5607660e-01
   6.8960000e+00   2.5603224e-01
   6.8990000e+00   2.5598807e-01
   6.9020000e+00   2.5594410e-01
   6.9050000e+00   2.5590032e-01
   6.9080000e+00   2.5585673e-01
   6.9110000e+00   2.5581332e-01
   6.9140000e+00   2.5577011e-01
   6.9170000e+00   2.5572708e-01
   6.9200000e+00   2.5568424e-01
   6.9230000e+00   2.5564158e-01
   6.9260000e+00   2.5559911e-01
   6.9290000e+00   2.5555682e-01
   6.9320000e+00   2.5551471e-01
   6.9350000e+00   2.5547279e-01
   6.9380000e+00   2.5543104e-01
   6.9410000e+00   2.5538947e-01
   6.9440000e+00   2.5534809e-01
   6.9470000e+00   2.5530688e-01
   6.9500000e+00   2.5526584e-01
   6.9530000e+00   2.5522499e-01
   6.9560000e+00   2.5518431e-01
   6.9590000e+00   2.5514380e-01
   6.9620000e+00   2.5510346e-01
   6.9650000e+00   2.5506330e-01
   6.9680000e+00   2.5502331e-01
   6.9710000e+00   2.5498349e-01
   6.9740000e+00   2.5494384e-01
   6.9770000e+00   2.5490436e-01
   6.9800000e+00   2.5486505e-01
   6.9830000e+00   2.5482590e-01
   6.9860000e+00   2.5478692e-01
   6.9890000e+00   2.5474811e-01
   6.9920000e+00   2.5470946e-01
   6.9950000e+00   2.5467097e-01
   6.9980000e+00   2.5463265e-01
   7.0010000e+00   2.5459449e-01
   7.0040000e+00   2.5455649e-01
   7.0070000e+00   2.5451865e-01
   7.0100000e+00   2.5448098e-01
   7.0130000e+00   2.5444346e-01
   7.0160000e+00   2.5440610e-01
   7.0190000e+00   2.5436889e-01
   7.0220000e+00   2.5433185e-01
   7.0250000e+00   2.5429496e-01
   7.0280000e+00   2.5425822e-01
   7.0310000e+00   2.5422164e-01
   7.0340000e+00   2.5418521e-01
   7.0370000e+00   2.5414894e-01
   7.0400000e+00   2.5411282e-01
   7.0430000e+00   2.5407685e-01
   7.0460000e+00   2.5404103e-01
   7.0490000e+00   2.5400536e-01
   7.0520000e+00   2.5396984e-01
   7.0550000e+00   2.5393446e-01
   7.0580000e+00   2.5389924e-01
   7.0610000e+00   2.5386416e-01
   7.0640000e+00   2.5382923e-01
   7.0670000e+00   2.5379444e-01
   7.0700000e+00   2.5375980e-01
   7.0730000e+00   2.5372531e-01
   7.0760000e+00   2.5369095e-01
   7.0790000e+00   2.5365674e-01
   7.0820000e+00   2.5362267e-01
   7.0850000e+00   2.5358874e-01
   7.0880000e+00   2.5355496e-01
   7.0910000e+00   2.5352131e-01
   7.0940000e+00   2.5348780e-01
   7.0970000e+00   2.5345443e-01
   7.1000000e+00   2.5342120e-01
   7.1030000e+00   2.5338811e-01
   7.1060000e+00   2.5335515e-01
   7.1090000e+00   2.5332233e-01
   7.1120000e+00   2.5328965e-01
   7.1150000e+00   2.5325710e-01
   7.1180000e+00   2.5322468e-01
   7.1210000e+00   2.5319240e-01
   7.1240000e+00   2.5316025e-01
   7.1270000e+00   2.5312823e-01
   7.1300000e+00   2.5309634e-01
   7.1330000e+00   2.5306458e-01
   7.1360000e+00   2.5303296e-01
   7.1390000e+00   2.5300146e-01
   7.1420000e+00   2.5297009e-01
   7.1450000e+00   2.5293886e-01
   7.1480000e+00   2.5290774e-01
   7.1510000e+00   2.5287676e-01
   7.1540000e+00   2.5284590e-01
   7.1570000e+00   2.5281517e-01
   7.1600000e+00   2.5278457e-01
   7.1630000e+00   2.5275408e-01
   7.1660000e+00   2.5272373e-01
   7.1690000e+00   2.5269349e-01
   7.1720000e+00   2.5266338e-01
   7.1750000e+00   2.5263340e-01
   7.1780000e+00   2.5260353e-01
   7.1810000e+00   2.5257378e-01
   7.1840000e+00   2.5254416e-01
   7.1870000e+00   2.5251466e-01
   7.1900000e+00   2.5248527e-01
   7.1930000e+00   2.5245601e-01
   7.1960000e+00   2.5242686e-01
   7.1990000e+00   2.5239783e-01
   7.2020000e+00   2.5236892e-01
   7.2050000e+00   2.5234012e-01
   7.2080000e+00   2.5231144e-01
   7.2110000e+00   2.5228288e-01
   7.2140000e+00   2.5225443e-01
   7.2170000e+00   2.5222610e-01
   7.2200000e+00   2.5219788e-01
   7.2230000e+00   2.5216978e-01
   7.2260000e+00   2.5214178e-01
   7.2290000e+00   2.5211390e-01
   7.2320000e+00   2.5208614e-01
   7.2350000e+00   2.5205848e-01
   7.2380000e+00   2.5203093e-01
   7.2410000e+00   2.5200350e-01
   7.2440000e+00   2.5197617e-01
   7.2470000e+00   2.5194896e-01
   7.2500000e+00   2.5192185e-01
   7.2530000e+00   2.5189485e-01
   7.2560000e+00   2.5186796e-01
   7.2590000e+00   2.5184118e-01
   7.2620000e+00   2.5181450e-01
   7.2650000e+00   2.5178793e-01
   7.2680000e+00   2.5176147e-01
   7.2710000e+00   2.5173511e-01
   7.2740000e+00   2.5170886e-01
   7.2770000e+00   2.5168271e-01
   7.2800000e+00   2.5165667e-01
   7.2830000e+00   2.5163073e-01
   7.2860000e+00   2.5160489e-01
   7.2890000e+00   2.5157915e-01
   7.2920000e+00   2.5155352e-01
   7.2950000e+00   2.5152799e-01
   7.2980000e+00   2.5150256e-01
   7.3010000e+00   2.5147723e-01
   7.3040000e+00   2.5145200e-01
   7.3070000e+00   2.5142687e-01
   7.3100000e+00   2.5140184e-01
   7.3130000e+00   2.5137691e-01
   7.3160000e+00   2.5135208e-01
   7.3190000e+00   2.5132734e-01
   7.3220000e+00   2.5130270e-01
   7.3250000e+00   2.5127816e-01
   7.3280000e+00   2.5125372e-01
   7.3310000e+00   2.5122937e-01
   7.3340000e+00   2.5120512e-01
   7.3370000e+00   2.5118097e-01
   7.3400000e+00   2.5115691e-01
   7.3430000e+00   2.5113294e-01
   7.3460000e+00   2.5110907e-01
   7.3490000e+00   2.5108529e-01
   7.3520000e+00   2.5106161e-01
   7.3550000e+00   2.5103801e-01
   7.3580000e+00   2.5101451e-01
   7.3610000e+00   2.5099111e-01
   7.3640000e+00   2.5096779e-01
   7.3670000e+00   2.5094457e-01
   7.3700000e+00   2.5092143e-01
   7.3730000e+00   2.5089839e-01
   7.3760000e+00   2.5087544e-01
   7.3790000e+00   2.5085257e-01
   7.3820000e+00   2.5082980e-01
   7.3850000e+00   2.5080711e-01
   7.3880000e+00   2.5078451e-01
   7.3910000e+00   2.5076200e-01
   7.3940000e+00   2.5073958e-01
   7.3970000e+00   2.5071725e-01
   7.4000000e+00   2.5069500e-01
   7.4030000e+00   2.5067284e-01
   7.4060000e+00   2.5065076e-01
   7.4090000e+00   2.5062877e-01
   7.4120000e+00   2.5060687e-01
   7.4150000e+00   2.5058505e-01
   7.4180000e+00   2.5056332e-01
   7.4210000e+00   2.5054167e-01
   7.4240000e+00   2.5052010e-01
   7.4270000e+00   2.5049862e-01
   7.4300000e+00   2.5047722e-01
   7.4330000e+00   2.5045590e-01
   7.4360000e+00   2.5043466e-01
   7.4390000e+00   2.5041351e-01
   7.4420000e+00   2.5039244e-01
   7.4450000e+00   2.5037145e-01
   7.4480000e+00   2.5035054e-01
   7.4510000e+00   2.5032971e-01
   7.4540000e+00   2.5030897e-01
   7.4570000e+00   2.5028830e-01
   7.4600000e+00   2.5026771e-01
   7.4630000e+00   2.5024720e-01
   7.4660000e+00   2.5022677e-01
   7.4690000e+00   2.5020642e-01
   7.4720000e+00   2.5018614e-01
   7.4750000e+00   2.5016594e-01
   7.4780000e+00   2.5014583e-01
   7.4810000e+00   2.5012578e-01
   7.4840000e+00   2.5010582e-01
   7.4870000e+00   2.5008593e-01
   7.4900000e+00   2.5006612e-01
   7.4930000e+00   2.5004638e-01
   7.4960000e+00   2.5002672e-01
   7.4990000e+00   2.5000714e-01
   7.5020000e+00   2.4998762e-01
   7.5050000e+00   2.4996819e-01
   7.5080000e+00   2.4994883e-01
   7.5110000e+00   2.4992954e-01
   7.5140000e+00   2.4991032e-01
   7.5170000e+00   2.4989118e-01
   7.5200000e+00   2.4987211e-01
   7.5230000e+00   2.4985312e-01
   7.5260000e+00   2.4983419e-01
   7.5290000e+00   2.4981534e-01
   7.5320000e+00   2.4979656e-01
   7.5350000e+00   2.4977785e-01
   7.5380000e+00   2.4975921e-01
   7.5410000e+00   2.4974065e-01
   7.5440000e+00   2.4972215e-01
   7.5470000e+00   2.4970372e-01
   7.5500000e+00   2.4968537e-01
   7.5530000e+00   2.4966708e-01
   7.5560000e+00   2.4964886e-01
   7.5590000e+00   2.4963071e-01
   7.5620000e+00   2.4961263e-01
   7.5650000e+00   2.4959462e-01
   7.5680000e+00   2.4957668e-01
   7.5710000e+00   2.4955880e-01
   7.5740000e+00   2.4954099e-01
   7.5770000e+00   2.4952325e-01
   7.5800000e+00   2.4950558e-01
   7.5830000e+00   2.4948797e-01
   7.5860000e+00   2.4947043e-01
   7.5890000e+00   2.4945295e-01
   7.5920000e+00   2.4943554e-01
   7.5950000e+00   2.4941820e-01
   7.5980000e+00   2.4940092e-01
   7.6010000e+00   2.4938371e-01
   7.6040000e+00   2.4936656e-01
   7.6070000e+00   2.4934948e-01
   7.6100000e+00   2.4933246e-01
   7.6130000e+00   2.4931550e-01
   7.6160000e+00   2.4929861e-01
   7.6190000e+00   2.4928178e-01
   7.6220000e+00   2.4926501e-01
   7.6250000e+00   2.4924831e-01
   7.6280000e+00   2.4923167e-01
   7.6310000e+00   2.4921509e-01
   7.6340000e+00   2.4919857e-01
   7.6370000e+00   2.4918212e-01
   7.6400000e+00   2.4916572e-01
   7.6430000e+00   2.4914939e-01
   7.6460000e+00   2.4913312e-01
   7.6490000e+00   2.4911691e-01
   7.6520000e+00   2.4910076e-01
   7.6550000e+00   2.4908467e-01
   7.6580000e+00   2.4906864e-01
   7.6610000e+00   2.4905267e-01
   7.6640000e+00   2.4903676e-01
   7.6670000e+00   2.4902091e-01
   7.6700000e+00   2.4900512e-01
   7.6730000e+00   2.4898938e-01
   7.6760000e+00   2.4897371e-01
   7.6790000e+00   2.4895809e-01
   7.6820000e+00   2.4894253e-01
   7.6850000e+00   2.4892703e-01
   7.6880000e+00   2.4891159e-01
   7.6910000e+00   2.4889620e-01
   7.6940000e+00   2.4888087e-01
   7.6970000e+00   2.4886560e-01
   7.7000000e+00   2.4885039e-01
   7.7030000e+00   2.4883523e-01
   7.7060000e+00   2.4882013e-01
   7.7090000e+00   2.4880508e-01
   7.7120000e+00   2.4879009e-01
   7.7150000e+00   2.4877515e-01
   7.7180000e+00   2.4876027e-01
   7.7210000e+00   2.4874544e-01
   7.7240000e+00   2.4873067e-01
   7.7270000e+00   2.4871596e-01
   7.7300000e+00   2.4870130e-01
   7.7330000e+00   2.4868669e-01
   7.7360000e+00   2.4867213e-01
   7.7390000e+00   2.4865763e-01
   7.7420000e+00   2.4864319e-01
   7.7450000e+00   2.4862879e-01
   7.7480000e+00   2.4861445e-01
   7.7510000e+00   2.4860016e-01
   7.7540000e+00   2.4858593e-01
   7.7570000e+00   2.4857174e-01
   7.7600000e+00   2.4855761e-01
   7.7630000e+00   2.4854353e-01
   7.7660000e+00   2.4852951e-01
   7.7690000e+00   2.4851553e-01
   7.7720000e+00   2.4850161e-01
   7.7750000e+00   2.4848773e-01
   7.7780000e+00   2.4847391e-01
   7.7810000e+00   2.4846014e-01
   7.7840000e+00   2.4844641e-01
   7.7870000e+00   2.4843274e-01
   7.7900000e+00   2.4841912e-01
   7.7930000e+00   2.4840555e-01
   7.7960000e+00   2.4839203e-01
   7.7990000e+00   2.4837856e-01
   7.8020000e+00   2.4836513e-01
   7.8050000e+00   2.4835176e-01
   7.8080000e+00   2.4833843e-01
   7.8110000e+00   2.4832516e-01
   7.8140000e+00   2.4831193e-01
   7.8170000e+00   2.4829875e-01
   7.8200000e+00   2.4828562e-01
   7.8230000e+00   2.4827253e-01
   7.8260000e+00   2.4825950e-01
   7.8290000e+00   2.4824651e-01
   7.8320000e+00   2.4823357e-01
   7.8350000e+00   2.4822067e-01
   7.8380000e+00   2.4820782e-01
   7.8410000e+00   2.4819502e-01
   7.8440000e+00   2.4818227e-01
   7.8470000e+00   2.4816956e-01
   7.8500000e+00   2.4815690e-01
   7.8530000e+00   2.4814428e-01
   7.8560000e+00   2.4813171e-01
   7.8590000e+00   2.4811919e-01
   7.8620000e+00   2.4810671e-01
   7.8650000e+00   2.4809427e-01
   7.8680000e+00   2.4808189e-01
   7.8710000e+00   2.4806954e-01
   7.8740000e+00   2.4805724e-01
   7.8770000e+00   2.4804499e-01
   7.8800000e+00   2.4803278e-01
   7.8830000e+00   2.4802061e-01
   7.8860000e+00   2.4800849e-01
   7.8890000e+00   2.4799641e-01
   7.8920000e+00   2.4798438e-01
   7.8950000e+00   2.4797238e-01
   7.8980000e+00   2.4796044e-01
   7.9010000e+00   2.4794853e-01
   7.9040000e+00   2.4793667e-01
   7.9070000e+00   2.4792485e-01
   7.9100000e+00   2.4791307e-01
   7.9130000e+00   2.4790134e-01
   7.9160000e+00   2.4788965e-01
   7.9190000e+00   2.4787800e-01
   7.9220000e+00   2.4786639e-01
   7.9250000e+00   2.4785483e-01
   7.9280000e+00   2.4784330e-01
   7.9310000e+00   2.4783182e-01
   7.9340000e+00   2.4782038e-01
   7.9370000e+00   2.4780898e-01
   7.9400000e+00   2.4779762e-01
   7.9430000e+00   2.4778630e-01
   7.9460000e+00   2.4777502e-01
   7.9490000e+00   2.4776378e-01
   7.9520000e+00   2.4775258e-01
   7.9550000e+00   2.4774143e-01
   7.9580000e+00   2.4773031e-01
   7.9610000e+00   2.4771923e-01
   7.9640000e+00   2.4770820e-01
   7.9670000e+00   2.4769720e-01
   7.9700000e+00   2.4768624e-01
   7.9730000e+00   2.4767532e-01
   7.9760000e+00   2.4766444e-01
   7.9790000e+00   2.4765360e-01
   7.9820000e+00   2.4764279e-01
   7.9850000e+00   2.4763203e-01
   7.9880000e+00   2.4762131e-01
   7.9910000e+00   2.4761062e-01
   7.9940000e+00   2.4759997e-01
   7.9970000e+00   2.4758936e-01
   8.0000000e+00   2.4757878e-01
