   2.0000000e+00   4.3246332e-03
   2.0300000e+00   4.6244850e-03
   2.0600000e+00   4.9516672e-03
   2.0900000e+00   5.3088416e-03
   2.1200000e+00   5.6989207e-03
   2.1500000e+00   6.1250862e-03
   2.1800000e+00   6.5908088e-03
   2.2100000e+00   7.0998667e-03
   2.2400000e+00   7.6563643e-03
   2.2700000e+00   8.2647498e-03
   2.3000000e+00   8.9298316e-03
   2.3300000e+00   9.6567923e-03
   2.3600000e+00   1.0451200e-02
   2.3900000e+00   1.1319014e-02
   2.4200000e+00   1.2266592e-02
   2.4500000e+00   1.3300683e-02
   2.4800000e+00   1.4428420e-02
   2.5100000e+00   1.5657302e-02
   2.5400000e+00   1.6995167e-02
   2.5700000e+00   1.8450160e-02
   2.6000000e+00   2.0030680e-02
   2.6300000e+00   2.1745325e-02
   2.6600000e+00   2.3602821e-02
   2.6900000e+00   2.5611935e-02
   2.7200000e+00   2.7781379e-02
   2.7500000e+00   3.0119703e-02
   2.7800000e+00   3.2635170e-02
   2.8100000e+00   3.5335627e-02
   2.8400000e+00   3.8228363e-02
   2.8700000e+00   4.1319967e-02
   2.9000000e+00   4.4616174e-02
   2.9300000e+00   4.8121718e-02
   2.9600000e+00   5.1840187e-02
   2.9900000e+00   5.5773889e-02
   3.0200000e+00   5.9923722e-02
   3.0500000e+00   6.4289071e-02
   3.0800000e+00   6.8867717e-02
   3.1100000e+00   7.3655774e-02
   3.1400000e+00   7.8647653e-02
   3.1700000e+00   8.3836051e-02
   3.2000000e+00   8.9211971e-02
   3.2300000e+00   9.4764781e-02
   3.2600000e+00   1.0048229e-01
   3.2900000e+00   1.0635085e-01
   3.3200000e+00   1.1235553e-01
   3.3500000e+00   1.1848020e-01
   3.3800000e+00   1.2470780e-01
   3.4100000e+00   1.3102045e-01
   3.4400000e+00   1.3739970e-01
   3.4700000e+00   1.4382670e-01
   3.5000000e+00   1.5028243e-01
   3.5300000e+00   1.5674789e-01
   3.5600000e+00   1.6320427e-01
   3.5900000e+00   1.6963314e-01
   3.6200000e+00   1.7601663e-01
   3.6500000e+00   1.8233753e-01
   3.6800000e+00   1.8857945e-01
   3.7100000e+00   1.9472692e-01
   3.7400000e+00   2.0076545e-01
   3.7700000e+00   2.0668163e-01
   3.8000000e+00   2.1246313e-01
   3.8300000e+00   2.1809879e-01
   3.8600000e+00   2.2357857e-01
   3.8900000e+00   2.2889359e-01
   3.9200000e+00   2.3403610e-01
   3.9500000e+00   2.3899946e-01
   3.9800000e+00   2.4377809e-01
   4.0100000e+00   2.4836744e-01
   4.0400000e+00   2.5276395e-01
   4.0700000e+00   2.5696498e-01
   4.1000000e+00   2.6096878e-01
   4.1300000e+00   2.6477438e-01
   4.1600000e+00   2.6838161e-01
   4.1900000e+00   2.7179098e-01
   4.2200000e+00   2.7500365e-01
   4.2500000e+00   2.7802137e-01
   4.2800000e+00   2.8084643e-01
   4.3100000e+00   2.8348161e-01
   4.3400000e+00   2.8593012e-01
   4.3700000e+00   2.8819558e-01
   4.4000000e+00   2.9028193e-01
   4.4300000e+00   2.9219344e-01
   4.4600000e+00   2.9393465e-01
   4.4900000e+00   2.9551033e-01
   4.5200000e+00   2.9692546e-01
   4.5500000e+00   2.9818518e-01
   4.5800000e+00   2.9929477e-01
   4.6100000e+00   3.0025964e-01
   4.6400000e+00   3.0108529e-01
   4.6700000e+00   3.0177728e-01
   4.7000000e+00   3.0234122e-01
   4.7300000e+00   3.0278274e-01
   4.7600000e+00   3.0310749e-01
   4.7900000e+00   3.0332111e-01
   4.8200000e+00   3.0342921e-01
   4.8500000e+00   3.0343735e-01
   4.8800000e+00   3.0335105e-01
   4.9100000e+00   3.0317577e-01
   4.9400000e+00   3.0291687e-01
   4.9700000e+00   3.0257964e-01
   5.0000000e+00   3.0216924e-01
   5.0300000e+00   3.0169075e-01
   5.0600000e+00   3.0114912e-01
   5.0900000e+00   3.0054917e-01
   5.1200000e+00   2.9989560e-01
   5.1500000e+00   2.9919293e-01
   5.1800000e+00   2.9844559e-01
   5.2100000e+00   2.9765782e-01
   5.2400000e+00   2.9683372e-01
   5.2700000e+00   2.9597722e-01
   5.3000000e+00   2.9509211e-01
   5.3300000e+00   2.9418199e-01
   5.3600000e+00   2.9325032e-01
   5.3900000e+00   2.9230038e-01
   5.4200000e+00   2.9133528e-01
   5.4500000e+00   2.9035800e-01
   5.4800000e+00   2.8937131e-01
   5.5100000e+00   2.8837785e-01
   5.5400000e+00   2.8738009e-01
   5.5700000e+00   2.8638035e-01
   5.6000000e+00   2.8538078e-01
   5.6300000e+00   2.8438339e-01
   5.6600000e+00   2.8339006e-01
   5.6900000e+00   2.8240250e-01
   5.7200000e+00   2.8142230e-01
   5.7500000e+00   2.8045091e-01
   5.7800000e+00   2.7948965e-01
   5.8100000e+00   2.7853974e-01
   5.8400000e+00   2.7760224e-01
   5.8700000e+00   2.7667815e-01
   5.9000000e+00   2.7576831e-01
   5.9300000e+00   2.7487350e-01
   5.9600000e+00   2.7399438e-01
   5.9900000e+00   2.7313153e-01
   6.0200000e+00   2.7228543e-01
   6.0500000e+00   2.7145651e-01
   6.0800000e+00   2.7064510e-01
   6.1100000e+00   2.6985146e-01
   6.1400000e+00   2.6907580e-01
   6.1700000e+00   2.6831824e-01
   6.2000000e+00   2.6757888e-01
   6.2300000e+00   2.6685776e-01
   6.2600000e+00   2.6615484e-01
   6.2900000e+00   2.6547009e-01
   6.3200000e+00   2.6480339e-01
   6.3500000e+00   2.6415461e-01
   6.3800000e+00   2.6352359e-01
   6.4100000e+00   2.6291013e-01
   6.4400000e+00   2.6231402e-01
   6.4700000e+00   2.6173500e-01
   6.5000000e+00   2.6117282e-01
   6.5300000e+00   2.6062718e-01
   6.5600000e+00   2.6009781e-01
   6.5900000e+00   2.5958437e-01
   6.6200000e+00   2.5908656e-01
   6.6500000e+00   2.5860404e-01
   6.6800000e+00   2.5813648e-01
   6.7100000e+00   2.5768354e-01
   6.7400000e+00   2.5724485e-01
   6.7700000e+00   2.5682009e-01
   6.8000000e+00   2.5640889e-01
   6.8300000e+00   2.5601091e-01
   6.8600000e+00   2.5562578e-01
   6.8900000e+00   2.5525318e-01
   6.9200000e+00   2.5489274e-01
   6.9500000e+00   2.5454412e-01
   6.9800000e+00   2.5420699e-01
   7.0100000e+00   2.5388101e-01
   7.0400000e+00   2.5356584e-01
   7.0700000e+00   2.5326117e-01
   7.1000000e+00   2.5296667e-01
   7.1300000e+00   2.5268203e-01
   7.1600000e+00   2.5240695e-01
   7.1900000e+00   2.5214112e-01
   7.2200000e+00   2.5188425e-01
   7.2500000e+00   2.5163605e-01
   7.2800000e+00   2.5139624e-01
   7.3100000e+00   2.5116455e-01
   7.3400000e+00   2.5094071e-01
   7.3700000e+00   2.5072447e-01
   7.4000000e+00   2.5051557e-01
   7.4300000e+00   2.5031377e-01
   7.4600000e+00   2.5011883e-01
   7.4900000e+00   2.4993052e-01
   7.5200000e+00   2.4974861e-01
   7.5500000e+00   2.4957290e-01
   7.5800000e+00   2.4940316e-01
   7.6100000e+00   2.4923919e-01
   7.6400000e+00   2.4908080e-01
   7.6700000e+00   2.4892780e-01
   7.7000000e+00   2.4877999e-01
   7.7300000e+00   2.4863721e-01
   7.7600000e+00   2.4849927e-01
   7.7900000e+00   2.4836602e-01
   7.8200000e+00   2.4823728e-01
   7.8500000e+00   2.4811290e-01
   7.8800000e+00   2.4799274e-01
   7.9100000e+00   2.4787663e-01
   7.9400000e+00   2.4776445e-01
   7.9700000e+00   2.4765606e-01
   8.0000000e+00   2.4755132e-01
