   2.0000000e+00   1.6293256e-02
   2.0300000e+00   1.7016756e-02
   2.0600000e+00   1.7778996e-02
   2.0900000e+00   1.8581449e-02
   2.1200000e+00   1.9425545e-02
   2.1500000e+00   2.0312658e-02
   2.1800000e+00   2.1244087e-02
   2.2100000e+00   2.2221041e-02
   2.2400000e+00   2.3244621e-02
   2.2700000e+00   2.4315799e-02
   2.3000000e+00   2.5435405e-02
   2.3300000e+00   2.6604103e-02
   2.3600000e+00   2.7822376e-02
   2.3900000e+00   2.9090504e-02
   2.4200000e+00   3.0408554e-02
   2.4500000e+00   3.1776359e-02
   2.4800000e+00   3.3193506e-02
   2.5100000e+00   3.4659329e-02
   2.5400000e+00   3.6172892e-02
   2.5700000e+00   3.7732990e-02
   2.6000000e+00   3.9338145e-02
   2.6300000e+00   4.0986606e-02
   2.6600000e+00   4.2676350e-02
   2.6900000e+00   4.4405097e-02
   2.7200000e+00   4.6170314e-02
   2.7500000e+00   4.7969237e-02
   2.7800000e+00   4.9798881e-02
   2.8100000e+00   5.1656070e-02
   2.8400000e+00   5.3537456e-02
   2.8700000e+00   5.5439544e-02
   2.9000000e+00   5.7358726e-02
   2.9300000e+00   5.9291305e-02
   2.9600000e+00   6.1233528e-02
   2.9900000e+00   6.3181617e-02
   3.0200000e+00   6.5131797e-02
   3.0500000e+00   6.7080330e-02
   3.0800000e+00   6.9023537e-02
   3.1100000e+00   7.0957831e-02
   3.1400000e+00   7.2879739e-02
   3.1700000e+00   7.4785924e-02
   3.2000000e+00   7.6673205e-02
   3.2300000e+00   7.8538576e-02
   3.2600000e+00   8.0379217e-02
   3.2900000e+00   8.2192509e-02
   3.3200000e+00   8.3976039e-02
   3.3500000e+00   8.5727612e-02
   3.3800000e+00   8.7445245e-02
   3.4100000e+00   8.9127179e-02
   3.4400000e+00   9.0771868e-02
   3.4700000e+00   9.2377982e-02
   3.5000000e+00   9.3944399e-02
   3.5300000e+00   9.5470200e-02
   3.5600000e+00   9.6954661e-02
   3.5900000e+00   9.8397244e-02
   3.6200000e+00   9.9797586e-02
   3.6500000e+00   1.0115549e-01
   3.6800000e+00   1.0247092e-01
   3.7100000e+00   1.0374397e-01
   3.7400000e+00   1.0497489e-01
   3.7700000e+00   1.0616402e-01
   3.8000000e+00   1.0731185e-01
   3.8300000e+00   1.0841894e-01
   3.8600000e+00   1.0948596e-01
   3.8900000e+00   1.1051365e-01
   3.9200000e+00   1.1150283e-01
   3.9500000e+00   1.1245437e-01
   3.9800000e+00   1.1336920e-01
   4.0100000e+00   1.1424832e-01
   4.0400000e+00   1.1509272e-01
   4.0700000e+00   1.1590347e-01
   4.1000000e+00   1.1668164e-01
   4.1300000e+00   1.1742833e-01
   4.1600000e+00   1.1814465e-01
   4.1900000e+00   1.1883171e-01
   4.2200000e+00   1.1949065e-01
   4.2500000e+00   1.2012259e-01
   4.2800000e+00   1.2072865e-01
   4.3100000e+00   1.2130995e-01
   4.3400000e+00   1.2186760e-01
   4.3700000e+00   1.2240270e-01
   4.4000000e+00   1.2291631e-01
   4.4300000e+00   1.2340951e-01
   4.4600000e+00   1.2388333e-01
   4.4900000e+00   1.2433880e-01
   4.5200000e+00   1.2477692e-01
   4.5500000e+00   1.2519864e-01
   4.5800000e+00   1.2560493e-01
   4.6100000e+00   1.2599670e-01
   4.6400000e+00   1.2637485e-01
   4.6700000e+00   1.2674022e-01
   4.7000000e+00   1.2709367e-01
   4.7300000e+00   1.2743598e-01
   4.7600000e+00   1.2776793e-01
   4.7900000e+00   1.2809026e-01
   4.8200000e+00   1.2840367e-01
   4.8500000e+00   1.2870885e-01
   4.8800000e+00   1.2900644e-01
   4.9100000e+00   1.2929706e-01
   4.9400000e+00   1.2958129e-01
   4.9700000e+00   1.2985967e-01
   5.0000000e+00   1.3013275e-01
   5.0300000e+00   1.3040100e-01
   5.0600000e+00   1.3066490e-01
   5.0900000e+00   1.3092488e-01
   5.1200000e+00   1.3118134e-01
   5.1500000e+00   1.3143468e-01
   5.1800000e+00   1.3168524e-01
   5.2100000e+00   1.3193336e-01
   5.2400000e+00   1.3217933e-01
   5.2700000e+00   1.3242345e-01
   5.3000000e+00   1.3266597e-01
   5.3300000e+00   1.3290713e-01
   5.3600000e+00   1.3314714e-01
   5.3900000e+00   1.3338621e-01
   5.4200000e+00   1.3362451e-01
   5.4500000e+00   1.3386221e-01
   5.4800000e+00   1.3409944e-01
   5.5100000e+00   1.3433634e-01
   5.5400000e+00   1.3457303e-01
   5.5700000e+00   1.3480959e-01
   5.6000000e+00   1.3504612e-01
   5.6300000e+00   1.3528270e-01
   5.6600000e+00   1.3551938e-01
   5.6900000e+00   1.3575622e-01
   5.7200000e+00   1.3599327e-01
   5.7500000e+00   1.3623056e-01
   5.7800000e+00   1.3646810e-01
   5.8100000e+00   1.3670594e-01
   5.8400000e+00   1.3694406e-01
   5.8700000e+00   1.3718249e-01
   5.9000000e+00   1.3742122e-01
   5.9300000e+00   1.3766024e-01
   5.9600000e+00   1.3789955e-01
   5.9900000e+00   1.3813913e-01
   6.0200000e+00   1.3837897e-01
   6.0500000e+00   1.3861903e-01
   6.0800000e+00   1.3885931e-01
   6.1100000e+00   1.3909977e-01
   6.1400000e+00   1.3934038e-01
   6.1700000e+00   1.3958112e-01
   6.2000000e+00   1.3982195e-01
   6.2300000e+00   1.4006284e-01
   6.2600000e+00   1.4030376e-01
   6.2900000e+00   1.4054466e-01
   6.3200000e+00   1.4078552e-01
   6.3500000e+00   1.4102629e-01
   6.3800000e+00   1.4126695e-01
   6.4100000e+00   1.4150745e-01
   6.4400000e+00   1.4174776e-01
   6.4700000e+00   1.4198784e-01
   6.5000000e+00   1.4222765e-01
   6.5300000e+00   1.4246716e-01
   6.5600000e+00   1.4270634e-01
   6.5900000e+00   1.4294514e-01
   6.6200000e+00   1.4318353e-01
   6.6500000e+00   1.4342149e-01
   6.6800000e+00   1.4365896e-01
   6.7100000e+00   1.4389593e-01
   6.7400000e+00   1.4413236e-01
   6.7700000e+00   1.4436822e-01
   6.8000000e+00   1.4460347e-01
   6.8300000e+00   1.4483810e-01
   6.8600000e+00   1.4507206e-01
   6.8900000e+00   1.4530533e-01
   6.9200000e+00   1.4553789e-01
   6.9500000e+00   1.4576970e-01
   6.9800000e+00   1.4600074e-01
   7.0100000e+00   1.4623098e-01
   7.0400000e+00   1.4646041e-01
   7.0700000e+00   1.4668900e-01
   7.1000000e+00   1.4691672e-01
   7.1300000e+00   1.4714355e-01
   7.1600000e+00   1.4736948e-01
   7.1900000e+00   1.4759448e-01
   7.2200000e+00   1.4781853e-01
   7.2500000e+00   1.4804162e-01
   7.2800000e+00   1.4826372e-01
   7.3100000e+00   1.4848482e-01
   7.3400000e+00   1.4870491e-01
   7.3700000e+00   1.4892396e-01
   7.4000000e+00   1.4914196e-01
   7.4300000e+00   1.4935890e-01
   7.4600000e+00   1.4957477e-01
   7.4900000e+00   1.4978954e-01
   7.5200000e+00   1.5000322e-01
   7.5500000e+00   1.5021578e-01
   7.5800000e+00   1.5042721e-01
   7.6100000e+00   1.5063751e-01
   7.6400000e+00   1.5084666e-01
   7.6700000e+00   1.5105466e-01
   7.7000000e+00   1.5126149e-01
   7.7300000e+00   1.5146716e-01
   7.7600000e+00   1.5167164e-01
   7.7900000e+00   1.5187493e-01
   7.8200000e+00   1.5207703e-01
   7.8500000e+00   1.5227792e-01
   7.8800000e+00   1.5247761e-01
   7.9100000e+00   1.5267609e-01
   7.9400000e+00   1.5287335e-01
   7.9700000e+00   1.5306938e-01
   8.0000000e+00   1.5326419e-01
