   2.0000000e+00   3.7463540e-09
   2.0300000e+00   5.3629509e-09
   2.0600000e+00   7.8969181e-09
   2.0900000e+00   1.1970433e-08
   2.1200000e+00   1.8693408e-08
   2.1500000e+00   3.0097642e-08
   2.1800000e+00   5.0003316e-08
   2.2100000e+00   8.5791113e-08
   2.2400000e+00   1.5211091e-07
   2.2700000e+00   2.7880761e-07
   2.3000000e+00   5.2817231e-07
   2.3300000e+00   1.0330668e-06
   2.3600000e+00   2.0821888e-06
   2.3900000e+00   4.3123967e-06
   2.4200000e+00   9.1447220e-06
   2.4500000e+00   1.9774403e-05
   2.4800000e+00   4.3414510e-05
   2.5100000e+00   9.6351634e-05
   2.5400000e+00   2.1522719e-04
   2.5700000e+00   4.8184639e-04
   2.6000000e+00   1.0766222e-03
   2.6300000e+00   2.3904021e-03
   2.6600000e+00   5.2487180e-03
   2.6900000e+00   1.1332519e-02
   2.7200000e+00   2.3880549e-02
   2.7500000e+00   4.8603798e-02
   2.7800000e+00   9.4142579e-02
   2.8100000e+00   1.7018976e-01
   2.8400000e+00   2.8111820e-01
   2.8700000e+00   4.1783179e-01
   2.9000000e+00   5.5831482e-01
   2.9300000e+00   6.8065063e-01
   2.9600000e+00   7.7456035e-01
   2.9900000e+00   8.4109608e-01
   3.0200000e+00   8.8634338e-01
   3.0500000e+00   9.1670504e-01
   3.0800000e+00   9.3715659e-01
   3.1100000e+00   9.5112007e-01
   3.1400000e+00   9.6082944e-01
   3.1700000e+00   9.6771683e-01
   3.2000000e+00   9.7270010e-01
   3.2300000e+00   9.7637293e-01
   3.2600000e+00   9.7912477e-01
   3.2900000e+00   9.8121529e-01
   3.3200000e+00   9.8282053e-01
   3.3500000e+00   9.8406177e-01
   3.3800000e+00   9.8502377e-01
   3.4100000e+00   9.8576647e-01
   3.4400000e+00   9.8633256e-01
   3.4700000e+00   9.8675255e-01
   3.5000000e+00   9.8704804e-01
   3.5300000e+00   9.8723397e-01
   3.5600000e+00   9.8732010e-01
   3.5900000e+00   9.8731199e-01
   3.6200000e+00   9.8721160e-01
   3.6500000e+00   9.8701756e-01
   3.6800000e+00   9.8672534e-01
   3.7100000e+00   9.8632707e-01
   3.7400000e+00   9.8581128e-01
   3.7700000e+00   9.8516243e-01
   3.8000000e+00   9.8436021e-01
   3.8300000e+00   9.8337856e-01
   3.8600000e+00   9.8218454e-01
   3.8900000e+00   9.8073674e-01
   3.9200000e+00   9.7898335e-01
   3.9500000e+00   9.7685981e-01
   3.9800000e+00   9.7428584e-01
   4.0100000e+00   9.7116198e-01
   4.0400000e+00   9.6736538e-01
   4.0700000e+00   9.6274511e-01
   4.1000000e+00   9.5711687e-01
   4.1300000e+00   9.5025754e-01
   4.1600000e+00   9.4190006e-01
   4.1900000e+00   9.3172970e-01
   4.2200000e+00   9.1938306e-01
   4.2500000e+00   9.0445216e-01
   4.2800000e+00   8.8649635e-01
   4.3100000e+00   8.6506539e-01
   4.3400000e+00   8.3973699e-01
   4.3700000e+00   8.1017020e-01
   4.4000000e+00   7.7617311e-01
   4.4300000e+00   7.3777744e-01
   4.4600000e+00   6.9530582e-01
   4.4900000e+00   6.4941227e-01
   4.5200000e+00   6.0107563e-01
   4.5500000e+00   5.5153406e-01
   4.5800000e+00   5.0216468e-01
   4.6100000e+00   4.5433090e-01
   4.6400000e+00   4.0923234e-01
   4.6700000e+00   3.6779129e-01
   4.7000000e+00   3.3059620e-01
   4.7300000e+00   2.9790389e-01
   4.7600000e+00   2.6968679e-01
   4.7900000e+00   2.4570423e-01
   4.8200000e+00   2.2557848e-01
   4.8500000e+00   2.0886194e-01
   4.8800000e+00   1.9508896e-01
   4.9100000e+00   1.8381128e-01
   4.9400000e+00   1.7461907e-01
   4.9700000e+00   1.6715107e-01
   5.0000000e+00   1.6109717e-01
   5.0300000e+00   1.5619635e-01
   5.0600000e+00   1.5223210e-01
   5.0900000e+00   1.4902676e-01
   5.1200000e+00   1.4643574e-01
   5.1500000e+00   1.4434198e-01
   5.1800000e+00   1.4265111e-01
   5.2100000e+00   1.4128722e-01
   5.2400000e+00   1.4018932e-01
   5.2700000e+00   1.3930843e-01
   5.3000000e+00   1.3860516e-01
   5.3300000e+00   1.3804785e-01
   5.3600000e+00   1.3761092e-01
   5.3900000e+00   1.3727373e-01
   5.4200000e+00   1.3701953e-01
   5.4500000e+00   1.3683470e-01
   5.4800000e+00   1.3670812e-01
   5.5100000e+00   1.3663069e-01
   5.5400000e+00   1.3659491e-01
   5.5700000e+00   1.3659458e-01
   5.6000000e+00   1.3662457e-01
   5.6300000e+00   1.3668059e-01
   5.6600000e+00   1.3675906e-01
   5.6900000e+00   1.3685694e-01
   5.7200000e+00   1.3697170e-01
   5.7500000e+00   1.3710115e-01
   5.7800000e+00   1.3724347e-01
   5.8100000e+00   1.3739705e-01
   5.8400000e+00   1.3756054e-01
   5.8700000e+00   1.3773276e-01
   5.9000000e+00   1.3791269e-01
   5.9300000e+00   1.3809944e-01
   5.9600000e+00   1.3829223e-01
   5.9900000e+00   1.3849037e-01
   6.0200000e+00   1.3869327e-01
   6.0500000e+00   1.3890038e-01
   6.0800000e+00   1.3911124e-01
   6.1100000e+00   1.3932542e-01
   6.1400000e+00   1.3954255e-01
   6.1700000e+00   1.3976229e-01
   6.2000000e+00   1.3998434e-01
   6.2300000e+00   1.4020842e-01
   6.2600000e+00   1.4043428e-01
   6.2900000e+00   1.4066171e-01
   6.3200000e+00   1.4089050e-01
   6.3500000e+00   1.4112046e-01
   6.3800000e+00   1.4135142e-01
   6.4100000e+00   1.4158323e-01
   6.4400000e+00   1.4181575e-01
   6.4700000e+00   1.4204884e-01
   6.5000000e+00   1.4228239e-01
   6.5300000e+00   1.4251628e-01
   6.5600000e+00   1.4275041e-01
   6.5900000e+00   1.4298469e-01
   6.6200000e+00   1.4321903e-01
   6.6500000e+00   1.4345334e-01
   6.6800000e+00   1.4368755e-01
   6.7100000e+00   1.4392158e-01
   6.7400000e+00   1.4415538e-01
   6.7700000e+00   1.4438888e-01
   6.8000000e+00   1.4462201e-01
   6.8300000e+00   1.4485473e-01
   6.8600000e+00   1.4508699e-01
   6.8900000e+00   1.4531873e-01
   6.9200000e+00   1.4554990e-01
   6.9500000e+00   1.4578048e-01
   6.9800000e+00   1.4601041e-01
   7.0100000e+00   1.4623967e-01
   7.0400000e+00   1.4646820e-01
   7.0700000e+00   1.4669599e-01
   7.1000000e+00   1.4692299e-01
   7.1300000e+00   1.4714918e-01
   7.1600000e+00   1.4737453e-01
   7.1900000e+00   1.4759901e-01
   7.2200000e+00   1.4782259e-01
   7.2500000e+00   1.4804526e-01
   7.2800000e+00   1.4826699e-01
   7.3100000e+00   1.4848775e-01
   7.3400000e+00   1.4870754e-01
   7.3700000e+00   1.4892632e-01
   7.4000000e+00   1.4914408e-01
   7.4300000e+00   1.4936080e-01
   7.4600000e+00   1.4957647e-01
   7.4900000e+00   1.4979107e-01
   7.5200000e+00   1.5000458e-01
   7.5500000e+00   1.5021700e-01
   7.5800000e+00   1.5042831e-01
   7.6100000e+00   1.5063849e-01
   7.6400000e+00   1.5084755e-01
   7.6700000e+00   1.5105545e-01
   7.7000000e+00   1.5126220e-01
   7.7300000e+00   1.5146779e-01
   7.7600000e+00   1.5167221e-01
   7.7900000e+00   1.5187544e-01
   7.8200000e+00   1.5207748e-01
   7.8500000e+00   1.5227833e-01
   7.8800000e+00   1.5247798e-01
   7.9100000e+00   1.5267642e-01
   7.9400000e+00   1.5287364e-01
   7.9700000e+00   1.5306965e-01
   8.0000000e+00   1.5326443e-01
