   5.0000000e+00             1
   5.0030000e+00   6.3315153e-01
   5.0060000e+00   4.8273604e-01
   5.0090000e+00   4.0086101e-01
   5.0120000e+00   3.4938017e-01
   5.0150000e+00   3.1402468e-01
   5.0180000e+00   2.8824868e-01
   5.0210000e+00   2.6862695e-01
   5.0240000e+00   2.5319333e-01
   5.0270000e+00   2.4073857e-01
   5.0300000e+00   2.3047807e-01
   5.0330000e+00   2.2188054e-01
   5.0360000e+00   2.1457338e-01
   5.0390000e+00   2.0828758e-01
   5.0420000e+00   2.0282404e-01
   5.0450000e+00   1.9803223e-01
   5.0480000e+00   1.9379627e-01
   5.0510000e+00   1.9002548e-01
   5.0540000e+00   1.8664788e-01
   5.0570000e+00   1.8360560e-01
   5.0600000e+00   1.8085161e-01
   5.0630000e+00   1.7834727e-01
   5.0660000e+00   1.7606057e-01
   5.0690000e+00   1.7396471e-01
   5.0720000e+00   1.7203715e-01
   5.0750000e+00   1.7025875e-01
   5.0780000e+00   1.6861316e-01
   5.0810000e+00   1.6708635e-01
   5.0840000e+00   1.6566618e-01
   5.0870000e+00   1.6434212e-01
   5.0900000e+00   1.6310498e-01
   5.0930000e+00   1.6194670e-01
   5.0960000e+00   1.6086020e-01
   5.0990000e+00   1.5983921e-01
   5.1020000e+00   1.5887817e-01
   5.1050000e+00   1.5797213e-01
   5.1080000e+00   1.5711667e-01
   5.1110000e+00   1.5630785e-01
   5.1140000e+00   1.5554210e-01
   5.1170000e+00   1.5481622e-01
   5.1200000e+00   1.5412731e-01
   5.1230000e+00   1.5347277e-01
   5.1260000e+00   1.5285020e-01
   5.1290000e+00   1.5225744e-01
   5.1320000e+00   1.5169252e-01
   5.1350000e+00   1.5115364e-01
   5.1380000e+00   1.5063914e-01
   5.1410000e+00   1.5014751e-01
   5.1440000e+00   1.4967736e-01
   5.1470000e+00   1.4922741e-01
   5.1500000e+00   1.4879646e-01
   5.1530000e+00   1.4838344e-01
   5.1560000e+00   1.4798734e-01
   5.1590000e+00   1.4760721e-01
   5.1620000e+00   1.4724218e-01
   5.1650000e+00   1.4689147e-01
   5.1680000e+00   1.4655430e-01
   5.1710000e+00   1.4622999e-01
   5.1740000e+00   1.4591788e-01
   5.1770000e+00   1.4561736e-01
   5.1800000e+00   1.4532787e-01
   5.1830000e+00   1.4504888e-01
   5.1860000e+00   1.4477987e-01
   5.1890000e+00   1.4452039e-01
   5.1920000e+00   1.4427000e-01
   5.1950000e+00   1.4402829e-01
   5.1980000e+00   1.4379486e-01
   5.2010000e+00   1.4356935e-01
   5.2040000e+00   1.4335142e-01
   5.2070000e+00   1.4314074e-01
   5.2100000e+00   1.4293701e-01
   5.2130000e+00   1.4273993e-01
   5.2160000e+00   1.4254924e-01
   5.2190000e+00   1.4236467e-01
   5.2220000e+00   1.4218597e-01
   5.2250000e+00   1.4201292e-01
   5.2280000e+00   1.4184530e-01
   5.2310000e+00   1.4168289e-01
   5.2340000e+00   1.4152550e-01
   5.2370000e+00   1.4137293e-01
   5.2400000e+00   1.4122502e-01
   5.2430000e+00   1.4108158e-01
   5.2460000e+00   1.4094246e-01
   5.2490000e+00   1.4080750e-01
   5.2520000e+00   1.4067656e-01
   5.2550000e+00   1.4054948e-01
   5.2580000e+00   1.4042615e-01
   5.2610000e+00   1.4030642e-01
   5.2640000e+00   1.4019018e-01
   5.2670000e+00   1.4007731e-01
   5.2700000e+00   1.3996770e-01
   5.2730000e+00   1.3986125e-01
   5.2760000e+00   1.3975784e-01
   5.2790000e+00   1.3965738e-01
   5.2820000e+00   1.3955978e-01
   5.2850000e+00   1.3946495e-01
   5.2880000e+00   1.3937280e-01
   5.2910000e+00   1.3928324e-01
   5.2940000e+00   1.3919621e-01
   5.2970000e+00   1.3911161e-01
   5.3000000e+00   1.3902939e-01
   5.3030000e+00   1.3894946e-01
   5.3060000e+00   1.3887177e-01
   5.3090000e+00   1.3879624e-01
   5.3120000e+00   1.3872281e-01
   5.3150000e+00   1.3865142e-01
   5.3180000e+00   1.3858202e-01
   5.3210000e+00   1.3851455e-01
   5.3240000e+00   1.3844895e-01
   5.3270000e+00   1.3838518e-01
   5.3300000e+00   1.3832318e-01
   5.3330000e+00   1.3826290e-01
   5.3360000e+00   1.3820431e-01
   5.3390000e+00   1.3814734e-01
   5.3420000e+00   1.3809197e-01
   5.3450000e+00   1.3803814e-01
   5.3480000e+00   1.3798583e-01
   5.3510000e+00   1.3793498e-01
   5.3540000e+00   1.3788556e-01
   5.3570000e+00   1.3783754e-01
   5.3600000e+00   1.3779087e-01
   5.3630000e+00   1.3774554e-01
   5.3660000e+00   1.3770149e-01
   5.3690000e+00   1.3765870e-01
   5.3720000e+00   1.3761715e-01
   5.3750000e+00   1.3757679e-01
   5.3780000e+00   1.3753761e-01
   5.3810000e+00   1.3749956e-01
   5.3840000e+00   1.3746264e-01
   5.3870000e+00   1.3742680e-01
   5.3900000e+00   1.3739202e-01
   5.3930000e+00   1.3735829e-01
   5.3960000e+00   1.3732557e-01
   5.3990000e+00   1.3729384e-01
   5.4020000e+00   1.3726308e-01
   5.4050000e+00   1.3723326e-01
   5.4080000e+00   1.3720437e-01
   5.4110000e+00   1.3717639e-01
   5.4140000e+00   1.3714929e-01
   5.4170000e+00   1.3712305e-01
   5.4200000e+00   1.3709767e-01
   5.4230000e+00   1.3707311e-01
   5.4260000e+00   1.3704936e-01
   5.4290000e+00   1.3702640e-01
   5.4320000e+00   1.3700422e-01
   5.4350000e+00   1.3698279e-01
   5.4380000e+00   1.3696212e-01
   5.4410000e+00   1.3694216e-01
   5.4440000e+00   1.3692292e-01
   5.4470000e+00   1.3690438e-01
   5.4500000e+00   1.3688652e-01
   5.4530000e+00   1.3686933e-01
   5.4560000e+00   1.3685280e-01
   5.4590000e+00   1.3683691e-01
   5.4620000e+00   1.3682165e-01
   5.4650000e+00   1.3680700e-01
   5.4680000e+00   1.3679296e-01
   5.4710000e+00   1.3677951e-01
   5.4740000e+00   1.3676665e-01
   5.4770000e+00   1.3675435e-01
   5.4800000e+00   1.3674261e-01
   5.4830000e+00   1.3673142e-01
   5.4860000e+00   1.3672077e-01
   5.4890000e+00   1.3671065e-01
   5.4920000e+00   1.3670104e-01
   5.4950000e+00   1.3669194e-01
   5.4980000e+00   1.3668333e-01
   5.5010000e+00   1.3667522e-01
   5.5040000e+00   1.3666758e-01
   5.5070000e+00   1.3666042e-01
   5.5100000e+00   1.3665372e-01
   5.5130000e+00   1.3664747e-01
   5.5160000e+00   1.3664166e-01
   5.5190000e+00   1.3663629e-01
   5.5220000e+00   1.3663136e-01
   5.5250000e+00   1.3662684e-01
   5.5280000e+00   1.3662274e-01
   5.5310000e+00   1.3661904e-01
   5.5340000e+00   1.3661574e-01
   5.5370000e+00   1.3661284e-01
   5.5400000e+00   1.3661032e-01
   5.5430000e+00   1.3660818e-01
   5.5460000e+00   1.3660641e-01
   5.5490000e+00   1.3660501e-01
   5.5520000e+00   1.3660396e-01
   5.5550000e+00   1.3660327e-01
   5.5580000e+00   1.3660293e-01
   5.5610000e+00   1.3660293e-01
   5.5640000e+00   1.3660327e-01
   5.5670000e+00   1.3660393e-01
   5.5700000e+00   1.3660492e-01
   5.5730000e+00   1.3660623e-01
   5.5760000e+00   1.3660785e-01
   5.5790000e+00   1.3660978e-01
   5.5820000e+00   1.3661201e-01
   5.5850000e+00   1.3661455e-01
   5.5880000e+00   1.3661737e-01
   5.5910000e+00   1.3662049e-01
   5.5940000e+00   1.3662389e-01
   5.5970000e+00   1.3662757e-01
   5.6000000e+00   1.3663152e-01
   5.6030000e+00   1.3663574e-01
   5.6060000e+00   1.3664024e-01
   5.6090000e+00   1.3664499e-01
   5.6120000e+00   1.3665000e-01
   5.6150000e+00   1.3665527e-01
   5.6180000e+00   1.3666078e-01
   5.6210000e+00   1.3666655e-01
   5.6240000e+00   1.3667255e-01
   5.6270000e+00   1.3667879e-01
   5.6300000e+00   1.3668527e-01
   5.6330000e+00   1.3669198e-01
   5.6360000e+00   1.3669892e-01
   5.6390000e+00   1.3670608e-01
   5.6420000e+00   1.3671346e-01
   5.6450000e+00   1.3672106e-01
   5.6480000e+00   1.3672887e-01
   5.6510000e+00   1.3673690e-01
   5.6540000e+00   1.3674513e-01
   5.6570000e+00   1.3675357e-01
   5.6600000e+00   1.3676221e-01
   5.6630000e+00   1.3677105e-01
   5.6660000e+00   1.3678008e-01
   5.6690000e+00   1.3678931e-01
   5.6720000e+00   1.3679873e-01
   5.6750000e+00   1.3680833e-01
   5.6780000e+00   1.3681812e-01
   5.6810000e+00   1.3682809e-01
   5.6840000e+00   1.3683824e-01
   5.6870000e+00   1.3684857e-01
   5.6900000e+00   1.3685907e-01
   5.6930000e+00   1.3686974e-01
   5.6960000e+00   1.3688059e-01
   5.6990000e+00   1.3689159e-01
   5.7020000e+00   1.3690277e-01
   5.7050000e+00   1.3691410e-01
   5.7080000e+00   1.3692560e-01
   5.7110000e+00   1.3693725e-01
   5.7140000e+00   1.3694906e-01
   5.7170000e+00   1.3696102e-01
   5.7200000e+00   1.3697313e-01
   5.7230000e+00   1.3698540e-01
   5.7260000e+00   1.3699781e-01
   5.7290000e+00   1.3701036e-01
   5.7320000e+00   1.3702306e-01
   5.7350000e+00   1.3703589e-01
   5.7380000e+00   1.3704887e-01
   5.7410000e+00   1.3706198e-01
   5.7440000e+00   1.3707523e-01
   5.7470000e+00   1.3708861e-01
   5.7500000e+00   1.3710213e-01
   5.7530000e+00   1.3711577e-01
   5.7560000e+00   1.3712954e-01
   5.7590000e+00   1.3714344e-01
   5.7620000e+00   1.3715746e-01
   5.7650000e+00   1.3717161e-01
   5.7680000e+00   1.3718588e-01
   5.7710000e+00   1.3720026e-01
   5.7740000e+00   1.3721477e-01
   5.7770000e+00   1.3722939e-01
   5.7800000e+00   1.3724413e-01
   5.7830000e+00   1.3725898e-01
   5.7860000e+00   1.3727394e-01
   5.7890000e+00   1.3728901e-01
   5.7920000e+00   1.3730419e-01
   5.7950000e+00   1.3731948e-01
   5.7980000e+00   1.3733488e-01
   5.8010000e+00   1.3735038e-01
   5.8040000e+00   1.3736598e-01
   5.8070000e+00   1.3738169e-01
   5.8100000e+00   1.3739750e-01
   5.8130000e+00   1.3741340e-01
   5.8160000e+00   1.3742941e-01
   5.8190000e+00   1.3744551e-01
   5.8220000e+00   1.3746171e-01
   5.8250000e+00   1.3747800e-01
   5.8280000e+00   1.3749439e-01
   5.8310000e+00   1.3751087e-01
   5.8340000e+00   1.3752744e-01
   5.8370000e+00   1.3754410e-01
   5.8400000e+00   1.3756084e-01
   5.8430000e+00   1.3757768e-01
   5.8460000e+00   1.3759460e-01
   5.8490000e+00   1.3761161e-01
   5.8520000e+00   1.3762870e-01
   5.8550000e+00   1.3764588e-01
   5.8580000e+00   1.3766314e-01
   5.8610000e+00   1.3768047e-01
   5.8640000e+00   1.3769789e-01
   5.8670000e+00   1.3771539e-01
   5.8700000e+00   1.3773297e-01
   5.8730000e+00   1.3775062e-01
   5.8760000e+00   1.3776835e-01
   5.8790000e+00   1.3778616e-01
   5.8820000e+00   1.3780404e-01
   5.8850000e+00   1.3782199e-01
   5.8880000e+00   1.3784002e-01
   5.8910000e+00   1.3785812e-01
   5.8940000e+00   1.3787629e-01
   5.8970000e+00   1.3789453e-01
   5.9000000e+00   1.3791283e-01
   5.9030000e+00   1.3793121e-01
   5.9060000e+00   1.3794965e-01
   5.9090000e+00   1.3796816e-01
   5.9120000e+00   1.3798674e-01
   5.9150000e+00   1.3800538e-01
   5.9180000e+00   1.3802409e-01
   5.9210000e+00   1.3804286e-01
   5.9240000e+00   1.3806169e-01
   5.9270000e+00   1.3808058e-01
   5.9300000e+00   1.3809954e-01
   5.9330000e+00   1.3811855e-01
   5.9360000e+00   1.3813763e-01
   5.9390000e+00   1.3815676e-01
   5.9420000e+00   1.3817595e-01
   5.9450000e+00   1.3819520e-01
   5.9480000e+00   1.3821451e-01
   5.9510000e+00   1.3823387e-01
   5.9540000e+00   1.3825329e-01
   5.9570000e+00   1.3827277e-01
   5.9600000e+00   1.3829229e-01
   5.9630000e+00   1.3831188e-01
   5.9660000e+00   1.3833151e-01
   5.9690000e+00   1.3835120e-01
   5.9720000e+00   1.3837094e-01
   5.9750000e+00   1.3839072e-01
   5.9780000e+00   1.3841056e-01
   5.9810000e+00   1.3843045e-01
   5.9840000e+00   1.3845039e-01
   5.9870000e+00   1.3847038e-01
   5.9900000e+00   1.3849042e-01
   5.9930000e+00   1.3851050e-01
   5.9960000e+00   1.3853063e-01
   5.9990000e+00   1.3855081e-01
   6.0020000e+00   1.3857103e-01
   6.0050000e+00   1.3859130e-01
   6.0080000e+00   1.3861161e-01
   6.0110000e+00   1.3863197e-01
   6.0140000e+00   1.3865237e-01
   6.0170000e+00   1.3867281e-01
   6.0200000e+00   1.3869330e-01
   6.0230000e+00   1.3871383e-01
   6.0260000e+00   1.3873440e-01
   6.0290000e+00   1.3875501e-01
   6.0320000e+00   1.3877566e-01
   6.0350000e+00   1.3879635e-01
   6.0380000e+00   1.3881708e-01
   6.0410000e+00   1.3883786e-01
   6.0440000e+00   1.3885867e-01
   6.0470000e+00   1.3887951e-01
   6.0500000e+00   1.3890040e-01
   6.0530000e+00   1.3892132e-01
   6.0560000e+00   1.3894229e-01
   6.0590000e+00   1.3896328e-01
   6.0620000e+00   1.3898432e-01
   6.0650000e+00   1.3900539e-01
   6.0680000e+00   1.3902649e-01
   6.0710000e+00   1.3904763e-01
   6.0740000e+00   1.3906880e-01
   6.0770000e+00   1.3909001e-01
   6.0800000e+00   1.3911125e-01
   6.0830000e+00   1.3913253e-01
   6.0860000e+00   1.3915384e-01
   6.0890000e+00   1.3917518e-01
   6.0920000e+00   1.3919655e-01
   6.0950000e+00   1.3921795e-01
   6.0980000e+00   1.3923939e-01
   6.1010000e+00   1.3926085e-01
   6.1040000e+00   1.3928235e-01
   6.1070000e+00   1.3930387e-01
   6.1100000e+00   1.3932543e-01
   6.1130000e+00   1.3934702e-01
   6.1160000e+00   1.3936863e-01
   6.1190000e+00   1.3939028e-01
   6.1220000e+00   1.3941195e-01
   6.1250000e+00   1.3943365e-01
   6.1280000e+00   1.3945538e-01
   6.1310000e+00   1.3947713e-01
   6.1340000e+00   1.3949891e-01
   6.1370000e+00   1.3952072e-01
   6.1400000e+00   1.3954256e-01
   6.1430000e+00   1.3956442e-01
   6.1460000e+00   1.3958631e-01
   6.1490000e+00   1.3960822e-01
   6.1520000e+00   1.3963016e-01
   6.1550000e+00   1.3965212e-01
   6.1580000e+00   1.3967411e-01
   6.1610000e+00   1.3969612e-01
   6.1640000e+00   1.3971815e-01
   6.1670000e+00   1.3974021e-01
   6.1700000e+00   1.3976230e-01
   6.1730000e+00   1.3978440e-01
   6.1760000e+00   1.3980653e-01
   6.1790000e+00   1.3982868e-01
   6.1820000e+00   1.3985085e-01
   6.1850000e+00   1.3987305e-01
   6.1880000e+00   1.3989526e-01
   6.1910000e+00   1.3991750e-01
   6.1940000e+00   1.3993976e-01
   6.1970000e+00   1.3996204e-01
   6.2000000e+00   1.3998434e-01
   6.2030000e+00   1.4000666e-01
   6.2060000e+00   1.4002900e-01
   6.2090000e+00   1.4005136e-01
   6.2120000e+00   1.4007374e-01
   6.2150000e+00   1.4009614e-01
   6.2180000e+00   1.4011856e-01
   6.2210000e+00   1.4014100e-01
   6.2240000e+00   1.4016345e-01
   6.2270000e+00   1.4018593e-01
   6.2300000e+00   1.4020842e-01
   6.2330000e+00   1.4023093e-01
   6.2360000e+00   1.4025346e-01
   6.2390000e+00   1.4027600e-01
   6.2420000e+00   1.4029856e-01
   6.2450000e+00   1.4032114e-01
   6.2480000e+00   1.4034374e-01
   6.2510000e+00   1.4036635e-01
   6.2540000e+00   1.4038898e-01
   6.2570000e+00   1.4041162e-01
   6.2600000e+00   1.4043428e-01
   6.2630000e+00   1.4045696e-01
   6.2660000e+00   1.4047965e-01
   6.2690000e+00   1.4050236e-01
   6.2720000e+00   1.4052508e-01
   6.2750000e+00   1.4054782e-01
   6.2780000e+00   1.4057057e-01
   6.2810000e+00   1.4059333e-01
   6.2840000e+00   1.4061611e-01
   6.2870000e+00   1.4063890e-01
   6.2900000e+00   1.4066171e-01
   6.2930000e+00   1.4068453e-01
   6.2960000e+00   1.4070737e-01
   6.2990000e+00   1.4073021e-01
   6.3020000e+00   1.4075307e-01
   6.3050000e+00   1.4077595e-01
   6.3080000e+00   1.4079883e-01
   6.3110000e+00   1.4082173e-01
   6.3140000e+00   1.4084464e-01
   6.3170000e+00   1.4086756e-01
   6.3200000e+00   1.4089050e-01
   6.3230000e+00   1.4091344e-01
   6.3260000e+00   1.4093640e-01
   6.3290000e+00   1.4095937e-01
   6.3320000e+00   1.4098235e-01
   6.3350000e+00   1.4100534e-01
   6.3380000e+00   1.4102834e-01
   6.3410000e+00   1.4105136e-01
   6.3440000e+00   1.4107438e-01
   6.3470000e+00   1.4109741e-01
   6.3500000e+00   1.4112046e-01
   6.3530000e+00   1.4114351e-01
   6.3560000e+00   1.4116657e-01
   6.3590000e+00   1.4118965e-01
   6.3620000e+00   1.4121273e-01
   6.3650000e+00   1.4123582e-01
   6.3680000e+00   1.4125892e-01
   6.3710000e+00   1.4128203e-01
   6.3740000e+00   1.4130515e-01
   6.3770000e+00   1.4132828e-01
   6.3800000e+00   1.4135142e-01
   6.3830000e+00   1.4137456e-01
   6.3860000e+00   1.4139772e-01
   6.3890000e+00   1.4142088e-01
   6.3920000e+00   1.4144405e-01
   6.3950000e+00   1.4146723e-01
   6.3980000e+00   1.4149041e-01
   6.4010000e+00   1.4151361e-01
   6.4040000e+00   1.4153681e-01
   6.4070000e+00   1.4156001e-01
   6.4100000e+00   1.4158323e-01
   6.4130000e+00   1.4160645e-01
   6.4160000e+00   1.4162968e-01
   6.4190000e+00   1.4165292e-01
   6.4220000e+00   1.4167616e-01
   6.4250000e+00   1.4169941e-01
   6.4280000e+00   1.4172266e-01
   6.4310000e+00   1.4174592e-01
   6.4340000e+00   1.4176919e-01
   6.4370000e+00   1.4179247e-01
   6.4400000e+00   1.4181575e-01
   6.4430000e+00   1.4183903e-01
   6.4460000e+00   1.4186232e-01
   6.4490000e+00   1.4188562e-01
   6.4520000e+00   1.4190892e-01
   6.4550000e+00   1.4193223e-01
   6.4580000e+00   1.4195554e-01
   6.4610000e+00   1.4197886e-01
   6.4640000e+00   1.4200218e-01
   6.4670000e+00   1.4202551e-01
   6.4700000e+00   1.4204884e-01
   6.4730000e+00   1.4207218e-01
   6.4760000e+00   1.4209552e-01
   6.4790000e+00   1.4211886e-01
   6.4820000e+00   1.4214221e-01
   6.4850000e+00   1.4216556e-01
   6.4880000e+00   1.4218892e-01
   6.4910000e+00   1.4221228e-01
   6.4940000e+00   1.4223565e-01
   6.4970000e+00   1.4225901e-01
   6.5000000e+00   1.4228239e-01
   6.5030000e+00   1.4230576e-01
   6.5060000e+00   1.4232914e-01
   6.5090000e+00   1.4235252e-01
   6.5120000e+00   1.4237591e-01
   6.5150000e+00   1.4239930e-01
   6.5180000e+00   1.4242269e-01
   6.5210000e+00   1.4244608e-01
   6.5240000e+00   1.4246948e-01
   6.5270000e+00   1.4249288e-01
   6.5300000e+00   1.4251628e-01
   6.5330000e+00   1.4253968e-01
   6.5360000e+00   1.4256309e-01
   6.5390000e+00   1.4258650e-01
   6.5420000e+00   1.4260991e-01
   6.5450000e+00   1.4263332e-01
   6.5480000e+00   1.4265674e-01
   6.5510000e+00   1.4268015e-01
   6.5540000e+00   1.4270357e-01
   6.5570000e+00   1.4272699e-01
   6.5600000e+00   1.4275041e-01
   6.5630000e+00   1.4277383e-01
   6.5660000e+00   1.4279726e-01
   6.5690000e+00   1.4282068e-01
   6.5720000e+00   1.4284411e-01
   6.5750000e+00   1.4286754e-01
   6.5780000e+00   1.4289097e-01
   6.5810000e+00   1.4291440e-01
   6.5840000e+00   1.4293783e-01
   6.5870000e+00   1.4296126e-01
   6.5900000e+00   1.4298469e-01
   6.5930000e+00   1.4300812e-01
   6.5960000e+00   1.4303156e-01
   6.5990000e+00   1.4305499e-01
   6.6020000e+00   1.4307842e-01
   6.6050000e+00   1.4310186e-01
   6.6080000e+00   1.4312529e-01
   6.6110000e+00   1.4314872e-01
   6.6140000e+00   1.4317216e-01
   6.6170000e+00   1.4319559e-01
   6.6200000e+00   1.4321903e-01
   6.6230000e+00   1.4324246e-01
   6.6260000e+00   1.4326589e-01
   6.6290000e+00   1.4328933e-01
   6.6320000e+00   1.4331276e-01
   6.6350000e+00   1.4333619e-01
   6.6380000e+00   1.4335962e-01
   6.6410000e+00   1.4338305e-01
   6.6440000e+00   1.4340648e-01
   6.6470000e+00   1.4342991e-01
   6.6500000e+00   1.4345334e-01
   6.6530000e+00   1.4347676e-01
   6.6560000e+00   1.4350019e-01
   6.6590000e+00   1.4352361e-01
   6.6620000e+00   1.4354704e-01
   6.6650000e+00   1.4357046e-01
   6.6680000e+00   1.4359388e-01
   6.6710000e+00   1.4361730e-01
   6.6740000e+00   1.4364072e-01
   6.6770000e+00   1.4366413e-01
   6.6800000e+00   1.4368755e-01
   6.6830000e+00   1.4371096e-01
   6.6860000e+00   1.4373437e-01
   6.6890000e+00   1.4375778e-01
   6.6920000e+00   1.4378119e-01
   6.6950000e+00   1.4380459e-01
   6.6980000e+00   1.4382799e-01
   6.7010000e+00   1.4385139e-01
   6.7040000e+00   1.4387479e-01
   6.7070000e+00   1.4389819e-01
   6.7100000e+00   1.4392158e-01
   6.7130000e+00   1.4394497e-01
   6.7160000e+00   1.4396836e-01
   6.7190000e+00   1.4399175e-01
   6.7220000e+00   1.4401513e-01
   6.7250000e+00   1.4403852e-01
   6.7280000e+00   1.4406189e-01
   6.7310000e+00   1.4408527e-01
   6.7340000e+00   1.4410864e-01
   6.7370000e+00   1.4413201e-01
   6.7400000e+00   1.4415538e-01
   6.7430000e+00   1.4417874e-01
   6.7460000e+00   1.4420211e-01
   6.7490000e+00   1.4422546e-01
   6.7520000e+00   1.4424882e-01
   6.7550000e+00   1.4427217e-01
   6.7580000e+00   1.4429552e-01
   6.7610000e+00   1.4431886e-01
   6.7640000e+00   1.4434220e-01
   6.7670000e+00   1.4436554e-01
   6.7700000e+00   1.4438888e-01
   6.7730000e+00   1.4441221e-01
   6.7760000e+00   1.4443553e-01
   6.7790000e+00   1.4445886e-01
   6.7820000e+00   1.4448218e-01
   6.7850000e+00   1.4450549e-01
   6.7880000e+00   1.4452880e-01
   6.7910000e+00   1.4455211e-01
   6.7940000e+00   1.4457542e-01
   6.7970000e+00   1.4459872e-01
   6.8000000e+00   1.4462201e-01
   6.8030000e+00   1.4464530e-01
   6.8060000e+00   1.4466859e-01
   6.8090000e+00   1.4469187e-01
   6.8120000e+00   1.4471515e-01
   6.8150000e+00   1.4473843e-01
   6.8180000e+00   1.4476170e-01
   6.8210000e+00   1.4478496e-01
   6.8240000e+00   1.4480822e-01
   6.8270000e+00   1.4483148e-01
   6.8300000e+00   1.4485473e-01
   6.8330000e+00   1.4487798e-01
   6.8360000e+00   1.4490122e-01
   6.8390000e+00   1.4492446e-01
   6.8420000e+00   1.4494769e-01
   6.8450000e+00   1.4497092e-01
   6.8480000e+00   1.4499414e-01
   6.8510000e+00   1.4501736e-01
   6.8540000e+00   1.4504057e-01
   6.8570000e+00   1.4506378e-01
   6.8600000e+00   1.4508699e-01
   6.8630000e+00   1.4511018e-01
   6.8660000e+00   1.4513338e-01
   6.8690000e+00   1.4515656e-01
   6.8720000e+00   1.4517975e-01
   6.8750000e+00   1.4520292e-01
   6.8780000e+00   1.4522609e-01
   6.8810000e+00   1.4524926e-01
   6.8840000e+00   1.4527242e-01
   6.8870000e+00   1.4529558e-01
   6.8900000e+00   1.4531873e-01
   6.8930000e+00   1.4534187e-01
   6.8960000e+00   1.4536501e-01
   6.8990000e+00   1.4538814e-01
   6.9020000e+00   1.4541127e-01
   6.9050000e+00   1.4543439e-01
   6.9080000e+00   1.4545750e-01
   6.9110000e+00   1.4548061e-01
   6.9140000e+00   1.4550372e-01
   6.9170000e+00   1.4552681e-01
   6.9200000e+00   1.4554990e-01
   6.9230000e+00   1.4557299e-01
   6.9260000e+00   1.4559607e-01
   6.9290000e+00   1.4561914e-01
   6.9320000e+00   1.4564221e-01
   6.9350000e+00   1.4566527e-01
   6.9380000e+00   1.4568833e-01
   6.9410000e+00   1.4571137e-01
   6.9440000e+00   1.4573442e-01
   6.9470000e+00   1.4575745e-01
   6.9500000e+00   1.4578048e-01
   6.9530000e+00   1.4580350e-01
   6.9560000e+00   1.4582652e-01
   6.9590000e+00   1.4584953e-01
   6.9620000e+00   1.4587253e-01
   6.9650000e+00   1.4589553e-01
   6.9680000e+00   1.4591852e-01
   6.9710000e+00   1.4594150e-01
   6.9740000e+00   1.4596448e-01
   6.9770000e+00   1.4598745e-01
   6.9800000e+00   1.4601041e-01
   6.9830000e+00   1.4603337e-01
   6.9860000e+00   1.4605632e-01
   6.9890000e+00   1.4607926e-01
   6.9920000e+00   1.4610220e-01
   6.9950000e+00   1.4612513e-01
   6.9980000e+00   1.4614805e-01
   7.0010000e+00   1.4617096e-01
   7.0040000e+00   1.4619387e-01
   7.0070000e+00   1.4621677e-01
   7.0100000e+00   1.4623967e-01
   7.0130000e+00   1.4626255e-01
   7.0160000e+00   1.4628543e-01
   7.0190000e+00   1.4630830e-01
   7.0220000e+00   1.4633117e-01
   7.0250000e+00   1.4635403e-01
   7.0280000e+00   1.4637688e-01
   7.0310000e+00   1.4639972e-01
   7.0340000e+00   1.4642255e-01
   7.0370000e+00   1.4644538e-01
   7.0400000e+00   1.4646820e-01
   7.0430000e+00   1.4649102e-01
   7.0460000e+00   1.4651382e-01
   7.0490000e+00   1.4653662e-01
   7.0520000e+00   1.4655941e-01
   7.0550000e+00   1.4658219e-01
   7.0580000e+00   1.4660497e-01
   7.0610000e+00   1.4662773e-01
   7.0640000e+00   1.4665049e-01
   7.0670000e+00   1.4667324e-01
   7.0700000e+00   1.4669599e-01
   7.0730000e+00   1.4671872e-01
   7.0760000e+00   1.4674145e-01
   7.0790000e+00   1.4676417e-01
   7.0820000e+00   1.4678688e-01
   7.0850000e+00   1.4680959e-01
   7.0880000e+00   1.4683228e-01
   7.0910000e+00   1.4685497e-01
   7.0940000e+00   1.4687765e-01
   7.0970000e+00   1.4690033e-01
   7.1000000e+00   1.4692299e-01
   7.1030000e+00   1.4694565e-01
   7.1060000e+00   1.4696829e-01
   7.1090000e+00   1.4699093e-01
   7.1120000e+00   1.4701356e-01
   7.1150000e+00   1.4703619e-01
   7.1180000e+00   1.4705880e-01
   7.1210000e+00   1.4708141e-01
   7.1240000e+00   1.4710401e-01
   7.1270000e+00   1.4712660e-01
   7.1300000e+00   1.4714918e-01
   7.1330000e+00   1.4717175e-01
   7.1360000e+00   1.4719432e-01
   7.1390000e+00   1.4721687e-01
   7.1420000e+00   1.4723942e-01
   7.1450000e+00   1.4726196e-01
   7.1480000e+00   1.4728449e-01
   7.1510000e+00   1.4730701e-01
   7.1540000e+00   1.4732953e-01
   7.1570000e+00   1.4735203e-01
   7.1600000e+00   1.4737453e-01
   7.1630000e+00   1.4739701e-01
   7.1660000e+00   1.4741949e-01
   7.1690000e+00   1.4744196e-01
   7.1720000e+00   1.4746442e-01
   7.1750000e+00   1.4748688e-01
   7.1780000e+00   1.4750932e-01
   7.1810000e+00   1.4753176e-01
   7.1840000e+00   1.4755418e-01
   7.1870000e+00   1.4757660e-01
   7.1900000e+00   1.4759901e-01
   7.1930000e+00   1.4762141e-01
   7.1960000e+00   1.4764380e-01
   7.1990000e+00   1.4766618e-01
   7.2020000e+00   1.4768855e-01
   7.2050000e+00   1.4771091e-01
   7.2080000e+00   1.4773327e-01
   7.2110000e+00   1.4775561e-01
   7.2140000e+00   1.4777795e-01
   7.2170000e+00   1.4780028e-01
   7.2200000e+00   1.4782259e-01
   7.2230000e+00   1.4784490e-01
   7.2260000e+00   1.4786720e-01
   7.2290000e+00   1.4788949e-01
   7.2320000e+00   1.4791177e-01
   7.2350000e+00   1.4793404e-01
   7.2380000e+00   1.4795631e-01
   7.2410000e+00   1.4797856e-01
   7.2440000e+00   1.4800080e-01
   7.2470000e+00   1.4802304e-01
   7.2500000e+00   1.4804526e-01
   7.2530000e+00   1.4806748e-01
   7.2560000e+00   1.4808968e-01
   7.2590000e+00   1.4811188e-01
   7.2620000e+00   1.4813407e-01
   7.2650000e+00   1.4815624e-01
   7.2680000e+00   1.4817841e-01
   7.2710000e+00   1.4820057e-01
   7.2740000e+00   1.4822272e-01
   7.2770000e+00   1.4824486e-01
   7.2800000e+00   1.4826699e-01
   7.2830000e+00   1.4828911e-01
   7.2860000e+00   1.4831122e-01
   7.2890000e+00   1.4833332e-01
   7.2920000e+00   1.4835541e-01
   7.2950000e+00   1.4837749e-01
   7.2980000e+00   1.4839957e-01
   7.3010000e+00   1.4842163e-01
   7.3040000e+00   1.4844368e-01
   7.3070000e+00   1.4846572e-01
   7.3100000e+00   1.4848775e-01
   7.3130000e+00   1.4850978e-01
   7.3160000e+00   1.4853179e-01
   7.3190000e+00   1.4855379e-01
   7.3220000e+00   1.4857579e-01
   7.3250000e+00   1.4859777e-01
   7.3280000e+00   1.4861974e-01
   7.3310000e+00   1.4864171e-01
   7.3340000e+00   1.4866366e-01
   7.3370000e+00   1.4868560e-01
   7.3400000e+00   1.4870754e-01
   7.3430000e+00   1.4872946e-01
   7.3460000e+00   1.4875137e-01
   7.3490000e+00   1.4877328e-01
   7.3520000e+00   1.4879517e-01
   7.3550000e+00   1.4881705e-01
   7.3580000e+00   1.4883893e-01
   7.3610000e+00   1.4886079e-01
   7.3640000e+00   1.4888264e-01
   7.3670000e+00   1.4890448e-01
   7.3700000e+00   1.4892632e-01
   7.3730000e+00   1.4894814e-01
   7.3760000e+00   1.4896995e-01
   7.3790000e+00   1.4899175e-01
   7.3820000e+00   1.4901354e-01
   7.3850000e+00   1.4903533e-01
   7.3880000e+00   1.4905710e-01
   7.3910000e+00   1.4907886e-01
   7.3940000e+00   1.4910061e-01
   7.3970000e+00   1.4912235e-01
   7.4000000e+00   1.4914408e-01
   7.4030000e+00   1.4916580e-01
   7.4060000e+00   1.4918751e-01
   7.4090000e+00   1.4920920e-01
   7.4120000e+00   1.4923089e-01
   7.4150000e+00   1.4925257e-01
   7.4180000e+00   1.4927424e-01
   7.4210000e+00   1.4929589e-01
   7.4240000e+00   1.4931754e-01
   7.4270000e+00   1.4933917e-01
   7.4300000e+00   1.4936080e-01
   7.4330000e+00   1.4938241e-01
   7.4360000e+00   1.4940402e-01
   7.4390000e+00   1.4942561e-01
   7.4420000e+00   1.4944719e-01
   7.4450000e+00   1.4946877e-01
   7.4480000e+00   1.4949033e-01
   7.4510000e+00   1.4951188e-01
   7.4540000e+00   1.4953342e-01
   7.4570000e+00   1.4955495e-01
   7.4600000e+00   1.4957647e-01
   7.4630000e+00   1.4959798e-01
   7.4660000e+00   1.4961947e-01
   7.4690000e+00   1.4964096e-01
   7.4720000e+00   1.4966244e-01
   7.4750000e+00   1.4968390e-01
   7.4780000e+00   1.4970536e-01
   7.4810000e+00   1.4972680e-01
   7.4840000e+00   1.4974823e-01
   7.4870000e+00   1.4976966e-01
   7.4900000e+00   1.4979107e-01
   7.4930000e+00   1.4981247e-01
   7.4960000e+00   1.4983386e-01
   7.4990000e+00   1.4985524e-01
   7.5020000e+00   1.4987660e-01
   7.5050000e+00   1.4989796e-01
   7.5080000e+00   1.4991931e-01
   7.5110000e+00   1.4994064e-01
   7.5140000e+00   1.4996197e-01
   7.5170000e+00   1.4998328e-01
   7.5200000e+00   1.5000458e-01
   7.5230000e+00   1.5002587e-01
   7.5260000e+00   1.5004716e-01
   7.5290000e+00   1.5006842e-01
   7.5320000e+00   1.5008968e-01
   7.5350000e+00   1.5011093e-01
   7.5380000e+00   1.5013217e-01
   7.5410000e+00   1.5015339e-01
   7.5440000e+00   1.5017461e-01
   7.5470000e+00   1.5019581e-01
   7.5500000e+00   1.5021700e-01
   7.5530000e+00   1.5023818e-01
   7.5560000e+00   1.5025935e-01
   7.5590000e+00   1.5028051e-01
   7.5620000e+00   1.5030166e-01
   7.5650000e+00   1.5032279e-01
   7.5680000e+00   1.5034392e-01
   7.5710000e+00   1.5036503e-01
   7.5740000e+00   1.5038614e-01
   7.5770000e+00   1.5040723e-01
   7.5800000e+00   1.5042831e-01
   7.5830000e+00   1.5044938e-01
   7.5860000e+00   1.5047044e-01
   7.5890000e+00   1.5049148e-01
   7.5920000e+00   1.5051252e-01
   7.5950000e+00   1.5053354e-01
   7.5980000e+00   1.5055456e-01
   7.6010000e+00   1.5057556e-01
   7.6040000e+00   1.5059655e-01
   7.6070000e+00   1.5061753e-01
   7.6100000e+00   1.5063849e-01
   7.6130000e+00   1.5065945e-01
   7.6160000e+00   1.5068040e-01
   7.6190000e+00   1.5070133e-01
   7.6220000e+00   1.5072225e-01
   7.6250000e+00   1.5074316e-01
   7.6280000e+00   1.5076406e-01
   7.6310000e+00   1.5078495e-01
   7.6340000e+00   1.5080583e-01
   7.6370000e+00   1.5082669e-01
   7.6400000e+00   1.5084755e-01
   7.6430000e+00   1.5086839e-01
   7.6460000e+00   1.5088922e-01
   7.6490000e+00   1.5091004e-01
   7.6520000e+00   1.5093085e-01
   7.6550000e+00   1.5095164e-01
   7.6580000e+00   1.5097243e-01
   7.6610000e+00   1.5099320e-01
   7.6640000e+00   1.5101396e-01
   7.6670000e+00   1.5103471e-01
   7.6700000e+00   1.5105545e-01
   7.6730000e+00   1.5107618e-01
   7.6760000e+00   1.5109689e-01
   7.6790000e+00   1.5111760e-01
   7.6820000e+00   1.5113829e-01
   7.6850000e+00   1.5115897e-01
   7.6880000e+00   1.5117964e-01
   7.6910000e+00   1.5120030e-01
   7.6940000e+00   1.5122095e-01
   7.6970000e+00   1.5124158e-01
   7.7000000e+00   1.5126220e-01
   7.7030000e+00   1.5128281e-01
   7.7060000e+00   1.5130341e-01
   7.7090000e+00   1.5132400e-01
   7.7120000e+00   1.5134458e-01
   7.7150000e+00   1.5136514e-01
   7.7180000e+00   1.5138570e-01
   7.7210000e+00   1.5140624e-01
   7.7240000e+00   1.5142677e-01
   7.7270000e+00   1.5144728e-01
   7.7300000e+00   1.5146779e-01
   7.7330000e+00   1.5148829e-01
   7.7360000e+00   1.5150877e-01
   7.7390000e+00   1.5152924e-01
   7.7420000e+00   1.5154970e-01
   7.7450000e+00   1.5157015e-01
   7.7480000e+00   1.5159058e-01
   7.7510000e+00   1.5161101e-01
   7.7540000e+00   1.5163142e-01
   7.7570000e+00   1.5165182e-01
   7.7600000e+00   1.5167221e-01
   7.7630000e+00   1.5169258e-01
   7.7660000e+00   1.5171295e-01
   7.7690000e+00   1.5173330e-01
   7.7720000e+00   1.5175364e-01
   7.7750000e+00   1.5177397e-01
   7.7780000e+00   1.5179429e-01
   7.7810000e+00   1.5181459e-01
   7.7840000e+00   1.5183489e-01
   7.7870000e+00   1.5185517e-01
   7.7900000e+00   1.5187544e-01
   7.7930000e+00   1.5189570e-01
   7.7960000e+00   1.5191594e-01
   7.7990000e+00   1.5193618e-01
   7.8020000e+00   1.5195640e-01
   7.8050000e+00   1.5197661e-01
   7.8080000e+00   1.5199681e-01
   7.8110000e+00   1.5201700e-01
   7.8140000e+00   1.5203717e-01
   7.8170000e+00   1.5205733e-01
   7.8200000e+00   1.5207748e-01
   7.8230000e+00   1.5209762e-01
   7.8260000e+00   1.5211775e-01
   7.8290000e+00   1.5213786e-01
   7.8320000e+00   1.5215797e-01
   7.8350000e+00   1.5217806e-01
   7.8380000e+00   1.5219814e-01
   7.8410000e+00   1.5221820e-01
   7.8440000e+00   1.5223826e-01
   7.8470000e+00   1.5225830e-01
   7.8500000e+00   1.5227833e-01
   7.8530000e+00   1.5229835e-01
   7.8560000e+00   1.5231836e-01
   7.8590000e+00   1.5233835e-01
   7.8620000e+00   1.5235834e-01
   7.8650000e+00   1.5237831e-01
   7.8680000e+00   1.5239827e-01
   7.8710000e+00   1.5241821e-01
   7.8740000e+00   1.5243815e-01
   7.8770000e+00   1.5245807e-01
   7.8800000e+00   1.5247798e-01
   7.8830000e+00   1.5249788e-01
   7.8860000e+00   1.5251777e-01
   7.8890000e+00   1.5253764e-01
   7.8920000e+00   1.5255750e-01
   7.8950000e+00   1.5257735e-01
   7.8980000e+00   1.5259719e-01
   7.9010000e+00   1.5261701e-01
   7.9040000e+00   1.5263683e-01
   7.9070000e+00   1.5265663e-01
   7.9100000e+00   1.5267642e-01
   7.9130000e+00   1.5269620e-01
   7.9160000e+00   1.5271596e-01
   7.9190000e+00   1.5273571e-01
   7.9220000e+00   1.5275545e-01
   7.9250000e+00   1.5277518e-01
   7.9280000e+00   1.5279490e-01
   7.9310000e+00   1.5281460e-01
   7.9340000e+00   1.5283430e-01
   7.9370000e+00   1.5285398e-01
   7.9400000e+00   1.5287364e-01
   7.9430000e+00   1.5289330e-01
   7.9460000e+00   1.5291294e-01
   7.9490000e+00   1.5293257e-01
   7.9520000e+00   1.5295219e-01
   7.9550000e+00   1.5297180e-01
   7.9580000e+00   1.5299139e-01
   7.9610000e+00   1.5301098e-01
   7.9640000e+00   1.5303055e-01
   7.9670000e+00   1.5305010e-01
   7.9700000e+00   1.5306965e-01
   7.9730000e+00   1.5308918e-01
   7.9760000e+00   1.5310870e-01
   7.9790000e+00   1.5312821e-01
   7.9820000e+00   1.5314771e-01
   7.9850000e+00   1.5316719e-01
   7.9880000e+00   1.5318667e-01
   7.9910000e+00   1.5320613e-01
   7.9940000e+00   1.5322557e-01
   7.9970000e+00   1.5324501e-01
   8.0000000e+00   1.5326443e-01
