   2.0000000e+00   2.4823625e-07
   2.0300000e+00   3.2801951e-07
   2.0600000e+00   4.4118951e-07
   2.0900000e+00   6.0416501e-07
   2.1200000e+00   8.4252891e-07
   2.1500000e+00   1.1967336e-06
   2.1800000e+00   1.7317203e-06
   2.2100000e+00   2.5533705e-06
   2.2400000e+00   3.8370288e-06
   2.2700000e+00   5.8775819e-06
   2.3000000e+00   9.1783641e-06
   2.3300000e+00   1.4610450e-05
   2.3600000e+00   2.3700012e-05
   2.3900000e+00   3.9148862e-05
   2.4200000e+00   6.5778437e-05
   2.4500000e+00   1.1223786e-04
   2.4800000e+00   1.9407605e-04
   2.5100000e+00   3.3921131e-04
   2.5400000e+00   5.9752373e-04
   2.5700000e+00   1.0573303e-03
   2.6000000e+00   1.8728901e-03
   2.6300000e+00   3.3085873e-03
   2.6600000e+00   5.8061912e-03
   2.6900000e+00   1.0079453e-02
   2.7200000e+00   1.7231041e-02
   2.7500000e+00   2.8864058e-02
   2.7800000e+00   4.7119082e-02
   2.8100000e+00   7.4516537e-02
   2.8400000e+00   1.1346790e-01
   2.8700000e+00   1.6542585e-01
   2.9000000e+00   2.2992799e-01
   2.9300000e+00   3.0409623e-01
   2.9600000e+00   3.8309604e-01
   2.9900000e+00   4.6146315e-01
   3.0200000e+00   5.3456827e-01
   3.0500000e+00   5.9947827e-01
   3.0800000e+00   6.5501919e-01
   3.1100000e+00   7.0133349e-01
   3.1400000e+00   7.3931789e-01
   3.1700000e+00   7.7017168e-01
   3.2000000e+00   7.9511517e-01
   3.2300000e+00   8.1524899e-01
   3.2600000e+00   8.3150333e-01
   3.2900000e+00   8.4463529e-01
   3.3200000e+00   8.5524755e-01
   3.3500000e+00   8.6381358e-01
   3.3800000e+00   8.7070236e-01
   3.4100000e+00   8.7619998e-01
   3.4400000e+00   8.8052715e-01
   3.4700000e+00   8.8385316e-01
   3.5000000e+00   8.8630654e-01
   3.5300000e+00   8.8798325e-01
   3.5600000e+00   8.8895281e-01
   3.5900000e+00   8.8926283e-01
   3.6200000e+00   8.8894237e-01
   3.6500000e+00   8.8800428e-01
   3.6800000e+00   8.8644687e-01
   3.7100000e+00   8.8425492e-01
   3.7400000e+00   8.8140034e-01
   3.7700000e+00   8.7784239e-01
   3.8000000e+00   8.7352777e-01
   3.8300000e+00   8.6839046e-01
   3.8600000e+00   8.6235169e-01
   3.8900000e+00   8.5531991e-01
   3.9200000e+00   8.4719113e-01
   3.9500000e+00   8.3784973e-01
   3.9800000e+00   8.2717002e-01
   4.0100000e+00   8.1501888e-01
   4.0400000e+00   8.0125971e-01
   4.0700000e+00   7.8575807e-01
   4.1000000e+00   7.6838927e-01
   4.1300000e+00   7.4904798e-01
   4.1600000e+00   7.2765972e-01
   4.1900000e+00   7.0419382e-01
   4.2200000e+00   6.7867681e-01
   4.2500000e+00   6.5120483e-01
   4.2800000e+00   6.2195321e-01
   4.3100000e+00   5.9118100e-01
   4.3400000e+00   5.5922872e-01
   4.3700000e+00   5.2650789e-01
   4.4000000e+00   4.9348249e-01
   4.4300000e+00   4.6064352e-01
   4.4600000e+00   4.2847962e-01
   4.4900000e+00   3.9744727e-01
   4.5200000e+00   3.6794454e-01
   4.5500000e+00   3.4029147e-01
   4.5800000e+00   3.1471893e-01
   4.6100000e+00   2.9136636e-01
   4.6400000e+00   2.7028716e-01
   4.6700000e+00   2.5145991e-01
   4.7000000e+00   2.3480280e-01
   4.7300000e+00   2.2018938e-01
   4.7600000e+00   2.0746354e-01
   4.7900000e+00   1.9645271e-01
   4.8200000e+00   1.8697869e-01
   4.8500000e+00   1.7886582e-01
   4.8800000e+00   1.7194681e-01
   4.9100000e+00   1.6606645e-01
   4.9400000e+00   1.6108365e-01
   4.9700000e+00   1.5687224e-01
   5.0000000e+00   1.5332086e-01
   5.0300000e+00   1.5033227e-01
   5.0600000e+00   1.4782228e-01
   5.0900000e+00   1.4571849e-01
   5.1200000e+00   1.4395900e-01
   5.1500000e+00   1.4249113e-01
   5.1800000e+00   1.4127018e-01
   5.2100000e+00   1.4025835e-01
   5.2400000e+00   1.3942371e-01
   5.2700000e+00   1.3873936e-01
   5.3000000e+00   1.3818260e-01
   5.3300000e+00   1.3773436e-01
   5.3600000e+00   1.3737854e-01
   5.3900000e+00   1.3710161e-01
   5.4200000e+00   1.3689212e-01
   5.4500000e+00   1.3674045e-01
   5.4800000e+00   1.3663845e-01
   5.5100000e+00   1.3657921e-01
   5.5400000e+00   1.3655689e-01
   5.5700000e+00   1.3656652e-01
   5.6000000e+00   1.3660386e-01
   5.6300000e+00   1.3666532e-01
   5.6600000e+00   1.3674779e-01
   5.6900000e+00   1.3684864e-01
   5.7200000e+00   1.3696558e-01
   5.7500000e+00   1.3709665e-01
   5.7800000e+00   1.3724015e-01
   5.8100000e+00   1.3739461e-01
   5.8400000e+00   1.3755874e-01
   5.8700000e+00   1.3773144e-01
   5.9000000e+00   1.3791172e-01
   5.9300000e+00   1.3809873e-01
   5.9600000e+00   1.3829170e-01
   5.9900000e+00   1.3848999e-01
   6.0200000e+00   1.3869298e-01
   6.0500000e+00   1.3890017e-01
   6.0800000e+00   1.3911109e-01
   6.1100000e+00   1.3932531e-01
   6.1400000e+00   1.3954247e-01
   6.1700000e+00   1.3976223e-01
   6.2000000e+00   1.3998429e-01
   6.2300000e+00   1.4020839e-01
   6.2600000e+00   1.4043426e-01
   6.2900000e+00   1.4066169e-01
   6.3200000e+00   1.4089048e-01
   6.3500000e+00   1.4112045e-01
   6.3800000e+00   1.4135141e-01
   6.4100000e+00   1.4158322e-01
   6.4400000e+00   1.4181574e-01
   6.4700000e+00   1.4204884e-01
   6.5000000e+00   1.4228238e-01
   6.5300000e+00   1.4251628e-01
   6.5600000e+00   1.4275041e-01
   6.5900000e+00   1.4298469e-01
   6.6200000e+00   1.4321903e-01
   6.6500000e+00   1.4345334e-01
   6.6800000e+00   1.4368755e-01
   6.7100000e+00   1.4392158e-01
   6.7400000e+00   1.4415538e-01
   6.7700000e+00   1.4438888e-01
   6.8000000e+00   1.4462201e-01
   6.8300000e+00   1.4485473e-01
   6.8600000e+00   1.4508699e-01
   6.8900000e+00   1.4531873e-01
   6.9200000e+00   1.4554990e-01
   6.9500000e+00   1.4578048e-01
   6.9800000e+00   1.4601041e-01
   7.0100000e+00   1.4623967e-01
   7.0400000e+00   1.4646820e-01
   7.0700000e+00   1.4669599e-01
   7.1000000e+00   1.4692299e-01
   7.1300000e+00   1.4714918e-01
   7.1600000e+00   1.4737453e-01
   7.1900000e+00   1.4759901e-01
   7.2200000e+00   1.4782259e-01
   7.2500000e+00   1.4804526e-01
   7.2800000e+00   1.4826699e-01
   7.3100000e+00   1.4848775e-01
   7.3400000e+00   1.4870754e-01
   7.3700000e+00   1.4892632e-01
   7.4000000e+00   1.4914408e-01
   7.4300000e+00   1.4936080e-01
   7.4600000e+00   1.4957647e-01
   7.4900000e+00   1.4979107e-01
   7.5200000e+00   1.5000458e-01
   7.5500000e+00   1.5021700e-01
   7.5800000e+00   1.5042831e-01
   7.6100000e+00   1.5063849e-01
   7.6400000e+00   1.5084755e-01
   7.6700000e+00   1.5105545e-01
   7.7000000e+00   1.5126220e-01
   7.7300000e+00   1.5146779e-01
   7.7600000e+00   1.5167221e-01
   7.7900000e+00   1.5187544e-01
   7.8200000e+00   1.5207748e-01
   7.8500000e+00   1.5227833e-01
   7.8800000e+00   1.5247798e-01
   7.9100000e+00   1.5267642e-01
   7.9400000e+00   1.5287364e-01
   7.9700000e+00   1.5306965e-01
   8.0000000e+00   1.5326443e-01
