   2.0000000e+00   6.9259001e-04
   2.0300000e+00   7.8099005e-04
   2.0600000e+00   8.8377888e-04
   2.0900000e+00   1.0035061e-03
   2.1200000e+00   1.1431804e-03
   2.1500000e+00   1.3063471e-03
   2.1800000e+00   1.4971764e-03
   2.2100000e+00   1.7205631e-03
   2.2400000e+00   1.9822359e-03
   2.2700000e+00   2.2888773e-03
   2.3000000e+00   2.6482513e-03
   2.3300000e+00   3.0693356e-03
   2.3600000e+00   3.5624525e-03
   2.3900000e+00   4.1393927e-03
   2.4200000e+00   4.8135194e-03
   2.4500000e+00   5.5998422e-03
   2.4800000e+00   6.5150420e-03
   2.5100000e+00   7.5774303e-03
   2.5400000e+00   8.8068201e-03
   2.5700000e+00   1.0224288e-02
   2.6000000e+00   1.1851811e-02
   2.6300000e+00   1.3711753e-02
   2.6600000e+00   1.5826215e-02
   2.6900000e+00   1.8216231e-02
   2.7200000e+00   2.0900852e-02
   2.7500000e+00   2.3896139e-02
   2.7800000e+00   2.7214133e-02
   2.8100000e+00   3.0861860e-02
   2.8400000e+00   3.4840462e-02
   2.8700000e+00   3.9144512e-02
   2.9000000e+00   4.3761598e-02
   2.9300000e+00   4.8672221e-02
   2.9600000e+00   5.3850034e-02
   2.9900000e+00   5.9262413e-02
   3.0200000e+00   6.4871338e-02
   3.0500000e+00   7.0634509e-02
   3.0800000e+00   7.6506633e-02
   3.1100000e+00   8.2440784e-02
   3.1400000e+00   8.8389752e-02
   3.1700000e+00   9.4307312e-02
   3.2000000e+00   1.0014933e-01
   3.2300000e+00   1.0587470e-01
   3.2600000e+00   1.1144601e-01
   3.2900000e+00   1.1683007e-01
   3.3200000e+00   1.2199819e-01
   3.3500000e+00   1.2692621e-01
   3.3800000e+00   1.3159452e-01
   3.4100000e+00   1.3598782e-01
   3.4400000e+00   1.4009485e-01
   3.4700000e+00   1.4390807e-01
   3.5000000e+00   1.4742327e-01
   3.5300000e+00   1.5063921e-01
   3.5600000e+00   1.5355724e-01
   3.5900000e+00   1.5618090e-01
   3.6200000e+00   1.5851565e-01
   3.6500000e+00   1.6056855e-01
   3.6800000e+00   1.6234798e-01
   3.7100000e+00   1.6386342e-01
   3.7400000e+00   1.6512523e-01
   3.7700000e+00   1.6614453e-01
   3.8000000e+00   1.6693301e-01
   3.8300000e+00   1.6750282e-01
   3.8600000e+00   1.6786649e-01
   3.8900000e+00   1.6803680e-01
   3.9200000e+00   1.6802674e-01
   3.9500000e+00   1.6784943e-01
   3.9800000e+00   1.6751807e-01
   4.0100000e+00   1.6704584e-01
   4.0400000e+00   1.6644591e-01
   4.0700000e+00   1.6573130e-01
   4.1000000e+00   1.6491490e-01
   4.1300000e+00   1.6400937e-01
   4.1600000e+00   1.6302709e-01
   4.1900000e+00   1.6198009e-01
   4.2200000e+00   1.6088002e-01
   4.2500000e+00   1.5973806e-01
   4.2800000e+00   1.5856489e-01
   4.3100000e+00   1.5737062e-01
   4.3400000e+00   1.5616476e-01
   4.3700000e+00   1.5495619e-01
   4.4000000e+00   1.5375308e-01
   4.4300000e+00   1.5256294e-01
   4.4600000e+00   1.5139254e-01
   4.4900000e+00   1.5024792e-01
   4.5200000e+00   1.4913441e-01
   4.5500000e+00   1.4805663e-01
   4.5800000e+00   1.4701850e-01
   4.6100000e+00   1.4602326e-01
   4.6400000e+00   1.4507354e-01
   4.6700000e+00   1.4417132e-01
   4.7000000e+00   1.4331808e-01
   4.7300000e+00   1.4251472e-01
   4.7600000e+00   1.4176171e-01
   4.7900000e+00   1.4105908e-01
   4.8200000e+00   1.4040648e-01
   4.8500000e+00   1.3980325e-01
   4.8800000e+00   1.3924842e-01
   4.9100000e+00   1.3874080e-01
   4.9400000e+00   1.3827899e-01
   4.9700000e+00   1.3786144e-01
   5.0000000e+00   1.3748646e-01
   5.0300000e+00   1.3715229e-01
   5.0600000e+00   1.3685708e-01
   5.0900000e+00   1.3659895e-01
   5.1200000e+00   1.3637602e-01
   5.1500000e+00   1.3618641e-01
   5.1800000e+00   1.3602823e-01
   5.2100000e+00   1.3589967e-01
   5.2400000e+00   1.3579892e-01
   5.2700000e+00   1.3572427e-01
   5.3000000e+00   1.3567403e-01
   5.3300000e+00   1.3564661e-01
   5.3600000e+00   1.3564046e-01
   5.3900000e+00   1.3565414e-01
   5.4200000e+00   1.3568624e-01
   5.4500000e+00   1.3573546e-01
   5.4800000e+00   1.3580056e-01
   5.5100000e+00   1.3588037e-01
   5.5400000e+00   1.3597381e-01
   5.5700000e+00   1.3607983e-01
   5.6000000e+00   1.3619748e-01
   5.6300000e+00   1.3632587e-01
   5.6600000e+00   1.3646415e-01
   5.6900000e+00   1.3661154e-01
   5.7200000e+00   1.3676732e-01
   5.7500000e+00   1.3693081e-01
   5.7800000e+00   1.3710139e-01
   5.8100000e+00   1.3727847e-01
   5.8400000e+00   1.3746151e-01
   5.8700000e+00   1.3765002e-01
   5.9000000e+00   1.3784352e-01
   5.9300000e+00   1.3804158e-01
   5.9600000e+00   1.3824381e-01
   5.9900000e+00   1.3844984e-01
   6.0200000e+00   1.3865932e-01
   6.0500000e+00   1.3887195e-01
   6.0800000e+00   1.3908741e-01
   6.1100000e+00   1.3930545e-01
   6.1400000e+00   1.3952581e-01
   6.1700000e+00   1.3974825e-01
   6.2000000e+00   1.3997256e-01
   6.2300000e+00   1.4019854e-01
   6.2600000e+00   1.4042599e-01
   6.2900000e+00   1.4065475e-01
   6.3200000e+00   1.4088466e-01
   6.3500000e+00   1.4111555e-01
   6.3800000e+00   1.4134730e-01
   6.4100000e+00   1.4157977e-01
   6.4400000e+00   1.4181284e-01
   6.4700000e+00   1.4204640e-01
   6.5000000e+00   1.4228034e-01
   6.5300000e+00   1.4251456e-01
   6.5600000e+00   1.4274897e-01
   6.5900000e+00   1.4298348e-01
   6.6200000e+00   1.4321801e-01
   6.6500000e+00   1.4345248e-01
   6.6800000e+00   1.4368683e-01
   6.7100000e+00   1.4392098e-01
   6.7400000e+00   1.4415487e-01
   6.7700000e+00   1.4438845e-01
   6.8000000e+00   1.4462165e-01
   6.8300000e+00   1.4485443e-01
   6.8600000e+00   1.4508673e-01
   6.8900000e+00   1.4531851e-01
   6.9200000e+00   1.4554973e-01
   6.9500000e+00   1.4578033e-01
   6.9800000e+00   1.4601029e-01
   7.0100000e+00   1.4623956e-01
   7.0400000e+00   1.4646811e-01
   7.0700000e+00   1.4669591e-01
   7.1000000e+00   1.4692293e-01
   7.1300000e+00   1.4714913e-01
   7.1600000e+00   1.4737448e-01
   7.1900000e+00   1.4759897e-01
   7.2200000e+00   1.4782256e-01
   7.2500000e+00   1.4804524e-01
   7.2800000e+00   1.4826697e-01
   7.3100000e+00   1.4848774e-01
   7.3400000e+00   1.4870752e-01
   7.3700000e+00   1.4892630e-01
   7.4000000e+00   1.4914407e-01
   7.4300000e+00   1.4936079e-01
   7.4600000e+00   1.4957646e-01
   7.4900000e+00   1.4979106e-01
   7.5200000e+00   1.5000458e-01
   7.5500000e+00   1.5021700e-01
   7.5800000e+00   1.5042831e-01
   7.6100000e+00   1.5063849e-01
   7.6400000e+00   1.5084754e-01
   7.6700000e+00   1.5105545e-01
   7.7000000e+00   1.5126220e-01
   7.7300000e+00   1.5146779e-01
   7.7600000e+00   1.5167220e-01
   7.7900000e+00   1.5187544e-01
   7.8200000e+00   1.5207748e-01
   7.8500000e+00   1.5227833e-01
   7.8800000e+00   1.5247798e-01
   7.9100000e+00   1.5267642e-01
   7.9400000e+00   1.5287364e-01
   7.9700000e+00   1.5306965e-01
   8.0000000e+00   1.5326443e-01
