   2.0000000e+00   1.4765287e-05
   2.0300000e+00   1.8032909e-05
   2.0600000e+00   2.2234810e-05
   2.0900000e+00   2.7678235e-05
   2.1200000e+00   3.4782152e-05
   2.1500000e+00   4.4121232e-05
   2.1800000e+00   5.6488297e-05
   2.2100000e+00   7.2983369e-05
   2.2400000e+00   9.5141092e-05
   2.2700000e+00   1.2511358e-04
   2.3000000e+00   1.6593315e-04
   2.3300000e+00   2.2188966e-04
   2.3600000e+00   2.9907146e-04
   2.3900000e+00   4.0613699e-04
   2.4200000e+00   5.5540704e-04
   2.4500000e+00   7.6439362e-04
   2.4800000e+00   1.0579067e-03
   2.5100000e+00   1.4708969e-03
   2.5400000e+00   2.0521867e-03
   2.5700000e+00   2.8691899e-03
   2.6000000e+00   4.0135918e-03
   2.6300000e+00   5.6077180e-03
   2.6600000e+00   7.8109320e-03
   2.6900000e+00   1.0824867e-02
   2.7200000e+00   1.4895665e-02
   2.7500000e+00   2.0310852e-02
   2.7800000e+00   2.7388255e-02
   2.8100000e+00   3.6454912e-02
   2.8400000e+00   4.7815511e-02
   2.8700000e+00   6.1712585e-02
   2.9000000e+00   7.8284028e-02
   2.9300000e+00   9.7526292e-02
   2.9600000e+00   1.1927246e-01
   2.9900000e+00   1.4319218e-01
   3.0200000e+00   1.6881545e-01
   3.0500000e+00   1.9557614e-01
   3.0800000e+00   2.2286623e-01
   3.1100000e+00   2.5008984e-01
   3.1400000e+00   2.7670795e-01
   3.1700000e+00   3.0226833e-01
   3.2000000e+00   3.2641965e-01
   3.2300000e+00   3.4891200e-01
   3.2600000e+00   3.6958770e-01
   3.2900000e+00   3.8836670e-01
   3.3200000e+00   4.0522999e-01
   3.3500000e+00   4.2020345e-01
   3.3800000e+00   4.3334369e-01
   3.4100000e+00   4.4472640e-01
   3.4400000e+00   4.5443725e-01
   3.4700000e+00   4.6256526e-01
   3.5000000e+00   4.6919811e-01
   3.5300000e+00   4.7441909e-01
   3.5600000e+00   4.7830527e-01
   3.5900000e+00   4.8092664e-01
   3.6200000e+00   4.8234589e-01
   3.6500000e+00   4.8261872e-01
   3.6800000e+00   4.8179444e-01
   3.7100000e+00   4.7991694e-01
   3.7400000e+00   4.7702573e-01
   3.7700000e+00   4.7315712e-01
   3.8000000e+00   4.6834558e-01
   3.8300000e+00   4.6262504e-01
   3.8600000e+00   4.5603027e-01
   3.8900000e+00   4.4859827e-01
   3.9200000e+00   4.4036953e-01
   3.9500000e+00   4.3138925e-01
   3.9800000e+00   4.2170837e-01
   4.0100000e+00   4.1138440e-01
   4.0400000e+00   4.0048193e-01
   4.0700000e+00   3.8907282e-01
   4.1000000e+00   3.7723603e-01
   4.1300000e+00   3.6505699e-01
   4.1600000e+00   3.5262655e-01
   4.1900000e+00   3.4003955e-01
   4.2200000e+00   3.2739301e-01
   4.2500000e+00   3.1478412e-01
   4.2800000e+00   3.0230800e-01
   4.3100000e+00   2.9005553e-01
   4.3400000e+00   2.7811119e-01
   4.3700000e+00   2.6655122e-01
   4.4000000e+00   2.5544212e-01
   4.4300000e+00   2.4483948e-01
   4.4600000e+00   2.3478742e-01
   4.4900000e+00   2.2531833e-01
   4.5200000e+00   2.1645320e-01
   4.5500000e+00   2.0820222e-01
   4.5800000e+00   2.0056574e-01
   4.6100000e+00   1.9353545e-01
   4.6400000e+00   1.8709564e-01
   4.6700000e+00   1.8122460e-01
   4.7000000e+00   1.7589592e-01
   4.7300000e+00   1.7107977e-01
   4.7600000e+00   1.6674405e-01
   4.7900000e+00   1.6285539e-01
   4.8200000e+00   1.5938004e-01
   4.8500000e+00   1.5628456e-01
   4.8800000e+00   1.5353637e-01
   4.9100000e+00   1.5110423e-01
   4.9400000e+00   1.4895849e-01
   4.9700000e+00   1.4707134e-01
   5.0000000e+00   1.4541690e-01
   5.0300000e+00   1.4397129e-01
   5.0600000e+00   1.4271260e-01
   5.0900000e+00   1.4162088e-01
   5.1200000e+00   1.4067802e-01
   5.1500000e+00   1.3986767e-01
   5.1800000e+00   1.3917511e-01
   5.2100000e+00   1.3858718e-01
   5.2400000e+00   1.3809208e-01
   5.2700000e+00   1.3767929e-01
   5.3000000e+00   1.3733948e-01
   5.3300000e+00   1.3706433e-01
   5.3600000e+00   1.3684647e-01
   5.3900000e+00   1.3667938e-01
   5.4200000e+00   1.3655729e-01
   5.4500000e+00   1.3647508e-01
   5.4800000e+00   1.3642824e-01
   5.5100000e+00   1.3641279e-01
   5.5400000e+00   1.3642520e-01
   5.5700000e+00   1.3646236e-01
   5.6000000e+00   1.3652152e-01
   5.6300000e+00   1.3660024e-01
   5.6600000e+00   1.3669638e-01
   5.6900000e+00   1.3680804e-01
   5.7200000e+00   1.3693353e-01
   5.7500000e+00   1.3707135e-01
   5.7800000e+00   1.3722019e-01
   5.8100000e+00   1.3737887e-01
   5.8400000e+00   1.3754633e-01
   5.8700000e+00   1.3772166e-01
   5.9000000e+00   1.3790401e-01
   5.9300000e+00   1.3809265e-01
   5.9600000e+00   1.3828692e-01
   5.9900000e+00   1.3848622e-01
   6.0200000e+00   1.3869001e-01
   6.0500000e+00   1.3889783e-01
   6.0800000e+00   1.3910925e-01
   6.1100000e+00   1.3932386e-01
   6.1400000e+00   1.3954133e-01
   6.1700000e+00   1.3976133e-01
   6.2000000e+00   1.3998359e-01
   6.2300000e+00   1.4020783e-01
   6.2600000e+00   1.4043382e-01
   6.2900000e+00   1.4066135e-01
   6.3200000e+00   1.4089021e-01
   6.3500000e+00   1.4112023e-01
   6.3800000e+00   1.4135124e-01
   6.4100000e+00   1.4158309e-01
   6.4400000e+00   1.4181564e-01
   6.4700000e+00   1.4204875e-01
   6.5000000e+00   1.4228232e-01
   6.5300000e+00   1.4251623e-01
   6.5600000e+00   1.4275037e-01
   6.5900000e+00   1.4298466e-01
   6.6200000e+00   1.4321900e-01
   6.6500000e+00   1.4345332e-01
   6.6800000e+00   1.4368753e-01
   6.7100000e+00   1.4392157e-01
   6.7400000e+00   1.4415537e-01
   6.7700000e+00   1.4438887e-01
   6.8000000e+00   1.4462201e-01
   6.8300000e+00   1.4485473e-01
   6.8600000e+00   1.4508698e-01
   6.8900000e+00   1.4531872e-01
   6.9200000e+00   1.4554990e-01
   6.9500000e+00   1.4578048e-01
   6.9800000e+00   1.4601041e-01
   7.0100000e+00   1.4623967e-01
   7.0400000e+00   1.4646820e-01
   7.0700000e+00   1.4669599e-01
   7.1000000e+00   1.4692299e-01
   7.1300000e+00   1.4714918e-01
   7.1600000e+00   1.4737453e-01
   7.1900000e+00   1.4759901e-01
   7.2200000e+00   1.4782259e-01
   7.2500000e+00   1.4804526e-01
   7.2800000e+00   1.4826699e-01
   7.3100000e+00   1.4848775e-01
   7.3400000e+00   1.4870754e-01
   7.3700000e+00   1.4892632e-01
   7.4000000e+00   1.4914408e-01
   7.4300000e+00   1.4936080e-01
   7.4600000e+00   1.4957647e-01
   7.4900000e+00   1.4979107e-01
   7.5200000e+00   1.5000458e-01
   7.5500000e+00   1.5021700e-01
   7.5800000e+00   1.5042831e-01
   7.6100000e+00   1.5063849e-01
   7.6400000e+00   1.5084755e-01
   7.6700000e+00   1.5105545e-01
   7.7000000e+00   1.5126220e-01
   7.7300000e+00   1.5146779e-01
   7.7600000e+00   1.5167221e-01
   7.7900000e+00   1.5187544e-01
   7.8200000e+00   1.5207748e-01
   7.8500000e+00   1.5227833e-01
   7.8800000e+00   1.5247798e-01
   7.9100000e+00   1.5267642e-01
   7.9400000e+00   1.5287364e-01
   7.9700000e+00   1.5306965e-01
   8.0000000e+00   1.5326443e-01
