   2.0000000e+00   8.0449536e-08
   2.0300000e+00   1.0937057e-07
   2.0600000e+00   1.5203676e-07
   2.0900000e+00   2.1626042e-07
   2.1200000e+00   3.1494397e-07
   2.1500000e+00   4.6977049e-07
   2.1800000e+00   7.1779842e-07
   2.2100000e+00   1.1233847e-06
   2.2400000e+00   1.7999646e-06
   2.2700000e+00   2.9501813e-06
   2.3000000e+00   4.9403356e-06
   2.3300000e+00   8.4391960e-06
   2.3600000e+00   1.4677591e-05
   2.3900000e+00   2.5934345e-05
   2.4200000e+00   4.6444805e-05
   2.4500000e+00   8.4093532e-05
   2.4800000e+00   1.5354910e-04
   2.5100000e+00   2.8201894e-04
   2.5400000e+00   5.1968811e-04
   2.5700000e+00   9.5835530e-04
   2.6000000e+00   1.7640110e-03
   2.6300000e+00   3.2322043e-03
   2.6600000e+00   5.8785172e-03
   2.6900000e+00   1.0578105e-02
   2.7200000e+00   1.8761768e-02
   2.7500000e+00   3.2647428e-02
   2.7800000e+00   5.5412100e-02
   2.8100000e+00   9.1075010e-02
   2.8400000e+00   1.4372566e-01
   2.8700000e+00   2.1583529e-01
   2.9000000e+00   3.0609089e-01
   2.9300000e+00   4.0827252e-01
   2.9600000e+00   5.1271792e-01
   2.9900000e+00   6.0987869e-01
   3.0200000e+00   6.9344619e-01
   3.0500000e+00   7.6120606e-01
   3.0800000e+00   8.1399702e-01
   3.1100000e+00   8.5415663e-01
   3.1400000e+00   8.8435705e-01
   3.1700000e+00   9.0700530e-01
   3.2000000e+00   9.2404255e-01
   3.2300000e+00   9.3694590e-01
   3.2600000e+00   9.4680530e-01
   3.2900000e+00   9.5441315e-01
   3.3200000e+00   9.6034246e-01
   3.3500000e+00   9.6500787e-01
   3.3800000e+00   9.6871062e-01
   3.4100000e+00   9.7167097e-01
   3.4400000e+00   9.7405109e-01
   3.4700000e+00   9.7597126e-01
   3.5000000e+00   9.7752128e-01
   3.5300000e+00   9.7876852e-01
   3.5600000e+00   9.7976367e-01
   3.5900000e+00   9.8054483e-01
   3.6200000e+00   9.8114046e-01
   3.6500000e+00   9.8157142e-01
   3.6800000e+00   9.8185255e-01
   3.7100000e+00   9.8199366e-01
   3.7400000e+00   9.8200035e-01
   3.7700000e+00   9.8187441e-01
   3.8000000e+00   9.8161415e-01
   3.8300000e+00   9.8121454e-01
   3.8600000e+00   9.8066717e-01
   3.8900000e+00   9.7996014e-01
   3.9200000e+00   9.7907778e-01
   3.9500000e+00   9.7800036e-01
   3.9800000e+00   9.7670354e-01
   4.0100000e+00   9.7515790e-01
   4.0400000e+00   9.7332821e-01
   4.0700000e+00   9.7117269e-01
   4.1000000e+00   9.6864214e-01
   4.1300000e+00   9.6567905e-01
   4.1600000e+00   9.6221663e-01
   4.1900000e+00   9.5817786e-01
   4.2200000e+00   9.5347470e-01
   4.2500000e+00   9.4800738e-01
   4.2800000e+00   9.4166422e-01
   4.3100000e+00   9.3432183e-01
   4.3400000e+00   9.2584620e-01
   4.3700000e+00   9.1609486e-01
   4.4000000e+00   9.0492041e-01
   4.4300000e+00   8.9217568e-01
   4.4600000e+00   8.7772086e-01
   4.4900000e+00   8.6143250e-01
   4.5200000e+00   8.4321439e-01
   4.5500000e+00   8.2300959e-01
   4.5800000e+00   8.0081277e-01
   4.6100000e+00   7.7668147e-01
   4.6400000e+00   7.5074451e-01
   4.6700000e+00   7.2320586e-01
   4.7000000e+00   6.9434242e-01
   4.7300000e+00   6.6449489e-01
   4.7600000e+00   6.3405199e-01
   4.7900000e+00   6.0342939e-01
   4.8200000e+00   5.7304578e-01
   4.8500000e+00   5.4329880e-01
   4.8800000e+00   5.1454404e-01
   4.9100000e+00   4.8707905e-01
   4.9400000e+00   4.6113380e-01
   4.9700000e+00   4.3686768e-01
   5.0000000e+00   4.1437226e-01
   5.0300000e+00   3.9367836e-01
   5.0600000e+00   3.7476583e-01
   5.0900000e+00   3.5757445e-01
   5.1200000e+00   3.4201485e-01
   5.1500000e+00   3.2797828e-01
   5.1800000e+00   3.1534508e-01
   5.2100000e+00   3.0399140e-01
   5.2400000e+00   2.9379430e-01
   5.2700000e+00   2.8463539e-01
   5.3000000e+00   2.7640328e-01
   5.3300000e+00   2.6899494e-01
   5.3600000e+00   2.6231640e-01
   5.3900000e+00   2.5628288e-01
   5.4200000e+00   2.5081853e-01
   5.4500000e+00   2.4585595e-01
   5.4800000e+00   2.4133555e-01
   5.5100000e+00   2.3720483e-01
   5.5400000e+00   2.3341773e-01
   5.5700000e+00   2.2993387e-01
   5.6000000e+00   2.2671790e-01
   5.6300000e+00   2.2373894e-01
   5.6600000e+00   2.2096997e-01
   5.6900000e+00   2.1838738e-01
   5.7200000e+00   2.1597050e-01
   5.7500000e+00   2.1370124e-01
   5.7800000e+00   2.1156376e-01
   5.8100000e+00   2.0954412e-01
   5.8400000e+00   2.0763010e-01
   5.8700000e+00   2.0581093e-01
   5.9000000e+00   2.0407711e-01
   5.9300000e+00   2.0242026e-01
   5.9600000e+00   2.0083296e-01
   5.9900000e+00   1.9930862e-01
   6.0200000e+00   1.9784140e-01
   6.0500000e+00   1.9642612e-01
   6.0800000e+00   1.9505812e-01
   6.1100000e+00   1.9373329e-01
   6.1400000e+00   1.9244791e-01
   6.1700000e+00   1.9119868e-01
   6.2000000e+00   1.8998262e-01
   6.2300000e+00   1.8879707e-01
   6.2600000e+00   1.8763961e-01
   6.2900000e+00   1.8650809e-01
   6.3200000e+00   1.8540054e-01
   6.3500000e+00   1.8431521e-01
   6.3800000e+00   1.8325050e-01
   6.4100000e+00   1.8220495e-01
   6.4400000e+00   1.8117727e-01
   6.4700000e+00   1.8016625e-01
   6.5000000e+00   1.7917082e-01
   6.5300000e+00   1.7819000e-01
   6.5600000e+00   1.7722289e-01
   6.5900000e+00   1.7626868e-01
   6.6200000e+00   1.7532663e-01
   6.6500000e+00   1.7439606e-01
   6.6800000e+00   1.7347636e-01
   6.7100000e+00   1.7256696e-01
   6.7400000e+00   1.7166736e-01
   6.7700000e+00   1.7077708e-01
   6.8000000e+00   1.6989569e-01
   6.8300000e+00   1.6902281e-01
   6.8600000e+00   1.6815808e-01
   6.8900000e+00   1.6730117e-01
   6.9200000e+00   1.6645178e-01
   6.9500000e+00   1.6560964e-01
   6.9800000e+00   1.6477449e-01
   7.0100000e+00   1.6394612e-01
   7.0400000e+00   1.6312431e-01
   7.0700000e+00   1.6230887e-01
   7.1000000e+00   1.6149963e-01
   7.1300000e+00   1.6069643e-01
   7.1600000e+00   1.5989911e-01
   7.1900000e+00   1.5910756e-01
   7.2200000e+00   1.5832164e-01
   7.2500000e+00   1.5754124e-01
   7.2800000e+00   1.5676627e-01
   7.3100000e+00   1.5599663e-01
   7.3400000e+00   1.5523223e-01
   7.3700000e+00   1.5447300e-01
   7.4000000e+00   1.5371886e-01
   7.4300000e+00   1.5296976e-01
   7.4600000e+00   1.5222563e-01
   7.4900000e+00   1.5148643e-01
   7.5200000e+00   1.5075209e-01
   7.5500000e+00   1.5002258e-01
   7.5800000e+00   1.4929785e-01
   7.6100000e+00   1.4857787e-01
   7.6400000e+00   1.4786261e-01
   7.6700000e+00   1.4715203e-01
   7.7000000e+00   1.4644610e-01
   7.7300000e+00   1.4574479e-01
   7.7600000e+00   1.4504809e-01
   7.7900000e+00   1.4435598e-01
   7.8200000e+00   1.4366842e-01
   7.8500000e+00   1.4298540e-01
   7.8800000e+00   1.4230691e-01
   7.9100000e+00   1.4163292e-01
   7.9400000e+00   1.4096343e-01
   7.9700000e+00   1.4029842e-01
   8.0000000e+00   1.3963787e-01
