   5.0000000e+00             1
   5.0030000e+00   9.5478853e-01
   5.0060000e+00   9.1417262e-01
   5.0090000e+00   8.7748614e-01
   5.0120000e+00   8.4418580e-01
   5.0150000e+00   8.1382402e-01
   5.0180000e+00   7.8602875e-01
   5.0210000e+00   7.6048824e-01
   5.0240000e+00   7.3693921e-01
   5.0270000e+00   7.1515786e-01
   5.0300000e+00   6.9495269e-01
   5.0330000e+00   6.7615890e-01
   5.0360000e+00   6.5863388e-01
   5.0390000e+00   6.4225361e-01
   5.0420000e+00   6.2690971e-01
   5.0450000e+00   6.1250706e-01
   5.0480000e+00   5.9896184e-01
   5.0510000e+00   5.8619988e-01
   5.0540000e+00   5.7415533e-01
   5.0570000e+00   5.6276952e-01
   5.0600000e+00   5.5198998e-01
   5.0630000e+00   5.4176970e-01
   5.0660000e+00   5.3206639e-01
   5.0690000e+00   5.2284190e-01
   5.0720000e+00   5.1406177e-01
   5.0750000e+00   5.0569474e-01
   5.0780000e+00   4.9771244e-01
   5.0810000e+00   4.9008901e-01
   5.0840000e+00   4.8280088e-01
   5.0870000e+00   4.7582648e-01
   5.0900000e+00   4.6914606e-01
   5.0930000e+00   4.6274148e-01
   5.0960000e+00   4.5659608e-01
   5.0990000e+00   4.5069449e-01
   5.1020000e+00   4.4502254e-01
   5.1050000e+00   4.3956716e-01
   5.1080000e+00   4.3431620e-01
   5.1110000e+00   4.2925846e-01
   5.1140000e+00   4.2438349e-01
   5.1170000e+00   4.1968161e-01
   5.1200000e+00   4.1514380e-01
   5.1230000e+00   4.1076167e-01
   5.1260000e+00   4.0652737e-01
   5.1290000e+00   4.0243357e-01
   5.1320000e+00   3.9847343e-01
   5.1350000e+00   3.9464054e-01
   5.1380000e+00   3.9092889e-01
   5.1410000e+00   3.8733284e-01
   5.1440000e+00   3.8384710e-01
   5.1470000e+00   3.8046669e-01
   5.1500000e+00   3.7718693e-01
   5.1530000e+00   3.7400341e-01
   5.1560000e+00   3.7091198e-01
   5.1590000e+00   3.6790871e-01
   5.1620000e+00   3.6498990e-01
   5.1650000e+00   3.6215205e-01
   5.1680000e+00   3.5939185e-01
   5.1710000e+00   3.5670618e-01
   5.1740000e+00   3.5409206e-01
   5.1770000e+00   3.5154669e-01
   5.1800000e+00   3.4906740e-01
   5.1830000e+00   3.4665166e-01
   5.1860000e+00   3.4429706e-01
   5.1890000e+00   3.4200132e-01
   5.1920000e+00   3.3976227e-01
   5.1950000e+00   3.3757784e-01
   5.1980000e+00   3.3544606e-01
   5.2010000e+00   3.3336505e-01
   5.2040000e+00   3.3133304e-01
   5.2070000e+00   3.2934831e-01
   5.2100000e+00   3.2740923e-01
   5.2130000e+00   3.2551425e-01
   5.2160000e+00   3.2366189e-01
   5.2190000e+00   3.2185073e-01
   5.2220000e+00   3.2007940e-01
   5.2250000e+00   3.1834662e-01
   5.2280000e+00   3.1665113e-01
   5.2310000e+00   3.1499175e-01
   5.2340000e+00   3.1336734e-01
   5.2370000e+00   3.1177680e-01
   5.2400000e+00   3.1021908e-01
   5.2430000e+00   3.0869318e-01
   5.2460000e+00   3.0719813e-01
   5.2490000e+00   3.0573300e-01
   5.2520000e+00   3.0429691e-01
   5.2550000e+00   3.0288900e-01
   5.2580000e+00   3.0150843e-01
   5.2610000e+00   3.0015444e-01
   5.2640000e+00   2.9882624e-01
   5.2670000e+00   2.9752311e-01
   5.2700000e+00   2.9624434e-01
   5.2730000e+00   2.9498925e-01
   5.2760000e+00   2.9375719e-01
   5.2790000e+00   2.9254752e-01
   5.2820000e+00   2.9135964e-01
   5.2850000e+00   2.9019297e-01
   5.2880000e+00   2.8904692e-01
   5.2910000e+00   2.8792096e-01
   5.2940000e+00   2.8681456e-01
   5.2970000e+00   2.8572722e-01
   5.3000000e+00   2.8465843e-01
   5.3030000e+00   2.8360772e-01
   5.3060000e+00   2.8257463e-01
   5.3090000e+00   2.8155873e-01
   5.3120000e+00   2.8055957e-01
   5.3150000e+00   2.7957674e-01
   5.3180000e+00   2.7860985e-01
   5.3210000e+00   2.7765850e-01
   5.3240000e+00   2.7672231e-01
   5.3270000e+00   2.7580092e-01
   5.3300000e+00   2.7489398e-01
   5.3330000e+00   2.7400114e-01
   5.3360000e+00   2.7312207e-01
   5.3390000e+00   2.7225646e-01
   5.3420000e+00   2.7140398e-01
   5.3450000e+00   2.7056434e-01
   5.3480000e+00   2.6973724e-01
   5.3510000e+00   2.6892240e-01
   5.3540000e+00   2.6811954e-01
   5.3570000e+00   2.6732839e-01
   5.3600000e+00   2.6654870e-01
   5.3630000e+00   2.6578020e-01
   5.3660000e+00   2.6502266e-01
   5.3690000e+00   2.6427584e-01
   5.3720000e+00   2.6353950e-01
   5.3750000e+00   2.6281342e-01
   5.3780000e+00   2.6209738e-01
   5.3810000e+00   2.6139117e-01
   5.3840000e+00   2.6069458e-01
   5.3870000e+00   2.6000741e-01
   5.3900000e+00   2.5932946e-01
   5.3930000e+00   2.5866054e-01
   5.3960000e+00   2.5800047e-01
   5.3990000e+00   2.5734906e-01
   5.4020000e+00   2.5670615e-01
   5.4050000e+00   2.5607155e-01
   5.4080000e+00   2.5544511e-01
   5.4110000e+00   2.5482666e-01
   5.4140000e+00   2.5421604e-01
   5.4170000e+00   2.5361310e-01
   5.4200000e+00   2.5301769e-01
   5.4230000e+00   2.5242966e-01
   5.4260000e+00   2.5184887e-01
   5.4290000e+00   2.5127518e-01
   5.4320000e+00   2.5070845e-01
   5.4350000e+00   2.5014856e-01
   5.4380000e+00   2.4959537e-01
   5.4410000e+00   2.4904875e-01
   5.4440000e+00   2.4850859e-01
   5.4470000e+00   2.4797476e-01
   5.4500000e+00   2.4744716e-01
   5.4530000e+00   2.4692565e-01
   5.4560000e+00   2.4641014e-01
   5.4590000e+00   2.4590051e-01
   5.4620000e+00   2.4539665e-01
   5.4650000e+00   2.4489847e-01
   5.4680000e+00   2.4440586e-01
   5.4710000e+00   2.4391872e-01
   5.4740000e+00   2.4343696e-01
   5.4770000e+00   2.4296048e-01
   5.4800000e+00   2.4248919e-01
   5.4830000e+00   2.4202299e-01
   5.4860000e+00   2.4156180e-01
   5.4890000e+00   2.4110554e-01
   5.4920000e+00   2.4065412e-01
   5.4950000e+00   2.4020745e-01
   5.4980000e+00   2.3976546e-01
   5.5010000e+00   2.3932806e-01
   5.5040000e+00   2.3889518e-01
   5.5070000e+00   2.3846675e-01
   5.5100000e+00   2.3804269e-01
   5.5130000e+00   2.3762292e-01
   5.5160000e+00   2.3720738e-01
   5.5190000e+00   2.3679599e-01
   5.5220000e+00   2.3638870e-01
   5.5250000e+00   2.3598542e-01
   5.5280000e+00   2.3558610e-01
   5.5310000e+00   2.3519068e-01
   5.5340000e+00   2.3479909e-01
   5.5370000e+00   2.3441127e-01
   5.5400000e+00   2.3402715e-01
   5.5430000e+00   2.3364669e-01
   5.5460000e+00   2.3326982e-01
   5.5490000e+00   2.3289649e-01
   5.5520000e+00   2.3252664e-01
   5.5550000e+00   2.3216022e-01
   5.5580000e+00   2.3179718e-01
   5.5610000e+00   2.3143745e-01
   5.5640000e+00   2.3108100e-01
   5.5670000e+00   2.3072777e-01
   5.5700000e+00   2.3037772e-01
   5.5730000e+00   2.3003078e-01
   5.5760000e+00   2.2968693e-01
   5.5790000e+00   2.2934611e-01
   5.5820000e+00   2.2900827e-01
   5.5850000e+00   2.2867338e-01
   5.5880000e+00   2.2834138e-01
   5.5910000e+00   2.2801224e-01
   5.5940000e+00   2.2768591e-01
   5.5970000e+00   2.2736236e-01
   5.6000000e+00   2.2704153e-01
   5.6030000e+00   2.2672340e-01
   5.6060000e+00   2.2640792e-01
   5.6090000e+00   2.2609506e-01
   5.6120000e+00   2.2578477e-01
   5.6150000e+00   2.2547702e-01
   5.6180000e+00   2.2517178e-01
   5.6210000e+00   2.2486901e-01
   5.6240000e+00   2.2456867e-01
   5.6270000e+00   2.2427072e-01
   5.6300000e+00   2.2397515e-01
   5.6330000e+00   2.2368191e-01
   5.6360000e+00   2.2339097e-01
   5.6390000e+00   2.2310229e-01
   5.6420000e+00   2.2281586e-01
   5.6450000e+00   2.2253163e-01
   5.6480000e+00   2.2224957e-01
   5.6510000e+00   2.2196966e-01
   5.6540000e+00   2.2169187e-01
   5.6570000e+00   2.2141617e-01
   5.6600000e+00   2.2114253e-01
   5.6630000e+00   2.2087092e-01
   5.6660000e+00   2.2060131e-01
   5.6690000e+00   2.2033369e-01
   5.6720000e+00   2.2006801e-01
   5.6750000e+00   2.1980426e-01
   5.6780000e+00   2.1954241e-01
   5.6810000e+00   2.1928244e-01
   5.6840000e+00   2.1902432e-01
   5.6870000e+00   2.1876802e-01
   5.6900000e+00   2.1851353e-01
   5.6930000e+00   2.1826082e-01
   5.6960000e+00   2.1800986e-01
   5.6990000e+00   2.1776064e-01
   5.7020000e+00   2.1751313e-01
   5.7050000e+00   2.1726731e-01
   5.7080000e+00   2.1702315e-01
   5.7110000e+00   2.1678065e-01
   5.7140000e+00   2.1653976e-01
   5.7170000e+00   2.1630049e-01
   5.7200000e+00   2.1606279e-01
   5.7230000e+00   2.1582667e-01
   5.7260000e+00   2.1559209e-01
   5.7290000e+00   2.1535903e-01
   5.7320000e+00   2.1512748e-01
   5.7350000e+00   2.1489742e-01
   5.7380000e+00   2.1466883e-01
   5.7410000e+00   2.1444169e-01
   5.7440000e+00   2.1421599e-01
   5.7470000e+00   2.1399170e-01
   5.7500000e+00   2.1376881e-01
   5.7530000e+00   2.1354730e-01
   5.7560000e+00   2.1332716e-01
   5.7590000e+00   2.1310837e-01
   5.7620000e+00   2.1289091e-01
   5.7650000e+00   2.1267476e-01
   5.7680000e+00   2.1245992e-01
   5.7710000e+00   2.1224636e-01
   5.7740000e+00   2.1203407e-01
   5.7770000e+00   2.1182304e-01
   5.7800000e+00   2.1161324e-01
   5.7830000e+00   2.1140468e-01
   5.7860000e+00   2.1119732e-01
   5.7890000e+00   2.1099116e-01
   5.7920000e+00   2.1078618e-01
   5.7950000e+00   2.1058237e-01
   5.7980000e+00   2.1037971e-01
   5.8010000e+00   2.1017820e-01
   5.8040000e+00   2.0997782e-01
   5.8070000e+00   2.0977855e-01
   5.8100000e+00   2.0958038e-01
   5.8130000e+00   2.0938331e-01
   5.8160000e+00   2.0918731e-01
   5.8190000e+00   2.0899238e-01
   5.8220000e+00   2.0879850e-01
   5.8250000e+00   2.0860566e-01
   5.8280000e+00   2.0841385e-01
   5.8310000e+00   2.0822306e-01
   5.8340000e+00   2.0803328e-01
   5.8370000e+00   2.0784449e-01
   5.8400000e+00   2.0765668e-01
   5.8430000e+00   2.0746985e-01
   5.8460000e+00   2.0728398e-01
   5.8490000e+00   2.0709907e-01
   5.8520000e+00   2.0691509e-01
   5.8550000e+00   2.0673205e-01
   5.8580000e+00   2.0654992e-01
   5.8610000e+00   2.0636871e-01
   5.8640000e+00   2.0618839e-01
   5.8670000e+00   2.0600897e-01
   5.8700000e+00   2.0583043e-01
   5.8730000e+00   2.0565275e-01
   5.8760000e+00   2.0547595e-01
   5.8790000e+00   2.0529999e-01
   5.8820000e+00   2.0512488e-01
   5.8850000e+00   2.0495060e-01
   5.8880000e+00   2.0477715e-01
   5.8910000e+00   2.0460451e-01
   5.8940000e+00   2.0443268e-01
   5.8970000e+00   2.0426165e-01
   5.9000000e+00   2.0409142e-01
   5.9030000e+00   2.0392196e-01
   5.9060000e+00   2.0375328e-01
   5.9090000e+00   2.0358537e-01
   5.9120000e+00   2.0341821e-01
   5.9150000e+00   2.0325180e-01
   5.9180000e+00   2.0308614e-01
   5.9210000e+00   2.0292121e-01
   5.9240000e+00   2.0275701e-01
   5.9270000e+00   2.0259353e-01
   5.9300000e+00   2.0243076e-01
   5.9330000e+00   2.0226869e-01
   5.9360000e+00   2.0210733e-01
   5.9390000e+00   2.0194665e-01
   5.9420000e+00   2.0178666e-01
   5.9450000e+00   2.0162734e-01
   5.9480000e+00   2.0146869e-01
   5.9510000e+00   2.0131071e-01
   5.9540000e+00   2.0115338e-01
   5.9570000e+00   2.0099670e-01
   5.9600000e+00   2.0084066e-01
   5.9630000e+00   2.0068526e-01
   5.9660000e+00   2.0053049e-01
   5.9690000e+00   2.0037635e-01
   5.9720000e+00   2.0022282e-01
   5.9750000e+00   2.0006990e-01
   5.9780000e+00   1.9991759e-01
   5.9810000e+00   1.9976588e-01
   5.9840000e+00   1.9961476e-01
   5.9870000e+00   1.9946423e-01
   5.9900000e+00   1.9931428e-01
   5.9930000e+00   1.9916490e-01
   5.9960000e+00   1.9901610e-01
   5.9990000e+00   1.9886786e-01
   6.0020000e+00   1.9872018e-01
   6.0050000e+00   1.9857306e-01
   6.0080000e+00   1.9842648e-01
   6.0110000e+00   1.9828045e-01
   6.0140000e+00   1.9813495e-01
   6.0170000e+00   1.9798999e-01
   6.0200000e+00   1.9784556e-01
   6.0230000e+00   1.9770165e-01
   6.0260000e+00   1.9755825e-01
   6.0290000e+00   1.9741537e-01
   6.0320000e+00   1.9727300e-01
   6.0350000e+00   1.9713113e-01
   6.0380000e+00   1.9698976e-01
   6.0410000e+00   1.9684888e-01
   6.0440000e+00   1.9670850e-01
   6.0470000e+00   1.9656859e-01
   6.0500000e+00   1.9642917e-01
   6.0530000e+00   1.9629022e-01
   6.0560000e+00   1.9615174e-01
   6.0590000e+00   1.9601373e-01
   6.0620000e+00   1.9587618e-01
   6.0650000e+00   1.9573909e-01
   6.0680000e+00   1.9560246e-01
   6.0710000e+00   1.9546627e-01
   6.0740000e+00   1.9533053e-01
   6.0770000e+00   1.9519523e-01
   6.0800000e+00   1.9506036e-01
   6.0830000e+00   1.9492593e-01
   6.0860000e+00   1.9479193e-01
   6.0890000e+00   1.9465836e-01
   6.0920000e+00   1.9452521e-01
   6.0950000e+00   1.9439247e-01
   6.0980000e+00   1.9426015e-01
   6.1010000e+00   1.9412824e-01
   6.1040000e+00   1.9399674e-01
   6.1070000e+00   1.9386563e-01
   6.1100000e+00   1.9373493e-01
   6.1130000e+00   1.9360463e-01
   6.1160000e+00   1.9347471e-01
   6.1190000e+00   1.9334519e-01
   6.1220000e+00   1.9321605e-01
   6.1250000e+00   1.9308729e-01
   6.1280000e+00   1.9295891e-01
   6.1310000e+00   1.9283091e-01
   6.1340000e+00   1.9270328e-01
   6.1370000e+00   1.9257602e-01
   6.1400000e+00   1.9244912e-01
   6.1430000e+00   1.9232258e-01
   6.1460000e+00   1.9219641e-01
   6.1490000e+00   1.9207059e-01
   6.1520000e+00   1.9194512e-01
   6.1550000e+00   1.9182001e-01
   6.1580000e+00   1.9169524e-01
   6.1610000e+00   1.9157081e-01
   6.1640000e+00   1.9144673e-01
   6.1670000e+00   1.9132298e-01
   6.1700000e+00   1.9119957e-01
   6.1730000e+00   1.9107649e-01
   6.1760000e+00   1.9095374e-01
   6.1790000e+00   1.9083132e-01
   6.1820000e+00   1.9070922e-01
   6.1850000e+00   1.9058744e-01
   6.1880000e+00   1.9046598e-01
   6.1910000e+00   1.9034484e-01
   6.1940000e+00   1.9022401e-01
   6.1970000e+00   1.9010349e-01
   6.2000000e+00   1.8998327e-01
   6.2030000e+00   1.8986337e-01
   6.2060000e+00   1.8974376e-01
   6.2090000e+00   1.8962446e-01
   6.2120000e+00   1.8950546e-01
   6.2150000e+00   1.8938675e-01
   6.2180000e+00   1.8926833e-01
   6.2210000e+00   1.8915020e-01
   6.2240000e+00   1.8903237e-01
   6.2270000e+00   1.8891481e-01
   6.2300000e+00   1.8879755e-01
   6.2330000e+00   1.8868056e-01
   6.2360000e+00   1.8856385e-01
   6.2390000e+00   1.8844742e-01
   6.2420000e+00   1.8833126e-01
   6.2450000e+00   1.8821538e-01
   6.2480000e+00   1.8809976e-01
   6.2510000e+00   1.8798442e-01
   6.2540000e+00   1.8786934e-01
   6.2570000e+00   1.8775452e-01
   6.2600000e+00   1.8763996e-01
   6.2630000e+00   1.8752567e-01
   6.2660000e+00   1.8741163e-01
   6.2690000e+00   1.8729785e-01
   6.2720000e+00   1.8718432e-01
   6.2750000e+00   1.8707104e-01
   6.2780000e+00   1.8695801e-01
   6.2810000e+00   1.8684523e-01
   6.2840000e+00   1.8673269e-01
   6.2870000e+00   1.8662040e-01
   6.2900000e+00   1.8650835e-01
   6.2930000e+00   1.8639654e-01
   6.2960000e+00   1.8628496e-01
   6.2990000e+00   1.8617363e-01
   6.3020000e+00   1.8606253e-01
   6.3050000e+00   1.8595166e-01
   6.3080000e+00   1.8584102e-01
   6.3110000e+00   1.8573061e-01
   6.3140000e+00   1.8562042e-01
   6.3170000e+00   1.8551047e-01
   6.3200000e+00   1.8540074e-01
   6.3230000e+00   1.8529122e-01
   6.3260000e+00   1.8518193e-01
   6.3290000e+00   1.8507286e-01
   6.3320000e+00   1.8496401e-01
   6.3350000e+00   1.8485537e-01
   6.3380000e+00   1.8474694e-01
   6.3410000e+00   1.8463873e-01
   6.3440000e+00   1.8453073e-01
   6.3470000e+00   1.8442294e-01
   6.3500000e+00   1.8431535e-01
   6.3530000e+00   1.8420798e-01
   6.3560000e+00   1.8410080e-01
   6.3590000e+00   1.8399383e-01
   6.3620000e+00   1.8388706e-01
   6.3650000e+00   1.8378049e-01
   6.3680000e+00   1.8367412e-01
   6.3710000e+00   1.8356795e-01
   6.3740000e+00   1.8346197e-01
   6.3770000e+00   1.8335619e-01
   6.3800000e+00   1.8325060e-01
   6.3830000e+00   1.8314520e-01
   6.3860000e+00   1.8304000e-01
   6.3890000e+00   1.8293498e-01
   6.3920000e+00   1.8283015e-01
   6.3950000e+00   1.8272550e-01
   6.3980000e+00   1.8262104e-01
   6.4010000e+00   1.8251677e-01
   6.4040000e+00   1.8241268e-01
   6.4070000e+00   1.8230876e-01
   6.4100000e+00   1.8220503e-01
   6.4130000e+00   1.8210148e-01
   6.4160000e+00   1.8199810e-01
   6.4190000e+00   1.8189490e-01
   6.4220000e+00   1.8179187e-01
   6.4250000e+00   1.8168902e-01
   6.4280000e+00   1.8158634e-01
   6.4310000e+00   1.8148383e-01
   6.4340000e+00   1.8138149e-01
   6.4370000e+00   1.8127933e-01
   6.4400000e+00   1.8117732e-01
   6.4430000e+00   1.8107549e-01
   6.4460000e+00   1.8097382e-01
   6.4490000e+00   1.8087231e-01
   6.4520000e+00   1.8077097e-01
   6.4550000e+00   1.8066979e-01
   6.4580000e+00   1.8056878e-01
   6.4610000e+00   1.8046792e-01
   6.4640000e+00   1.8036722e-01
   6.4670000e+00   1.8026668e-01
   6.4700000e+00   1.8016629e-01
   6.4730000e+00   1.8006606e-01
   6.4760000e+00   1.7996599e-01
   6.4790000e+00   1.7986607e-01
   6.4820000e+00   1.7976630e-01
   6.4850000e+00   1.7966669e-01
   6.4880000e+00   1.7956722e-01
   6.4910000e+00   1.7946791e-01
   6.4940000e+00   1.7936874e-01
   6.4970000e+00   1.7926972e-01
   6.5000000e+00   1.7917085e-01
   6.5030000e+00   1.7907213e-01
   6.5060000e+00   1.7897355e-01
   6.5090000e+00   1.7887511e-01
   6.5120000e+00   1.7877682e-01
   6.5150000e+00   1.7867867e-01
   6.5180000e+00   1.7858066e-01
   6.5210000e+00   1.7848279e-01
   6.5240000e+00   1.7838506e-01
   6.5270000e+00   1.7828747e-01
   6.5300000e+00   1.7819002e-01
   6.5330000e+00   1.7809271e-01
   6.5360000e+00   1.7799553e-01
   6.5390000e+00   1.7789848e-01
   6.5420000e+00   1.7780158e-01
   6.5450000e+00   1.7770480e-01
   6.5480000e+00   1.7760816e-01
   6.5510000e+00   1.7751165e-01
   6.5540000e+00   1.7741527e-01
   6.5570000e+00   1.7731902e-01
   6.5600000e+00   1.7722290e-01
   6.5630000e+00   1.7712692e-01
   6.5660000e+00   1.7703105e-01
   6.5690000e+00   1.7693532e-01
   6.5720000e+00   1.7683971e-01
   6.5750000e+00   1.7674423e-01
   6.5780000e+00   1.7664888e-01
   6.5810000e+00   1.7655365e-01
   6.5840000e+00   1.7645854e-01
   6.5870000e+00   1.7636355e-01
   6.5900000e+00   1.7626869e-01
   6.5930000e+00   1.7617395e-01
   6.5960000e+00   1.7607933e-01
   6.5990000e+00   1.7598483e-01
   6.6020000e+00   1.7589045e-01
   6.6050000e+00   1.7579619e-01
   6.6080000e+00   1.7570204e-01
   6.6110000e+00   1.7560802e-01
   6.6140000e+00   1.7551411e-01
   6.6170000e+00   1.7542031e-01
   6.6200000e+00   1.7532664e-01
   6.6230000e+00   1.7523307e-01
   6.6260000e+00   1.7513962e-01
   6.6290000e+00   1.7504629e-01
   6.6320000e+00   1.7495306e-01
   6.6350000e+00   1.7485995e-01
   6.6380000e+00   1.7476696e-01
   6.6410000e+00   1.7467407e-01
   6.6440000e+00   1.7458129e-01
   6.6470000e+00   1.7448862e-01
   6.6500000e+00   1.7439606e-01
   6.6530000e+00   1.7430361e-01
   6.6560000e+00   1.7421127e-01
   6.6590000e+00   1.7411904e-01
   6.6620000e+00   1.7402691e-01
   6.6650000e+00   1.7393489e-01
   6.6680000e+00   1.7384298e-01
   6.6710000e+00   1.7375117e-01
   6.6740000e+00   1.7365946e-01
   6.6770000e+00   1.7356786e-01
   6.6800000e+00   1.7347636e-01
   6.6830000e+00   1.7338497e-01
   6.6860000e+00   1.7329367e-01
   6.6890000e+00   1.7320248e-01
   6.6920000e+00   1.7311139e-01
   6.6950000e+00   1.7302041e-01
   6.6980000e+00   1.7292952e-01
   6.7010000e+00   1.7283873e-01
   6.7040000e+00   1.7274804e-01
   6.7070000e+00   1.7265745e-01
   6.7100000e+00   1.7256696e-01
   6.7130000e+00   1.7247657e-01
   6.7160000e+00   1.7238627e-01
   6.7190000e+00   1.7229608e-01
   6.7220000e+00   1.7220597e-01
   6.7250000e+00   1.7211597e-01
   6.7280000e+00   1.7202606e-01
   6.7310000e+00   1.7193624e-01
   6.7340000e+00   1.7184652e-01
   6.7370000e+00   1.7175689e-01
   6.7400000e+00   1.7166736e-01
   6.7430000e+00   1.7157792e-01
   6.7460000e+00   1.7148857e-01
   6.7490000e+00   1.7139932e-01
   6.7520000e+00   1.7131015e-01
   6.7550000e+00   1.7122108e-01
   6.7580000e+00   1.7113210e-01
   6.7610000e+00   1.7104321e-01
   6.7640000e+00   1.7095441e-01
   6.7670000e+00   1.7086570e-01
   6.7700000e+00   1.7077708e-01
   6.7730000e+00   1.7068855e-01
   6.7760000e+00   1.7060010e-01
   6.7790000e+00   1.7051175e-01
   6.7820000e+00   1.7042348e-01
   6.7850000e+00   1.7033530e-01
   6.7880000e+00   1.7024720e-01
   6.7910000e+00   1.7015920e-01
   6.7940000e+00   1.7007128e-01
   6.7970000e+00   1.6998344e-01
   6.8000000e+00   1.6989569e-01
   6.8030000e+00   1.6980803e-01
   6.8060000e+00   1.6972045e-01
   6.8090000e+00   1.6963295e-01
   6.8120000e+00   1.6954554e-01
   6.8150000e+00   1.6945821e-01
   6.8180000e+00   1.6937097e-01
   6.8210000e+00   1.6928380e-01
   6.8240000e+00   1.6919673e-01
   6.8270000e+00   1.6910973e-01
   6.8300000e+00   1.6902281e-01
   6.8330000e+00   1.6893598e-01
   6.8360000e+00   1.6884922e-01
   6.8390000e+00   1.6876255e-01
   6.8420000e+00   1.6867596e-01
   6.8450000e+00   1.6858945e-01
   6.8480000e+00   1.6850302e-01
   6.8510000e+00   1.6841666e-01
   6.8540000e+00   1.6833039e-01
   6.8570000e+00   1.6824420e-01
   6.8600000e+00   1.6815808e-01
   6.8630000e+00   1.6807204e-01
   6.8660000e+00   1.6798608e-01
   6.8690000e+00   1.6790020e-01
   6.8720000e+00   1.6781439e-01
   6.8750000e+00   1.6772866e-01
   6.8780000e+00   1.6764301e-01
   6.8810000e+00   1.6755744e-01
   6.8840000e+00   1.6747194e-01
   6.8870000e+00   1.6738651e-01
   6.8900000e+00   1.6730117e-01
   6.8930000e+00   1.6721589e-01
   6.8960000e+00   1.6713070e-01
   6.8990000e+00   1.6704557e-01
   6.9020000e+00   1.6696052e-01
   6.9050000e+00   1.6687555e-01
   6.9080000e+00   1.6679065e-01
   6.9110000e+00   1.6670582e-01
   6.9140000e+00   1.6662107e-01
   6.9170000e+00   1.6653639e-01
   6.9200000e+00   1.6645178e-01
   6.9230000e+00   1.6636724e-01
   6.9260000e+00   1.6628278e-01
   6.9290000e+00   1.6619839e-01
   6.9320000e+00   1.6611406e-01
   6.9350000e+00   1.6602982e-01
   6.9380000e+00   1.6594564e-01
   6.9410000e+00   1.6586153e-01
   6.9440000e+00   1.6577750e-01
   6.9470000e+00   1.6569353e-01
   6.9500000e+00   1.6560964e-01
   6.9530000e+00   1.6552581e-01
   6.9560000e+00   1.6544205e-01
   6.9590000e+00   1.6535837e-01
   6.9620000e+00   1.6527475e-01
   6.9650000e+00   1.6519120e-01
   6.9680000e+00   1.6510773e-01
   6.9710000e+00   1.6502432e-01
   6.9740000e+00   1.6494097e-01
   6.9770000e+00   1.6485770e-01
   6.9800000e+00   1.6477449e-01
   6.9830000e+00   1.6469136e-01
   6.9860000e+00   1.6460828e-01
   6.9890000e+00   1.6452528e-01
   6.9920000e+00   1.6444234e-01
   6.9950000e+00   1.6435948e-01
   6.9980000e+00   1.6427667e-01
   7.0010000e+00   1.6419394e-01
   7.0040000e+00   1.6411127e-01
   7.0070000e+00   1.6402866e-01
   7.0100000e+00   1.6394612e-01
   7.0130000e+00   1.6386365e-01
   7.0160000e+00   1.6378124e-01
   7.0190000e+00   1.6369890e-01
   7.0220000e+00   1.6361662e-01
   7.0250000e+00   1.6353441e-01
   7.0280000e+00   1.6345226e-01
   7.0310000e+00   1.6337018e-01
   7.0340000e+00   1.6328816e-01
   7.0370000e+00   1.6320620e-01
   7.0400000e+00   1.6312431e-01
   7.0430000e+00   1.6304249e-01
   7.0460000e+00   1.6296072e-01
   7.0490000e+00   1.6287902e-01
   7.0520000e+00   1.6279738e-01
   7.0550000e+00   1.6271581e-01
   7.0580000e+00   1.6263430e-01
   7.0610000e+00   1.6255285e-01
   7.0640000e+00   1.6247146e-01
   7.0670000e+00   1.6239014e-01
   7.0700000e+00   1.6230887e-01
   7.0730000e+00   1.6222767e-01
   7.0760000e+00   1.6214654e-01
   7.0790000e+00   1.6206546e-01
   7.0820000e+00   1.6198444e-01
   7.0850000e+00   1.6190349e-01
   7.0880000e+00   1.6182260e-01
   7.0910000e+00   1.6174176e-01
   7.0940000e+00   1.6166099e-01
   7.0970000e+00   1.6158028e-01
   7.1000000e+00   1.6149963e-01
   7.1030000e+00   1.6141904e-01
   7.1060000e+00   1.6133851e-01
   7.1090000e+00   1.6125804e-01
   7.1120000e+00   1.6117764e-01
   7.1150000e+00   1.6109729e-01
   7.1180000e+00   1.6101700e-01
   7.1210000e+00   1.6093676e-01
   7.1240000e+00   1.6085659e-01
   7.1270000e+00   1.6077648e-01
   7.1300000e+00   1.6069643e-01
   7.1330000e+00   1.6061643e-01
   7.1360000e+00   1.6053650e-01
   7.1390000e+00   1.6045662e-01
   7.1420000e+00   1.6037680e-01
   7.1450000e+00   1.6029704e-01
   7.1480000e+00   1.6021734e-01
   7.1510000e+00   1.6013770e-01
   7.1540000e+00   1.6005811e-01
   7.1570000e+00   1.5997858e-01
   7.1600000e+00   1.5989911e-01
   7.1630000e+00   1.5981970e-01
   7.1660000e+00   1.5974035e-01
   7.1690000e+00   1.5966105e-01
   7.1720000e+00   1.5958181e-01
   7.1750000e+00   1.5950262e-01
   7.1780000e+00   1.5942350e-01
   7.1810000e+00   1.5934443e-01
   7.1840000e+00   1.5926541e-01
   7.1870000e+00   1.5918646e-01
   7.1900000e+00   1.5910756e-01
   7.1930000e+00   1.5902871e-01
   7.1960000e+00   1.5894993e-01
   7.1990000e+00   1.5887120e-01
   7.2020000e+00   1.5879252e-01
   7.2050000e+00   1.5871390e-01
   7.2080000e+00   1.5863534e-01
   7.2110000e+00   1.5855683e-01
   7.2140000e+00   1.5847838e-01
   7.2170000e+00   1.5839998e-01
   7.2200000e+00   1.5832164e-01
   7.2230000e+00   1.5824335e-01
   7.2260000e+00   1.5816512e-01
   7.2290000e+00   1.5808694e-01
   7.2320000e+00   1.5800882e-01
   7.2350000e+00   1.5793076e-01
   7.2380000e+00   1.5785274e-01
   7.2410000e+00   1.5777479e-01
   7.2440000e+00   1.5769688e-01
   7.2470000e+00   1.5761904e-01
   7.2500000e+00   1.5754124e-01
   7.2530000e+00   1.5746350e-01
   7.2560000e+00   1.5738582e-01
   7.2590000e+00   1.5730818e-01
   7.2620000e+00   1.5723061e-01
   7.2650000e+00   1.5715308e-01
   7.2680000e+00   1.5707561e-01
   7.2710000e+00   1.5699820e-01
   7.2740000e+00   1.5692083e-01
   7.2770000e+00   1.5684352e-01
   7.2800000e+00   1.5676627e-01
   7.2830000e+00   1.5668907e-01
   7.2860000e+00   1.5661192e-01
   7.2890000e+00   1.5653482e-01
   7.2920000e+00   1.5645778e-01
   7.2950000e+00   1.5638079e-01
   7.2980000e+00   1.5630385e-01
   7.3010000e+00   1.5622696e-01
   7.3040000e+00   1.5615013e-01
   7.3070000e+00   1.5607335e-01
   7.3100000e+00   1.5599663e-01
   7.3130000e+00   1.5591995e-01
   7.3160000e+00   1.5584333e-01
   7.3190000e+00   1.5576676e-01
   7.3220000e+00   1.5569024e-01
   7.3250000e+00   1.5561378e-01
   7.3280000e+00   1.5553736e-01
   7.3310000e+00   1.5546100e-01
   7.3340000e+00   1.5538469e-01
   7.3370000e+00   1.5530843e-01
   7.3400000e+00   1.5523223e-01
   7.3430000e+00   1.5515607e-01
   7.3460000e+00   1.5507997e-01
   7.3490000e+00   1.5500392e-01
   7.3520000e+00   1.5492792e-01
   7.3550000e+00   1.5485197e-01
   7.3580000e+00   1.5477607e-01
   7.3610000e+00   1.5470023e-01
   7.3640000e+00   1.5462443e-01
   7.3670000e+00   1.5454869e-01
   7.3700000e+00   1.5447300e-01
   7.3730000e+00   1.5439735e-01
   7.3760000e+00   1.5432176e-01
   7.3790000e+00   1.5424622e-01
   7.3820000e+00   1.5417073e-01
   7.3850000e+00   1.5409530e-01
   7.3880000e+00   1.5401991e-01
   7.3910000e+00   1.5394457e-01
   7.3940000e+00   1.5386928e-01
   7.3970000e+00   1.5379405e-01
   7.4000000e+00   1.5371886e-01
   7.4030000e+00   1.5364373e-01
   7.4060000e+00   1.5356864e-01
   7.4090000e+00   1.5349361e-01
   7.4120000e+00   1.5341862e-01
   7.4150000e+00   1.5334369e-01
   7.4180000e+00   1.5326880e-01
   7.4210000e+00   1.5319397e-01
   7.4240000e+00   1.5311918e-01
   7.4270000e+00   1.5304445e-01
   7.4300000e+00   1.5296976e-01
   7.4330000e+00   1.5289513e-01
   7.4360000e+00   1.5282054e-01
   7.4390000e+00   1.5274600e-01
   7.4420000e+00   1.5267152e-01
   7.4450000e+00   1.5259708e-01
   7.4480000e+00   1.5252269e-01
   7.4510000e+00   1.5244835e-01
   7.4540000e+00   1.5237406e-01
   7.4570000e+00   1.5229982e-01
   7.4600000e+00   1.5222563e-01
   7.4630000e+00   1.5215149e-01
   7.4660000e+00   1.5207740e-01
   7.4690000e+00   1.5200336e-01
   7.4720000e+00   1.5192936e-01
   7.4750000e+00   1.5185542e-01
   7.4780000e+00   1.5178152e-01
   7.4810000e+00   1.5170767e-01
   7.4840000e+00   1.5163388e-01
   7.4870000e+00   1.5156013e-01
   7.4900000e+00   1.5148643e-01
   7.4930000e+00   1.5141277e-01
   7.4960000e+00   1.5133917e-01
   7.4990000e+00   1.5126562e-01
   7.5020000e+00   1.5119211e-01
   7.5050000e+00   1.5111865e-01
   7.5080000e+00   1.5104524e-01
   7.5110000e+00   1.5097188e-01
   7.5140000e+00   1.5089857e-01
   7.5170000e+00   1.5082530e-01
   7.5200000e+00   1.5075209e-01
   7.5230000e+00   1.5067892e-01
   7.5260000e+00   1.5060580e-01
   7.5290000e+00   1.5053273e-01
   7.5320000e+00   1.5045971e-01
   7.5350000e+00   1.5038673e-01
   7.5380000e+00   1.5031381e-01
   7.5410000e+00   1.5024093e-01
   7.5440000e+00   1.5016810e-01
   7.5470000e+00   1.5009531e-01
   7.5500000e+00   1.5002258e-01
   7.5530000e+00   1.4994989e-01
   7.5560000e+00   1.4987725e-01
   7.5590000e+00   1.4980466e-01
   7.5620000e+00   1.4973212e-01
   7.5650000e+00   1.4965962e-01
   7.5680000e+00   1.4958717e-01
   7.5710000e+00   1.4951477e-01
   7.5740000e+00   1.4944242e-01
   7.5770000e+00   1.4937011e-01
   7.5800000e+00   1.4929785e-01
   7.5830000e+00   1.4922564e-01
   7.5860000e+00   1.4915348e-01
   7.5890000e+00   1.4908136e-01
   7.5920000e+00   1.4900929e-01
   7.5950000e+00   1.4893727e-01
   7.5980000e+00   1.4886530e-01
   7.6010000e+00   1.4879337e-01
   7.6040000e+00   1.4872149e-01
   7.6070000e+00   1.4864966e-01
   7.6100000e+00   1.4857787e-01
   7.6130000e+00   1.4850614e-01
   7.6160000e+00   1.4843444e-01
   7.6190000e+00   1.4836280e-01
   7.6220000e+00   1.4829120e-01
   7.6250000e+00   1.4821965e-01
   7.6280000e+00   1.4814815e-01
   7.6310000e+00   1.4807669e-01
   7.6340000e+00   1.4800529e-01
   7.6370000e+00   1.4793392e-01
   7.6400000e+00   1.4786261e-01
   7.6430000e+00   1.4779134e-01
   7.6460000e+00   1.4772012e-01
   7.6490000e+00   1.4764894e-01
   7.6520000e+00   1.4757781e-01
   7.6550000e+00   1.4750673e-01
   7.6580000e+00   1.4743570e-01
   7.6610000e+00   1.4736471e-01
   7.6640000e+00   1.4729377e-01
   7.6670000e+00   1.4722287e-01
   7.6700000e+00   1.4715203e-01
   7.6730000e+00   1.4708122e-01
   7.6760000e+00   1.4701047e-01
   7.6790000e+00   1.4693976e-01
   7.6820000e+00   1.4686910e-01
   7.6850000e+00   1.4679848e-01
   7.6880000e+00   1.4672791e-01
   7.6910000e+00   1.4665739e-01
   7.6940000e+00   1.4658691e-01
   7.6970000e+00   1.4651648e-01
   7.7000000e+00   1.4644610e-01
   7.7030000e+00   1.4637576e-01
   7.7060000e+00   1.4630547e-01
   7.7090000e+00   1.4623522e-01
   7.7120000e+00   1.4616502e-01
   7.7150000e+00   1.4609487e-01
   7.7180000e+00   1.4602476e-01
   7.7210000e+00   1.4595470e-01
   7.7240000e+00   1.4588468e-01
   7.7270000e+00   1.4581472e-01
   7.7300000e+00   1.4574479e-01
   7.7330000e+00   1.4567492e-01
   7.7360000e+00   1.4560509e-01
   7.7390000e+00   1.4553530e-01
   7.7420000e+00   1.4546556e-01
   7.7450000e+00   1.4539587e-01
   7.7480000e+00   1.4532622e-01
   7.7510000e+00   1.4525662e-01
   7.7540000e+00   1.4518707e-01
   7.7570000e+00   1.4511756e-01
   7.7600000e+00   1.4504809e-01
   7.7630000e+00   1.4497868e-01
   7.7660000e+00   1.4490930e-01
   7.7690000e+00   1.4483998e-01
   7.7720000e+00   1.4477070e-01
   7.7750000e+00   1.4470146e-01
   7.7780000e+00   1.4463228e-01
   7.7810000e+00   1.4456313e-01
   7.7840000e+00   1.4449403e-01
   7.7870000e+00   1.4442498e-01
   7.7900000e+00   1.4435598e-01
   7.7930000e+00   1.4428702e-01
   7.7960000e+00   1.4421810e-01
   7.7990000e+00   1.4414923e-01
   7.8020000e+00   1.4408041e-01
   7.8050000e+00   1.4401163e-01
   7.8080000e+00   1.4394290e-01
   7.8110000e+00   1.4387421e-01
   7.8140000e+00   1.4380557e-01
   7.8170000e+00   1.4373697e-01
   7.8200000e+00   1.4366842e-01
   7.8230000e+00   1.4359991e-01
   7.8260000e+00   1.4353145e-01
   7.8290000e+00   1.4346304e-01
   7.8320000e+00   1.4339467e-01
   7.8350000e+00   1.4332634e-01
   7.8380000e+00   1.4325806e-01
   7.8410000e+00   1.4318983e-01
   7.8440000e+00   1.4312164e-01
   7.8470000e+00   1.4305350e-01
   7.8500000e+00   1.4298540e-01
   7.8530000e+00   1.4291735e-01
   7.8560000e+00   1.4284934e-01
   7.8590000e+00   1.4278138e-01
   7.8620000e+00   1.4271346e-01
   7.8650000e+00   1.4264559e-01
   7.8680000e+00   1.4257776e-01
   7.8710000e+00   1.4250998e-01
   7.8740000e+00   1.4244225e-01
   7.8770000e+00   1.4237456e-01
   7.8800000e+00   1.4230691e-01
   7.8830000e+00   1.4223931e-01
   7.8860000e+00   1.4217175e-01
   7.8890000e+00   1.4210424e-01
   7.8920000e+00   1.4203678e-01
   7.8950000e+00   1.4196935e-01
   7.8980000e+00   1.4190198e-01
   7.9010000e+00   1.4183465e-01
   7.9040000e+00   1.4176736e-01
   7.9070000e+00   1.4170012e-01
   7.9100000e+00   1.4163292e-01
   7.9130000e+00   1.4156577e-01
   7.9160000e+00   1.4149867e-01
   7.9190000e+00   1.4143161e-01
   7.9220000e+00   1.4136459e-01
   7.9250000e+00   1.4129762e-01
   7.9280000e+00   1.4123069e-01
   7.9310000e+00   1.4116381e-01
   7.9340000e+00   1.4109697e-01
   7.9370000e+00   1.4103018e-01
   7.9400000e+00   1.4096343e-01
   7.9430000e+00   1.4089673e-01
   7.9460000e+00   1.4083007e-01
   7.9490000e+00   1.4076346e-01
   7.9520000e+00   1.4069689e-01
   7.9550000e+00   1.4063037e-01
   7.9580000e+00   1.4056389e-01
   7.9610000e+00   1.4049745e-01
   7.9640000e+00   1.4043106e-01
   7.9670000e+00   1.4036472e-01
   7.9700000e+00   1.4029842e-01
   7.9730000e+00   1.4023216e-01
   7.9760000e+00   1.4016595e-01
   7.9790000e+00   1.4009978e-01
   7.9820000e+00   1.4003366e-01
   7.9850000e+00   1.3996759e-01
   7.9880000e+00   1.3990155e-01
   7.9910000e+00   1.3983556e-01
   7.9940000e+00   1.3976962e-01
   7.9970000e+00   1.3970372e-01
   8.0000000e+00   1.3963787e-01
