   2.0000000e+00   1.2538145e-09
   2.0300000e+00   1.8672946e-09
   2.0600000e+00   2.8815177e-09
   2.0900000e+00   4.6137748e-09
   2.1200000e+00   7.6725320e-09
   2.1500000e+00   1.3257268e-08
   2.1800000e+00   2.3795529e-08
   2.2100000e+00   4.4321993e-08
   2.2400000e+00   8.5512929e-08
   2.2700000e+00   1.7045653e-07
   2.3000000e+00   3.4993131e-07
   2.3300000e+00   7.3719191e-07
   2.3600000e+00   1.5876805e-06
   2.3900000e+00   3.4824201e-06
   2.4200000e+00   7.7506361e-06
   2.4500000e+00   1.7442897e-05
   2.4800000e+00   3.9564520e-05
   2.5100000e+00   9.0170815e-05
   2.5400000e+00   2.0588727e-04
   2.5700000e+00   4.6963109e-04
   2.6000000e+00   1.0670596e-03
   2.6300000e+00   2.4075116e-03
   2.6600000e+00   5.3741494e-03
   2.6900000e+00   1.1812928e-02
   2.7200000e+00   2.5395729e-02
   2.7500000e+00   5.2841374e-02
   2.7800000e+00   1.0470251e-01
   2.8100000e+00   1.9305466e-01
   2.8400000e+00   3.2253331e-01
   2.8700000e+00   4.7882279e-01
   2.9000000e+00   6.3158827e-01
   2.9300000e+00   7.5524025e-01
   2.9600000e+00   8.4243474e-01
   2.9900000e+00   8.9905946e-01
   3.0200000e+00   9.3445601e-01
   3.0500000e+00   9.5638956e-01
   3.0800000e+00   9.7009976e-01
   3.1100000e+00   9.7882827e-01
   3.1400000e+00   9.8451522e-01
   3.1700000e+00   9.8831445e-01
   3.2000000e+00   9.9091745e-01
   3.2300000e+00   9.9274498e-01
   3.2600000e+00   9.9405788e-01
   3.2900000e+00   9.9502123e-01
   3.3200000e+00   9.9574170e-01
   3.3500000e+00   9.9628966e-01
   3.3800000e+00   9.9671244e-01
   3.4100000e+00   9.9704247e-01
   3.4400000e+00   9.9730236e-01
   3.4700000e+00   9.9750807e-01
   3.5000000e+00   9.9767104e-01
   3.5300000e+00   9.9779951e-01
   3.5600000e+00   9.9789945e-01
   3.5900000e+00   9.9797514e-01
   3.6200000e+00   9.9802962e-01
   3.6500000e+00   9.9806491e-01
   3.6800000e+00   9.9808226e-01
   3.7100000e+00   9.9808218e-01
   3.7400000e+00   9.9806459e-01
   3.7700000e+00   9.9802877e-01
   3.8000000e+00   9.9797335e-01
   3.8300000e+00   9.9789629e-01
   3.8600000e+00   9.9779476e-01
   3.8900000e+00   9.9766499e-01
   3.9200000e+00   9.9750211e-01
   3.9500000e+00   9.9729990e-01
   3.9800000e+00   9.9705047e-01
   4.0100000e+00   9.9674386e-01
   4.0400000e+00   9.9636755e-01
   4.0700000e+00   9.9590579e-01
   4.1000000e+00   9.9533882e-01
   4.1300000e+00   9.9464184e-01
   4.1600000e+00   9.9378378e-01
   4.1900000e+00   9.9272577e-01
   4.2200000e+00   9.9141921e-01
   4.2500000e+00   9.8980358e-01
   4.2800000e+00   9.8780366e-01
   4.3100000e+00   9.8532649e-01
   4.3400000e+00   9.8225776e-01
   4.3700000e+00   9.7845807e-01
   4.4000000e+00   9.7375901e-01
   4.4300000e+00   9.6795974e-01
   4.4600000e+00   9.6082460e-01
   4.4900000e+00   9.5208286e-01
   4.5200000e+00   9.4143191e-01
   4.5500000e+00   9.2854572e-01
   4.5800000e+00   9.1309036e-01
   4.6100000e+00   8.9474807e-01
   4.6400000e+00   8.7325049e-01
   4.6700000e+00   8.4841967e-01
   4.7000000e+00   8.2021249e-01
   4.7300000e+00   7.8876109e-01
   4.7600000e+00   7.5439962e-01
   4.7900000e+00   7.1766720e-01
   4.8200000e+00   6.7928107e-01
   4.8500000e+00   6.4008027e-01
   4.8800000e+00   6.0094859e-01
   4.9100000e+00   5.6273145e-01
   4.9400000e+00   5.2616312e-01
   4.9700000e+00   4.9181645e-01
   5.0000000e+00   4.6008071e-01
   5.0300000e+00   4.3116549e-01
   5.0600000e+00   4.0512370e-01
   5.0900000e+00   3.8188507e-01
   5.1200000e+00   3.6129215e-01
   5.1500000e+00   3.4313346e-01
   5.1800000e+00   3.2717071e-01
   5.2100000e+00   3.1315915e-01
   5.2400000e+00   3.0086154e-01
   5.2700000e+00   2.9005678e-01
   5.3000000e+00   2.8054444e-01
   5.3300000e+00   2.7214649e-01
   5.3600000e+00   2.6470709e-01
   5.3900000e+00   2.5809127e-01
   5.4200000e+00   2.5218306e-01
   5.4500000e+00   2.4688331e-01
   5.4800000e+00   2.4210754e-01
   5.5100000e+00   2.3778394e-01
   5.5400000e+00   2.3385148e-01
   5.5700000e+00   2.3025829e-01
   5.6000000e+00   2.2696026e-01
   5.6300000e+00   2.2391979e-01
   5.6600000e+00   2.2110478e-01
   5.6900000e+00   2.1848778e-01
   5.7200000e+00   2.1604521e-01
   5.7500000e+00   2.1375679e-01
   5.7800000e+00   2.1160503e-01
   5.8100000e+00   2.0957477e-01
   5.8400000e+00   2.0765284e-01
   5.8700000e+00   2.0582780e-01
   5.9000000e+00   2.0408961e-01
   5.9300000e+00   2.0242952e-01
   5.9600000e+00   2.0083982e-01
   5.9900000e+00   1.9931370e-01
   6.0200000e+00   1.9784516e-01
   6.0500000e+00   1.9642890e-01
   6.0800000e+00   1.9506018e-01
   6.1100000e+00   1.9373480e-01
   6.1400000e+00   1.9244903e-01
   6.1700000e+00   1.9119951e-01
   6.2000000e+00   1.8998323e-01
   6.2300000e+00   1.8879752e-01
   6.2600000e+00   1.8763994e-01
   6.2900000e+00   1.8650833e-01
   6.3200000e+00   1.8540073e-01
   6.3500000e+00   1.8431535e-01
   6.3800000e+00   1.8325060e-01
   6.4100000e+00   1.8220503e-01
   6.4400000e+00   1.8117732e-01
   6.4700000e+00   1.8016629e-01
   6.5000000e+00   1.7917085e-01
   6.5300000e+00   1.7819002e-01
   6.5600000e+00   1.7722290e-01
   6.5900000e+00   1.7626869e-01
   6.6200000e+00   1.7532663e-01
   6.6500000e+00   1.7439606e-01
   6.6800000e+00   1.7347636e-01
   6.7100000e+00   1.7256696e-01
   6.7400000e+00   1.7166736e-01
   6.7700000e+00   1.7077708e-01
   6.8000000e+00   1.6989569e-01
   6.8300000e+00   1.6902281e-01
   6.8600000e+00   1.6815808e-01
   6.8900000e+00   1.6730117e-01
   6.9200000e+00   1.6645178e-01
   6.9500000e+00   1.6560964e-01
   6.9800000e+00   1.6477449e-01
   7.0100000e+00   1.6394612e-01
   7.0400000e+00   1.6312431e-01
   7.0700000e+00   1.6230887e-01
   7.1000000e+00   1.6149963e-01
   7.1300000e+00   1.6069643e-01
   7.1600000e+00   1.5989911e-01
   7.1900000e+00   1.5910756e-01
   7.2200000e+00   1.5832164e-01
   7.2500000e+00   1.5754124e-01
   7.2800000e+00   1.5676627e-01
   7.3100000e+00   1.5599663e-01
   7.3400000e+00   1.5523223e-01
   7.3700000e+00   1.5447300e-01
   7.4000000e+00   1.5371886e-01
   7.4300000e+00   1.5296976e-01
   7.4600000e+00   1.5222563e-01
   7.4900000e+00   1.5148643e-01
   7.5200000e+00   1.5075209e-01
   7.5500000e+00   1.5002258e-01
   7.5800000e+00   1.4929785e-01
   7.6100000e+00   1.4857787e-01
   7.6400000e+00   1.4786261e-01
   7.6700000e+00   1.4715203e-01
   7.7000000e+00   1.4644610e-01
   7.7300000e+00   1.4574479e-01
   7.7600000e+00   1.4504809e-01
   7.7900000e+00   1.4435598e-01
   7.8200000e+00   1.4366842e-01
   7.8500000e+00   1.4298540e-01
   7.8800000e+00   1.4230691e-01
   7.9100000e+00   1.4163292e-01
   7.9400000e+00   1.4096343e-01
   7.9700000e+00   1.4029842e-01
   8.0000000e+00   1.3963787e-01
