   2.0000000e+00   4.6708246e-06
   2.0300000e+00   5.8170631e-06
   2.0600000e+00   7.3328189e-06
   2.0900000e+00   9.3583198e-06
   2.1200000e+00   1.2093876e-05
   2.1500000e+00   1.5828124e-05
   2.1800000e+00   2.0980481e-05
   2.2100000e+00   2.8165257e-05
   2.2400000e+00   3.8288844e-05
   2.2700000e+00   5.2697456e-05
   2.3000000e+00   7.3401996e-05
   2.3300000e+00   1.0342029e-04
   2.3600000e+00   1.4729709e-04
   2.3900000e+00   2.1189148e-04
   2.4200000e+00   3.0756267e-04
   2.4500000e+00   4.4994247e-04
   2.4800000e+00   6.6255779e-04
   2.5100000e+00   9.8066096e-04
   2.5400000e+00   1.4567324e-03
   2.5700000e+00   2.1682220e-03
   2.6000000e+00   3.2281537e-03
   2.6300000e+00   4.7991558e-03
   2.6600000e+00   7.1111720e-03
   2.6900000e+00   1.0482372e-02
   2.7200000e+00   1.5341360e-02
   2.7500000e+00   2.2246477e-02
   2.7800000e+00   3.1894742e-02
   2.8100000e+00   4.5109367e-02
   2.8400000e+00   6.2792303e-02
   2.8700000e+00   8.5829965e-02
   2.9000000e+00   1.1494963e-01
   2.9300000e+00   1.5054308e-01
   2.9600000e+00   1.9249850e-01
   2.9900000e+00   2.4009929e-01
   3.0200000e+00   2.9204221e-01
   3.0500000e+00   3.4659079e-01
   3.0800000e+00   4.0182706e-01
   3.1100000e+00   4.5592573e-01
   3.1400000e+00   5.0737332e-01
   3.1700000e+00   5.5508690e-01
   3.2000000e+00   5.9843059e-01
   3.2300000e+00   6.3715820e-01
   3.2600000e+00   6.7131970e-01
   3.2900000e+00   7.0116273e-01
   3.3200000e+00   7.2704768e-01
   3.3500000e+00   7.4938354e-01
   3.3800000e+00   7.6858429e-01
   3.4100000e+00   7.8504232e-01
   3.4400000e+00   7.9911427e-01
   3.4700000e+00   8.1111515e-01
   3.5000000e+00   8.2131769e-01
   3.5300000e+00   8.2995457e-01
   3.5600000e+00   8.3722203e-01
   3.5900000e+00   8.4328404e-01
   3.6200000e+00   8.4827644e-01
   3.6500000e+00   8.5231072e-01
   3.6800000e+00   8.5547748e-01
   3.7100000e+00   8.5784928e-01
   3.7400000e+00   8.5948321e-01
   3.7700000e+00   8.6042292e-01
   3.8000000e+00   8.6070040e-01
   3.8300000e+00   8.6033737e-01
   3.8600000e+00   8.5934653e-01
   3.8900000e+00   8.5773253e-01
   3.9200000e+00   8.5549287e-01
   3.9500000e+00   8.5261861e-01
   3.9800000e+00   8.4909512e-01
   4.0100000e+00   8.4490273e-01
   4.0400000e+00   8.4001744e-01
   4.0700000e+00   8.3441167e-01
   4.1000000e+00   8.2805508e-01
   4.1300000e+00   8.2091559e-01
   4.1600000e+00   8.1296043e-01
   4.1900000e+00   8.0415743e-01
   4.2200000e+00   7.9447654e-01
   4.2500000e+00   7.8389141e-01
   4.2800000e+00   7.7238124e-01
   4.3100000e+00   7.5993272e-01
   4.3400000e+00   7.4654202e-01
   4.3700000e+00   7.3221677e-01
   4.4000000e+00   7.1697793e-01
   4.4300000e+00   7.0086134e-01
   4.4600000e+00   6.8391889e-01
   4.4900000e+00   6.6621914e-01
   4.5200000e+00   6.4784726e-01
   4.5500000e+00   6.2890413e-01
   4.5800000e+00   6.0950478e-01
   4.6100000e+00   5.8977582e-01
   4.6400000e+00   5.6985240e-01
   4.6700000e+00   5.4987441e-01
   4.7000000e+00   5.2998254e-01
   4.7300000e+00   5.1031416e-01
   4.7600000e+00   4.9099940e-01
   4.7900000e+00   4.7215770e-01
   4.8200000e+00   4.5389495e-01
   4.8500000e+00   4.3630136e-01
   4.8800000e+00   4.1945024e-01
   4.9100000e+00   4.0339748e-01
   4.9400000e+00   3.8818187e-01
   4.9700000e+00   3.7382600e-01
   5.0000000e+00   3.6033764e-01
   5.0300000e+00   3.4771154e-01
   5.0600000e+00   3.3593134e-01
   5.0900000e+00   3.2497154e-01
   5.1200000e+00   3.1479953e-01
   5.1500000e+00   3.0537739e-01
   5.1800000e+00   2.9666354e-01
   5.2100000e+00   2.8861422e-01
   5.2400000e+00   2.8118471e-01
   5.2700000e+00   2.7433031e-01
   5.3000000e+00   2.6800718e-01
   5.3300000e+00   2.6217292e-01
   5.3600000e+00   2.5678702e-01
   5.3900000e+00   2.5181116e-01
   5.4200000e+00   2.4720941e-01
   5.4500000e+00   2.4294830e-01
   5.4800000e+00   2.3899687e-01
   5.5100000e+00   2.3532660e-01
   5.5400000e+00   2.3191132e-01
   5.5700000e+00   2.2872716e-01
   5.6000000e+00   2.2575236e-01
   5.6300000e+00   2.2296716e-01
   5.6600000e+00   2.2035366e-01
   5.6900000e+00   2.1789564e-01
   5.7200000e+00   2.1557847e-01
   5.7500000e+00   2.1338894e-01
   5.7800000e+00   2.1131513e-01
   5.8100000e+00   2.0934631e-01
   5.8400000e+00   2.0747282e-01
   5.8700000e+00   2.0568594e-01
   5.9000000e+00   2.0397784e-01
   5.9300000e+00   2.0234145e-01
   5.9600000e+00   2.0077041e-01
   5.9900000e+00   1.9925901e-01
   6.0200000e+00   1.9780207e-01
   6.0500000e+00   1.9639494e-01
   6.0800000e+00   1.9503342e-01
   6.1100000e+00   1.9371372e-01
   6.1400000e+00   1.9243242e-01
   6.1700000e+00   1.9118642e-01
   6.2000000e+00   1.8997292e-01
   6.2300000e+00   1.8878939e-01
   6.2600000e+00   1.8763354e-01
   6.2900000e+00   1.8650329e-01
   6.3200000e+00   1.8539675e-01
   6.3500000e+00   1.8431221e-01
   6.3800000e+00   1.8324813e-01
   6.4100000e+00   1.8220308e-01
   6.4400000e+00   1.8117579e-01
   6.4700000e+00   1.8016508e-01
   6.5000000e+00   1.7916990e-01
   6.5300000e+00   1.7818927e-01
   6.5600000e+00   1.7722231e-01
   6.5900000e+00   1.7626822e-01
   6.6200000e+00   1.7532627e-01
   6.6500000e+00   1.7439578e-01
   6.6800000e+00   1.7347613e-01
   6.7100000e+00   1.7256678e-01
   6.7400000e+00   1.7166722e-01
   6.7700000e+00   1.7077697e-01
   6.8000000e+00   1.6989560e-01
   6.8300000e+00   1.6902274e-01
   6.8600000e+00   1.6815802e-01
   6.8900000e+00   1.6730112e-01
   6.9200000e+00   1.6645174e-01
   6.9500000e+00   1.6560961e-01
   6.9800000e+00   1.6477447e-01
   7.0100000e+00   1.6394611e-01
   7.0400000e+00   1.6312430e-01
   7.0700000e+00   1.6230886e-01
   7.1000000e+00   1.6149963e-01
   7.1300000e+00   1.6069642e-01
   7.1600000e+00   1.5989911e-01
   7.1900000e+00   1.5910755e-01
   7.2200000e+00   1.5832163e-01
   7.2500000e+00   1.5754124e-01
   7.2800000e+00   1.5676627e-01
   7.3100000e+00   1.5599662e-01
   7.3400000e+00   1.5523223e-01
   7.3700000e+00   1.5447300e-01
   7.4000000e+00   1.5371886e-01
   7.4300000e+00   1.5296976e-01
   7.4600000e+00   1.5222563e-01
   7.4900000e+00   1.5148643e-01
   7.5200000e+00   1.5075209e-01
   7.5500000e+00   1.5002258e-01
   7.5800000e+00   1.4929785e-01
   7.6100000e+00   1.4857787e-01
   7.6400000e+00   1.4786261e-01
   7.6700000e+00   1.4715203e-01
   7.7000000e+00   1.4644610e-01
   7.7300000e+00   1.4574479e-01
   7.7600000e+00   1.4504809e-01
   7.7900000e+00   1.4435598e-01
   7.8200000e+00   1.4366842e-01
   7.8500000e+00   1.4298540e-01
   7.8800000e+00   1.4230691e-01
   7.9100000e+00   1.4163292e-01
   7.9400000e+00   1.4096343e-01
   7.9700000e+00   1.4029842e-01
   8.0000000e+00   1.3963787e-01
