   2.0000000e+00   7.5484633e-03
   2.0300000e+00   8.0031953e-03
   2.0600000e+00   8.4934826e-03
   2.0900000e+00   9.0221483e-03
   2.1200000e+00   9.5922080e-03
   2.1500000e+00   1.0206876e-02
   2.1800000e+00   1.0869568e-02
   2.2100000e+00   1.1583906e-02
   2.2400000e+00   1.2353718e-02
   2.2700000e+00   1.3183032e-02
   2.3000000e+00   1.4076077e-02
   2.3300000e+00   1.5037269e-02
   2.3600000e+00   1.6071200e-02
   2.3900000e+00   1.7182620e-02
   2.4200000e+00   1.8376417e-02
   2.4500000e+00   1.9657586e-02
   2.4800000e+00   2.1031198e-02
   2.5100000e+00   2.2502358e-02
   2.5400000e+00   2.4076163e-02
   2.5700000e+00   2.5757649e-02
   2.6000000e+00   2.7551728e-02
   2.6300000e+00   2.9463135e-02
   2.6600000e+00   3.1496348e-02
   2.6900000e+00   3.3655523e-02
   2.7200000e+00   3.5944416e-02
   2.7500000e+00   3.8366303e-02
   2.7800000e+00   4.0923900e-02
   2.8100000e+00   4.3619293e-02
   2.8400000e+00   4.6453855e-02
   2.8700000e+00   4.9428180e-02
   2.9000000e+00   5.2542023e-02
   2.9300000e+00   5.5794242e-02
   2.9600000e+00   5.9182759e-02
   2.9900000e+00   6.2704527e-02
   3.0200000e+00   6.6355513e-02
   3.0500000e+00   7.0130701e-02
   3.0800000e+00   7.4024098e-02
   3.1100000e+00   7.8028768e-02
   3.1400000e+00   8.2136875e-02
   3.1700000e+00   8.6339742e-02
   3.2000000e+00   9.0627922e-02
   3.2300000e+00   9.4991285e-02
   3.2600000e+00   9.9419108e-02
   3.2900000e+00   1.0390018e-01
   3.3200000e+00   1.0842292e-01
   3.3500000e+00   1.1297547e-01
   3.3800000e+00   1.1754580e-01
   3.4100000e+00   1.2212187e-01
   3.4400000e+00   1.2669168e-01
   3.4700000e+00   1.3124339e-01
   3.5000000e+00   1.3576545e-01
   3.5300000e+00   1.4024663e-01
   3.5600000e+00   1.4467614e-01
   3.5900000e+00   1.4904369e-01
   3.6200000e+00   1.5333953e-01
   3.6500000e+00   1.5755453e-01
   3.6800000e+00   1.6168018e-01
   3.7100000e+00   1.6570866e-01
   3.7400000e+00   1.6963280e-01
   3.7700000e+00   1.7344617e-01
   3.8000000e+00   1.7714299e-01
   3.8300000e+00   1.8071821e-01
   3.8600000e+00   1.8416743e-01
   3.8900000e+00   1.8748693e-01
   3.9200000e+00   1.9067362e-01
   3.9500000e+00   1.9372504e-01
   3.9800000e+00   1.9663930e-01
   4.0100000e+00   1.9941508e-01
   4.0400000e+00   2.0205158e-01
   4.0700000e+00   2.0454851e-01
   4.1000000e+00   2.0690602e-01
   4.1300000e+00   2.0912471e-01
   4.1600000e+00   2.1120556e-01
   4.1900000e+00   2.1314993e-01
   4.2200000e+00   2.1495950e-01
   4.2500000e+00   2.1663627e-01
   4.2800000e+00   2.1818251e-01
   4.3100000e+00   2.1960073e-01
   4.3400000e+00   2.2089368e-01
   4.3700000e+00   2.2206429e-01
   4.4000000e+00   2.2311568e-01
   4.4300000e+00   2.2405112e-01
   4.4600000e+00   2.2487398e-01
   4.4900000e+00   2.2558779e-01
   4.5200000e+00   2.2619612e-01
   4.5500000e+00   2.2670267e-01
   4.5800000e+00   2.2711114e-01
   4.6100000e+00   2.2742530e-01
   4.6400000e+00   2.2764896e-01
   4.6700000e+00   2.2778590e-01
   4.7000000e+00   2.2783995e-01
   4.7300000e+00   2.2781488e-01
   4.7600000e+00   2.2771447e-01
   4.7900000e+00   2.2754245e-01
   4.8200000e+00   2.2730250e-01
   4.8500000e+00   2.2699825e-01
   4.8800000e+00   2.2663327e-01
   4.9100000e+00   2.2621107e-01
   4.9400000e+00   2.2573505e-01
   4.9700000e+00   2.2520857e-01
   5.0000000e+00   2.2463485e-01
   5.0300000e+00   2.2401706e-01
   5.0600000e+00   2.2335824e-01
   5.0900000e+00   2.2266135e-01
   5.1200000e+00   2.2192922e-01
   5.1500000e+00   2.2116460e-01
   5.1800000e+00   2.2037010e-01
   5.2100000e+00   2.1954823e-01
   5.2400000e+00   2.1870141e-01
   5.2700000e+00   2.1783190e-01
   5.3000000e+00   2.1694189e-01
   5.3300000e+00   2.1603344e-01
   5.3600000e+00   2.1510850e-01
   5.3900000e+00   2.1416892e-01
   5.4200000e+00   2.1321642e-01
   5.4500000e+00   2.1225264e-01
   5.4800000e+00   2.1127911e-01
   5.5100000e+00   2.1029725e-01
   5.5400000e+00   2.0930840e-01
   5.5700000e+00   2.0831381e-01
   5.6000000e+00   2.0731461e-01
   5.6300000e+00   2.0631188e-01
   5.6600000e+00   2.0530659e-01
   5.6900000e+00   2.0429966e-01
   5.7200000e+00   2.0329191e-01
   5.7500000e+00   2.0228409e-01
   5.7800000e+00   2.0127691e-01
   5.8100000e+00   2.0027098e-01
   5.8400000e+00   1.9926689e-01
   5.8700000e+00   1.9826513e-01
   5.9000000e+00   1.9726618e-01
   5.9300000e+00   1.9627044e-01
   5.9600000e+00   1.9527829e-01
   5.9900000e+00   1.9429004e-01
   6.0200000e+00   1.9330598e-01
   6.0500000e+00   1.9232637e-01
   6.0800000e+00   1.9135142e-01
   6.1100000e+00   1.9038131e-01
   6.1400000e+00   1.8941622e-01
   6.1700000e+00   1.8845627e-01
   6.2000000e+00   1.8750157e-01
   6.2300000e+00   1.8655222e-01
   6.2600000e+00   1.8560830e-01
   6.2900000e+00   1.8466985e-01
   6.3200000e+00   1.8373691e-01
   6.3500000e+00   1.8280952e-01
   6.3800000e+00   1.8188770e-01
   6.4100000e+00   1.8097145e-01
   6.4400000e+00   1.8006076e-01
   6.4700000e+00   1.7915563e-01
   6.5000000e+00   1.7825604e-01
   6.5300000e+00   1.7736197e-01
   6.5600000e+00   1.7647340e-01
   6.5900000e+00   1.7559028e-01
   6.6200000e+00   1.7471259e-01
   6.6500000e+00   1.7384029e-01
   6.6800000e+00   1.7297335e-01
   6.7100000e+00   1.7211172e-01
   6.7400000e+00   1.7125536e-01
   6.7700000e+00   1.7040423e-01
   6.8000000e+00   1.6955829e-01
   6.8300000e+00   1.6871750e-01
   6.8600000e+00   1.6788183e-01
   6.8900000e+00   1.6705122e-01
   6.9200000e+00   1.6622564e-01
   6.9500000e+00   1.6540505e-01
   6.9800000e+00   1.6458942e-01
   7.0100000e+00   1.6377871e-01
   7.0400000e+00   1.6297288e-01
   7.0700000e+00   1.6217191e-01
   7.1000000e+00   1.6137576e-01
   7.1300000e+00   1.6058441e-01
   7.1600000e+00   1.5979782e-01
   7.1900000e+00   1.5901596e-01
   7.2200000e+00   1.5823882e-01
   7.2500000e+00   1.5746636e-01
   7.2800000e+00   1.5669858e-01
   7.3100000e+00   1.5593543e-01
   7.3400000e+00   1.5517692e-01
   7.3700000e+00   1.5442300e-01
   7.4000000e+00   1.5367368e-01
   7.4300000e+00   1.5292893e-01
   7.4600000e+00   1.5218873e-01
   7.4900000e+00   1.5145308e-01
   7.5200000e+00   1.5072196e-01
   7.5500000e+00   1.4999536e-01
   7.5800000e+00   1.4927326e-01
   7.6100000e+00   1.4855566e-01
   7.6400000e+00   1.4784254e-01
   7.6700000e+00   1.4713390e-01
   7.7000000e+00   1.4642973e-01
   7.7300000e+00   1.4573001e-01
   7.7600000e+00   1.4503475e-01
   7.7900000e+00   1.4434392e-01
   7.8200000e+00   1.4365754e-01
   7.8500000e+00   1.4297558e-01
   7.8800000e+00   1.4229804e-01
   7.9100000e+00   1.4162492e-01
   7.9400000e+00   1.4095620e-01
   7.9700000e+00   1.4029189e-01
   8.0000000e+00   1.3963198e-01
