   2.0000000e+00   2.2779810e-04
   2.0300000e+00   2.6087506e-04
   2.0600000e+00   3.0023969e-04
   2.0900000e+00   3.4725931e-04
   2.1200000e+00   4.0362539e-04
   2.1500000e+00   4.7143443e-04
   2.1800000e+00   5.5328894e-04
   2.2100000e+00   6.5242359e-04
   2.2400000e+00   7.7286207e-04
   2.2700000e+00   9.1961142e-04
   2.3000000e+00   1.0989014e-03
   2.3300000e+00   1.3184773e-03
   2.3600000e+00   1.5879550e-03
   2.3900000e+00   1.9192470e-03
   2.4200000e+00   2.3270670e-03
   2.4500000e+00   2.8295186e-03
   2.4800000e+00   3.4487672e-03
   2.5100000e+00   4.2117906e-03
   2.5400000e+00   5.1511889e-03
   2.5700000e+00   6.3060232e-03
   2.6000000e+00   7.7226341e-03
   2.6300000e+00   9.4553651e-03
   2.6600000e+00   1.1567097e-02
   2.6900000e+00   1.4129468e-02
   2.7200000e+00   1.7222640e-02
   2.7500000e+00   2.0934458e-02
   2.7800000e+00   2.5358836e-02
   2.8100000e+00   3.0593272e-02
   2.8400000e+00   3.6735403e-02
   2.8700000e+00   4.3878629e-02
   2.9000000e+00   5.2106949e-02
   2.9300000e+00   6.1489280e-02
   2.9600000e+00   7.2073676e-02
   2.9900000e+00   8.3881964e-02
   3.0200000e+00   9.6905381e-02
   3.0500000e+00   1.1110174e-01
   3.0800000e+00   1.2639458e-01
   3.1100000e+00   1.4267450e-01
   3.1400000e+00   1.5980270e-01
   3.1700000e+00   1.7761641e-01
   3.2000000e+00   1.9593568e-01
   3.2300000e+00   2.1457101e-01
   3.2600000e+00   2.3333099e-01
   3.2900000e+00   2.5202935e-01
   3.3200000e+00   2.7049108e-01
   3.3500000e+00   2.8855706e-01
   3.3800000e+00   3.0608727e-01
   3.4100000e+00   3.2296255e-01
   3.4400000e+00   3.3908506e-01
   3.4700000e+00   3.5437765e-01
   3.5000000e+00   3.6878253e-01
   3.5300000e+00   3.8225934e-01
   3.5600000e+00   3.9478297e-01
   3.5900000e+00   4.0634124e-01
   3.6200000e+00   4.1693274e-01
   3.6500000e+00   4.2656463e-01
   3.6800000e+00   4.3525087e-01
   3.7100000e+00   4.4301051e-01
   3.7400000e+00   4.4986633e-01
   3.7700000e+00   4.5584372e-01
   3.8000000e+00   4.6096976e-01
   3.8300000e+00   4.6527253e-01
   3.8600000e+00   4.6878056e-01
   3.8900000e+00   4.7152249e-01
   3.9200000e+00   4.7352683e-01
   3.9500000e+00   4.7482181e-01
   3.9800000e+00   4.7543535e-01
   4.0100000e+00   4.7539505e-01
   4.0400000e+00   4.7472827e-01
   4.0700000e+00   4.7346226e-01
   4.1000000e+00   4.7162422e-01
   4.1300000e+00   4.6924148e-01
   4.1600000e+00   4.6634162e-01
   4.1900000e+00   4.6295257e-01
   4.2200000e+00   4.5910277e-01
   4.2500000e+00   4.5482121e-01
   4.2800000e+00   4.5013751e-01
   4.3100000e+00   4.4508193e-01
   4.3400000e+00   4.3968540e-01
   4.3700000e+00   4.3397942e-01
   4.4000000e+00   4.2799604e-01
   4.4300000e+00   4.2176768e-01
   4.4600000e+00   4.1532703e-01
   4.4900000e+00   4.0870685e-01
   4.5200000e+00   4.0193976e-01
   4.5500000e+00   3.9505802e-01
   4.5800000e+00   3.8809328e-01
   4.6100000e+00   3.8107636e-01
   4.6400000e+00   3.7403701e-01
   4.6700000e+00   3.6700365e-01
   4.7000000e+00   3.6000319e-01
   4.7300000e+00   3.5306081e-01
   4.7600000e+00   3.4619981e-01
   4.7900000e+00   3.3944149e-01
   4.8200000e+00   3.3280502e-01
   4.8500000e+00   3.2630740e-01
   4.8800000e+00   3.1996343e-01
   4.9100000e+00   3.1378569e-01
   4.9400000e+00   3.0778462e-01
   4.9700000e+00   3.0196857e-01
   5.0000000e+00   2.9634386e-01
   5.0300000e+00   2.9091496e-01
   5.0600000e+00   2.8568456e-01
   5.0900000e+00   2.8065374e-01
   5.1200000e+00   2.7582212e-01
   5.1500000e+00   2.7118803e-01
   5.1800000e+00   2.6674865e-01
   5.2100000e+00   2.6250014e-01
   5.2400000e+00   2.5843786e-01
   5.2700000e+00   2.5455645e-01
   5.3000000e+00   2.5084998e-01
   5.3300000e+00   2.4731209e-01
   5.3600000e+00   2.4393608e-01
   5.3900000e+00   2.4071506e-01
   5.4200000e+00   2.3764195e-01
   5.4500000e+00   2.3470966e-01
   5.4800000e+00   2.3191110e-01
   5.5100000e+00   2.2923926e-01
   5.5400000e+00   2.2668723e-01
   5.5700000e+00   2.2424831e-01
   5.6000000e+00   2.2191594e-01
   5.6300000e+00   2.1968383e-01
   5.6600000e+00   2.1754592e-01
   5.6900000e+00   2.1549640e-01
   5.7200000e+00   2.1352973e-01
   5.7500000e+00   2.1164063e-01
   5.7800000e+00   2.0982412e-01
   5.8100000e+00   2.0807546e-01
   5.8400000e+00   2.0639021e-01
   5.8700000e+00   2.0476416e-01
   5.9000000e+00   2.0319336e-01
   5.9300000e+00   2.0167413e-01
   5.9600000e+00   2.0020300e-01
   5.9900000e+00   1.9877674e-01
   6.0200000e+00   1.9739232e-01
   6.0500000e+00   1.9604693e-01
   6.0800000e+00   1.9473795e-01
   6.1100000e+00   1.9346294e-01
   6.1400000e+00   1.9221963e-01
   6.1700000e+00   1.9100592e-01
   6.2000000e+00   1.8981986e-01
   6.2300000e+00   1.8865963e-01
   6.2600000e+00   1.8752356e-01
   6.2900000e+00   1.8641009e-01
   6.3200000e+00   1.8531780e-01
   6.3500000e+00   1.8424535e-01
   6.3800000e+00   1.8319151e-01
   6.4100000e+00   1.8215514e-01
   6.4400000e+00   1.8113521e-01
   6.4700000e+00   1.8013074e-01
   6.5000000e+00   1.7914084e-01
   6.5300000e+00   1.7816469e-01
   6.5600000e+00   1.7720152e-01
   6.5900000e+00   1.7625064e-01
   6.6200000e+00   1.7531140e-01
   6.6500000e+00   1.7438320e-01
   6.6800000e+00   1.7346551e-01
   6.7100000e+00   1.7255780e-01
   6.7400000e+00   1.7165963e-01
   6.7700000e+00   1.7077055e-01
   6.8000000e+00   1.6989019e-01
   6.8300000e+00   1.6901817e-01
   6.8600000e+00   1.6815416e-01
   6.8900000e+00   1.6729786e-01
   6.9200000e+00   1.6644899e-01
   6.9500000e+00   1.6560728e-01
   6.9800000e+00   1.6477251e-01
   7.0100000e+00   1.6394445e-01
   7.0400000e+00   1.6312290e-01
   7.0700000e+00   1.6230768e-01
   7.1000000e+00   1.6149863e-01
   7.1300000e+00   1.6069558e-01
   7.1600000e+00   1.5989840e-01
   7.1900000e+00   1.5910695e-01
   7.2200000e+00   1.5832113e-01
   7.2500000e+00   1.5754081e-01
   7.2800000e+00   1.5676591e-01
   7.3100000e+00   1.5599632e-01
   7.3400000e+00   1.5523197e-01
   7.3700000e+00   1.5447278e-01
   7.4000000e+00   1.5371868e-01
   7.4300000e+00   1.5296961e-01
   7.4600000e+00   1.5222550e-01
   7.4900000e+00   1.5148632e-01
   7.5200000e+00   1.5075200e-01
   7.5500000e+00   1.5002250e-01
   7.5800000e+00   1.4929779e-01
   7.6100000e+00   1.4857782e-01
   7.6400000e+00   1.4786256e-01
   7.6700000e+00   1.4715199e-01
   7.7000000e+00   1.4644606e-01
   7.7300000e+00   1.4574477e-01
   7.7600000e+00   1.4504807e-01
   7.7900000e+00   1.4435596e-01
   7.8200000e+00   1.4366840e-01
   7.8500000e+00   1.4298539e-01
   7.8800000e+00   1.4230690e-01
   7.9100000e+00   1.4163291e-01
   7.9400000e+00   1.4096342e-01
   7.9700000e+00   1.4029841e-01
   8.0000000e+00   1.3963786e-01
