   2.	0
   2.66666666666	0
   2.66666666666	1
   5.0000000e+00             1
   5.0000000e+00             1
   5.0050000e+00   9.2724459e-01
   5.0100000e+00   8.6603365e-01
   5.0150000e+00   8.1382402e-01
   5.0200000e+00   7.6876836e-01
   5.0250000e+00   7.2949241e-01
   5.0300000e+00   6.9495269e-01
   5.0350000e+00   6.6434258e-01
   5.0400000e+00   6.3702877e-01
   5.0450000e+00   6.1250706e-01
   5.0500000e+00   5.9037106e-01
   5.0550000e+00   5.7028958e-01
   5.0600000e+00   5.5198998e-01
   5.0650000e+00   5.3524582e-01
   5.0700000e+00   5.1986742e-01
   5.0750000e+00   5.0569474e-01
   5.0800000e+00   4.9259178e-01
   5.0850000e+00   4.8044223e-01
   5.0900000e+00   4.6914606e-01
   5.0950000e+00   4.5861672e-01
   5.1000000e+00   4.4877899e-01
   5.1050000e+00   4.3956716e-01
   5.1100000e+00   4.3092356e-01
   5.1150000e+00   4.2279742e-01
   5.1200000e+00   4.1514380e-01
   5.1250000e+00   4.0792284e-01
   5.1300000e+00   4.0109900e-01
   5.1350000e+00   3.9464054e-01
   5.1400000e+00   3.8851901e-01
   5.1450000e+00   3.8270883e-01
   5.1500000e+00   3.7718693e-01
   5.1550000e+00   3.7193247e-01
   5.1600000e+00   3.6692656e-01
   5.1650000e+00   3.6215205e-01
   5.1700000e+00   3.5759331e-01
   5.1750000e+00   3.5323610e-01
   5.1800000e+00   3.4906740e-01
   5.1850000e+00   3.4507527e-01
   5.1900000e+00   3.4124878e-01
   5.1950000e+00   3.3757784e-01
   5.2000000e+00   3.3405319e-01
   5.2050000e+00   3.3066629e-01
   5.2100000e+00   3.2740923e-01
   5.2150000e+00   3.2427470e-01
   5.2200000e+00   3.2125592e-01
   5.2250000e+00   3.1834662e-01
   5.2300000e+00   3.1554094e-01
   5.2350000e+00   3.1283345e-01
   5.2400000e+00   3.1021908e-01
   5.2450000e+00   3.0769311e-01
   5.2500000e+00   3.0525112e-01
   5.2550000e+00   3.0288900e-01
   5.2600000e+00   3.0060286e-01
   5.2650000e+00   2.9838911e-01
   5.2700000e+00   2.9624434e-01
   5.2750000e+00   2.9416536e-01
   5.2800000e+00   2.9214917e-01
   5.2850000e+00   2.9019297e-01
   5.2900000e+00   2.8829408e-01
   5.2950000e+00   2.8645002e-01
   5.3000000e+00   2.8465843e-01
   5.3050000e+00   2.8291707e-01
   5.3100000e+00   2.8122383e-01
   5.3150000e+00   2.7957674e-01
   5.3200000e+00   2.7797391e-01
   5.3250000e+00   2.7641355e-01
   5.3300000e+00   2.7489398e-01
   5.3350000e+00   2.7341359e-01
   5.3400000e+00   2.7197085e-01
   5.3450000e+00   2.7056434e-01
   5.3500000e+00   2.6919267e-01
   5.3550000e+00   2.6785453e-01
   5.3600000e+00   2.6654870e-01
   5.3650000e+00   2.6527397e-01
   5.3700000e+00   2.6402924e-01
   5.3750000e+00   2.6281342e-01
   5.3800000e+00   2.6162549e-01
   5.3850000e+00   2.6046448e-01
   5.3900000e+00   2.5932946e-01
   5.3950000e+00   2.5821952e-01
   5.4000000e+00   2.5713382e-01
   5.4050000e+00   2.5607155e-01
   5.4100000e+00   2.5503194e-01
   5.4150000e+00   2.5401422e-01
   5.4200000e+00   2.5301769e-01
   5.4250000e+00   2.5204167e-01
   5.4300000e+00   2.5108550e-01
   5.4350000e+00   2.5014856e-01
   5.4400000e+00   2.4923023e-01
   5.4450000e+00   2.4832995e-01
   5.4500000e+00   2.4744716e-01
   5.4550000e+00   2.4658132e-01
   5.4600000e+00   2.4573192e-01
   5.4650000e+00   2.4489847e-01
   5.4700000e+00   2.4408050e-01
   5.4750000e+00   2.4327755e-01
   5.4800000e+00   2.4248919e-01
   5.4850000e+00   2.4171498e-01
   5.4900000e+00   2.4095453e-01
   5.4950000e+00   2.4020745e-01
   5.5000000e+00   2.3947335e-01
   5.5050000e+00   2.3875188e-01
   5.5100000e+00   2.3804269e-01
   5.5150000e+00   2.3734542e-01
   5.5200000e+00   2.3665978e-01
   5.5250000e+00   2.3598542e-01
   5.5300000e+00   2.3532206e-01
   5.5350000e+00   2.3466940e-01
   5.5400000e+00   2.3402715e-01
   5.5450000e+00   2.3339505e-01
   5.5500000e+00   2.3277283e-01
   5.5550000e+00   2.3216022e-01
   5.5600000e+00   2.3155699e-01
   5.5650000e+00   2.3096290e-01
   5.5700000e+00   2.3037772e-01
   5.5750000e+00   2.2980121e-01
   5.5800000e+00   2.2923317e-01
   5.5850000e+00   2.2867338e-01
   5.5900000e+00   2.2812164e-01
   5.5950000e+00   2.2757775e-01
   5.6000000e+00   2.2704153e-01
   5.6050000e+00   2.2651279e-01
   5.6100000e+00   2.2599134e-01
   5.6150000e+00   2.2547702e-01
   5.6200000e+00   2.2496966e-01
   5.6250000e+00   2.2446909e-01
   5.6300000e+00   2.2397515e-01
   5.6350000e+00   2.2348769e-01
   5.6400000e+00   2.2300657e-01
   5.6450000e+00   2.2253163e-01
   5.6500000e+00   2.2206273e-01
   5.6550000e+00   2.2159974e-01
   5.6600000e+00   2.2114253e-01
   5.6650000e+00   2.2069096e-01
   5.6700000e+00   2.2024491e-01
   5.6750000e+00   2.1980426e-01
   5.6800000e+00   2.1936889e-01
   5.6850000e+00   2.1893869e-01
   5.6900000e+00   2.1851353e-01
   5.6950000e+00   2.1809332e-01
   5.7000000e+00   2.1767795e-01
   5.7050000e+00   2.1726731e-01
   5.7100000e+00   2.1686130e-01
   5.7150000e+00   2.1645983e-01
   5.7200000e+00   2.1606279e-01
   5.7250000e+00   2.1567011e-01
   5.7300000e+00   2.1528168e-01
   5.7350000e+00   2.1489742e-01
   5.7400000e+00   2.1451724e-01
   5.7450000e+00   2.1414107e-01
   5.7500000e+00   2.1376881e-01
   5.7550000e+00   2.1340039e-01
   5.7600000e+00   2.1303573e-01
   5.7650000e+00   2.1267476e-01
   5.7700000e+00   2.1231740e-01
   5.7750000e+00   2.1196359e-01
   5.7800000e+00   2.1161324e-01
   5.7850000e+00   2.1126630e-01
   5.7900000e+00   2.1092270e-01
   5.7950000e+00   2.1058237e-01
   5.8000000e+00   2.1024525e-01
   5.8050000e+00   2.0991127e-01
   5.8100000e+00   2.0958038e-01
   5.8150000e+00   2.0925252e-01
   5.8200000e+00   2.0892763e-01
   5.8250000e+00   2.0860566e-01
   5.8300000e+00   2.0828655e-01
   5.8350000e+00   2.0797024e-01
   5.8400000e+00   2.0765668e-01
   5.8450000e+00   2.0734583e-01
   5.8500000e+00   2.0703764e-01
   5.8550000e+00   2.0673205e-01
   5.8600000e+00   2.0642901e-01
   5.8650000e+00   2.0612849e-01
   5.8700000e+00   2.0583043e-01
   5.8750000e+00   2.0553479e-01
   5.8800000e+00   2.0524153e-01
   5.8850000e+00   2.0495060e-01
   5.8900000e+00   2.0466196e-01
   5.8950000e+00   2.0437558e-01
   5.9000000e+00   2.0409142e-01
   5.9050000e+00   2.0380942e-01
   5.9100000e+00   2.0352956e-01
   5.9150000e+00   2.0325180e-01
   5.9200000e+00   2.0297611e-01
   5.9250000e+00   2.0270244e-01
   5.9300000e+00   2.0243076e-01
   5.9350000e+00   2.0216104e-01
   5.9400000e+00   2.0189324e-01
   5.9450000e+00   2.0162734e-01
   5.9500000e+00   2.0136329e-01
   5.9550000e+00   2.0110108e-01
   5.9600000e+00   2.0084066e-01
   5.9650000e+00   2.0058201e-01
   5.9700000e+00   2.0032510e-01
   5.9750000e+00   2.0006990e-01
   5.9800000e+00   1.9981638e-01
   5.9850000e+00   1.9956451e-01
   5.9900000e+00   1.9931428e-01
   5.9950000e+00   1.9906564e-01
   6.0000000e+00   1.9881857e-01
   6.0050000e+00   1.9857306e-01
   6.0100000e+00   1.9832907e-01
   6.0150000e+00   1.9808657e-01
   6.0200000e+00   1.9784556e-01
   6.0250000e+00   1.9760599e-01
   6.0300000e+00   1.9736786e-01
   6.0350000e+00   1.9713113e-01
   6.0400000e+00   1.9689579e-01
   6.0450000e+00   1.9666181e-01
   6.0500000e+00   1.9642917e-01
   6.0550000e+00   1.9619785e-01
   6.0600000e+00   1.9596783e-01
   6.0650000e+00   1.9573909e-01
   6.0700000e+00   1.9551161e-01
   6.0750000e+00   1.9528538e-01
   6.0800000e+00   1.9506036e-01
   6.0850000e+00   1.9483655e-01
   6.0900000e+00   1.9461393e-01
   6.0950000e+00   1.9439247e-01
   6.1000000e+00   1.9417216e-01
   6.1050000e+00   1.9395299e-01
   6.1100000e+00   1.9373493e-01
   6.1150000e+00   1.9351797e-01
   6.1200000e+00   1.9330210e-01
   6.1250000e+00   1.9308729e-01
   6.1300000e+00   1.9287354e-01
   6.1350000e+00   1.9266082e-01
   6.1400000e+00   1.9244912e-01
   6.1450000e+00   1.9223843e-01
   6.1500000e+00   1.9202873e-01
   6.1550000e+00   1.9182001e-01
   6.1600000e+00   1.9161225e-01
   6.1650000e+00   1.9140544e-01
   6.1700000e+00   1.9119957e-01
   6.1750000e+00   1.9099462e-01
   6.1800000e+00   1.9079058e-01
   6.1850000e+00   1.9058744e-01
   6.1900000e+00   1.9038518e-01
   6.1950000e+00   1.9018380e-01
   6.2000000e+00   1.8998327e-01
   6.2050000e+00   1.8978360e-01
   6.2100000e+00   1.8958476e-01
   6.2150000e+00   1.8938675e-01
   6.2200000e+00   1.8918955e-01
   6.2250000e+00   1.8899315e-01
   6.2300000e+00   1.8879755e-01
   6.2350000e+00   1.8860272e-01
   6.2400000e+00   1.8840867e-01
   6.2450000e+00   1.8821538e-01
   6.2500000e+00   1.8802284e-01
   6.2550000e+00   1.8783103e-01
   6.2600000e+00   1.8763996e-01
   6.2650000e+00   1.8744961e-01
   6.2700000e+00   1.8725997e-01
   6.2750000e+00   1.8707104e-01
   6.2800000e+00   1.8688279e-01
   6.2850000e+00   1.8669523e-01
   6.2900000e+00   1.8650835e-01
   6.2950000e+00   1.8632213e-01
   6.3000000e+00   1.8613657e-01
   6.3050000e+00   1.8595166e-01
   6.3100000e+00   1.8576739e-01
   6.3150000e+00   1.8558375e-01
   6.3200000e+00   1.8540074e-01
   6.3250000e+00   1.8521834e-01
   6.3300000e+00   1.8503655e-01
   6.3350000e+00   1.8485537e-01
   6.3400000e+00   1.8467478e-01
   6.3450000e+00   1.8449478e-01
   6.3500000e+00   1.8431535e-01
   6.3550000e+00   1.8413650e-01
   6.3600000e+00   1.8395822e-01
   6.3650000e+00   1.8378049e-01
   6.3700000e+00   1.8360332e-01
   6.3750000e+00   1.8342669e-01
   6.3800000e+00   1.8325060e-01
   6.3850000e+00   1.8307505e-01
   6.3900000e+00   1.8290001e-01
   6.3950000e+00   1.8272550e-01
   6.4000000e+00   1.8255151e-01
   6.4050000e+00   1.8237802e-01
   6.4100000e+00   1.8220503e-01
   6.4150000e+00   1.8203254e-01
   6.4200000e+00   1.8186054e-01
   6.4250000e+00   1.8168902e-01
   6.4300000e+00   1.8151798e-01
   6.4350000e+00   1.8134742e-01
   6.4400000e+00   1.8117732e-01
   6.4450000e+00   1.8100769e-01
   6.4500000e+00   1.8083852e-01
   6.4550000e+00   1.8066979e-01
   6.4600000e+00   1.8050152e-01
   6.4650000e+00   1.8033369e-01
   6.4700000e+00   1.8016629e-01
   6.4750000e+00   1.7999933e-01
   6.4800000e+00   1.7983280e-01
   6.4850000e+00   1.7966669e-01
   6.4900000e+00   1.7950099e-01
   6.4950000e+00   1.7933572e-01
   6.5000000e+00   1.7917085e-01
   6.5050000e+00   1.7900639e-01
   6.5100000e+00   1.7884233e-01
   6.5150000e+00   1.7867867e-01
   6.5200000e+00   1.7851540e-01
   6.5250000e+00   1.7835252e-01
   6.5300000e+00   1.7819002e-01
   6.5350000e+00   1.7802791e-01
   6.5400000e+00   1.7786617e-01
   6.5450000e+00   1.7770480e-01
   6.5500000e+00   1.7754380e-01
   6.5550000e+00   1.7738317e-01
   6.5600000e+00   1.7722290e-01
   6.5650000e+00   1.7706299e-01
   6.5700000e+00   1.7690344e-01
   6.5750000e+00   1.7674423e-01
   6.5800000e+00   1.7658538e-01
   6.5850000e+00   1.7642686e-01
   6.5900000e+00   1.7626869e-01
   6.5950000e+00   1.7611086e-01
   6.6000000e+00   1.7595336e-01
   6.6050000e+00   1.7579619e-01
   6.6100000e+00   1.7563935e-01
   6.6150000e+00   1.7548283e-01
   6.6200000e+00   1.7532664e-01
   6.6250000e+00   1.7517076e-01
   6.6300000e+00   1.7501520e-01
   6.6350000e+00   1.7485995e-01
   6.6400000e+00   1.7470502e-01
   6.6450000e+00   1.7455039e-01
   6.6500000e+00   1.7439606e-01
   6.6550000e+00   1.7424204e-01
   6.6600000e+00   1.7408832e-01
   6.6650000e+00   1.7393489e-01
   6.6700000e+00   1.7378176e-01
   6.6750000e+00   1.7362891e-01
   6.6800000e+00   1.7347636e-01
   6.6850000e+00   1.7332409e-01
   6.6900000e+00   1.7317211e-01
   6.6950000e+00   1.7302041e-01
   6.7000000e+00   1.7286898e-01
   6.7050000e+00   1.7271784e-01
   6.7100000e+00   1.7256696e-01
   6.7150000e+00   1.7241636e-01
   6.7200000e+00   1.7226603e-01
   6.7250000e+00   1.7211597e-01
   6.7300000e+00   1.7196617e-01
   6.7350000e+00   1.7181663e-01
   6.7400000e+00   1.7166736e-01
   6.7450000e+00   1.7151834e-01
   6.7500000e+00   1.7136958e-01
   6.7550000e+00   1.7122108e-01
   6.7600000e+00   1.7107283e-01
   6.7650000e+00   1.7092483e-01
   6.7700000e+00   1.7077708e-01
   6.7750000e+00   1.7062957e-01
   6.7800000e+00   1.7048231e-01
   6.7850000e+00   1.7033530e-01
   6.7900000e+00   1.7018852e-01
   6.7950000e+00   1.7004199e-01
   6.8000000e+00   1.6989569e-01
   6.8050000e+00   1.6974963e-01
   6.8100000e+00   1.6960381e-01
   6.8150000e+00   1.6945821e-01
   6.8200000e+00   1.6931285e-01
   6.8250000e+00   1.6916772e-01
   6.8300000e+00   1.6902281e-01
   6.8350000e+00   1.6887813e-01
   6.8400000e+00   1.6873368e-01
   6.8450000e+00   1.6858945e-01
   6.8500000e+00   1.6844544e-01
   6.8550000e+00   1.6830165e-01
   6.8600000e+00   1.6815808e-01
   6.8650000e+00   1.6801473e-01
   6.8700000e+00   1.6787159e-01
   6.8750000e+00   1.6772866e-01
   6.8800000e+00   1.6758595e-01
   6.8850000e+00   1.6744346e-01
   6.8900000e+00   1.6730117e-01
   6.8950000e+00   1.6715909e-01
   6.9000000e+00   1.6701722e-01
   6.9050000e+00   1.6687555e-01
   6.9100000e+00   1.6673409e-01
   6.9150000e+00   1.6659283e-01
   6.9200000e+00   1.6645178e-01
   6.9250000e+00   1.6631092e-01
   6.9300000e+00   1.6617027e-01
   6.9350000e+00   1.6602982e-01
   6.9400000e+00   1.6588956e-01
   6.9450000e+00   1.6574950e-01
   6.9500000e+00   1.6560964e-01
   6.9550000e+00   1.6546997e-01
   6.9600000e+00   1.6533049e-01
   6.9650000e+00   1.6519120e-01
   6.9700000e+00   1.6505211e-01
   6.9750000e+00   1.6491321e-01
   6.9800000e+00   1.6477449e-01
   6.9850000e+00   1.6463597e-01
   6.9900000e+00   1.6449763e-01
   6.9950000e+00   1.6435948e-01
   7.0000000e+00   1.6422151e-01
   7.0050000e+00   1.6408372e-01
   7.0100000e+00   1.6394612e-01
   7.0150000e+00   1.6380870e-01
   7.0200000e+00   1.6367147e-01
   7.0250000e+00   1.6353441e-01
   7.0300000e+00   1.6339753e-01
   7.0350000e+00   1.6326083e-01
   7.0400000e+00   1.6312431e-01
   7.0450000e+00   1.6298797e-01
   7.0500000e+00   1.6285180e-01
   7.0550000e+00   1.6271581e-01
   7.0600000e+00   1.6257999e-01
   7.0650000e+00   1.6244435e-01
   7.0700000e+00   1.6230887e-01
   7.0750000e+00   1.6217358e-01
   7.0800000e+00   1.6203845e-01
   7.0850000e+00   1.6190349e-01
   7.0900000e+00   1.6176870e-01
   7.0950000e+00   1.6163408e-01
   7.1000000e+00   1.6149963e-01
   7.1050000e+00   1.6136535e-01
   7.1100000e+00   1.6123123e-01
   7.1150000e+00   1.6109729e-01
   7.1200000e+00   1.6096350e-01
   7.1250000e+00   1.6082988e-01
   7.1300000e+00   1.6069643e-01
   7.1350000e+00   1.6056314e-01
   7.1400000e+00   1.6043001e-01
   7.1450000e+00   1.6029704e-01
   7.1500000e+00   1.6016424e-01
   7.1550000e+00   1.6003160e-01
   7.1600000e+00   1.5989911e-01
   7.1650000e+00   1.5976679e-01
   7.1700000e+00   1.5963463e-01
   7.1750000e+00   1.5950262e-01
   7.1800000e+00   1.5937078e-01
   7.1850000e+00   1.5923909e-01
   7.1900000e+00   1.5910756e-01
   7.1950000e+00   1.5897618e-01
   7.2000000e+00   1.5884496e-01
   7.2050000e+00   1.5871390e-01
   7.2100000e+00   1.5858299e-01
   7.2150000e+00   1.5845224e-01
   7.2200000e+00   1.5832164e-01
   7.2250000e+00   1.5819119e-01
   7.2300000e+00   1.5806090e-01
   7.2350000e+00   1.5793076e-01
   7.2400000e+00   1.5780077e-01
   7.2450000e+00   1.5767093e-01
   7.2500000e+00   1.5754124e-01
   7.2550000e+00   1.5741171e-01
   7.2600000e+00   1.5728232e-01
   7.2650000e+00   1.5715308e-01
   7.2700000e+00   1.5702400e-01
   7.2750000e+00   1.5689506e-01
   7.2800000e+00   1.5676627e-01
   7.2850000e+00   1.5663763e-01
   7.2900000e+00   1.5650913e-01
   7.2950000e+00   1.5638079e-01
   7.3000000e+00   1.5625259e-01
   7.3050000e+00   1.5612453e-01
   7.3100000e+00   1.5599663e-01
   7.3150000e+00   1.5586886e-01
   7.3200000e+00   1.5574125e-01
   7.3250000e+00   1.5561378e-01
   7.3300000e+00   1.5548645e-01
   7.3350000e+00   1.5535927e-01
   7.3400000e+00   1.5523223e-01
   7.3450000e+00   1.5510533e-01
   7.3500000e+00   1.5497858e-01
   7.3550000e+00   1.5485197e-01
   7.3600000e+00   1.5472550e-01
   7.3650000e+00   1.5459918e-01
   7.3700000e+00   1.5447300e-01
   7.3750000e+00   1.5434696e-01
   7.3800000e+00   1.5422106e-01
   7.3850000e+00   1.5409530e-01
   7.3900000e+00   1.5396968e-01
   7.3950000e+00   1.5384420e-01
   7.4000000e+00   1.5371886e-01
   7.4050000e+00   1.5359366e-01
   7.4100000e+00   1.5346861e-01
   7.4150000e+00   1.5334369e-01
   7.4200000e+00   1.5321891e-01
   7.4250000e+00   1.5309426e-01
   7.4300000e+00   1.5296976e-01
   7.4350000e+00   1.5284540e-01
   7.4400000e+00   1.5272117e-01
   7.4450000e+00   1.5259708e-01
   7.4500000e+00   1.5247313e-01
   7.4550000e+00   1.5234931e-01
   7.4600000e+00   1.5222563e-01
   7.4650000e+00   1.5210209e-01
   7.4700000e+00   1.5197869e-01
   7.4750000e+00   1.5185542e-01
   7.4800000e+00   1.5173229e-01
   7.4850000e+00   1.5160929e-01
   7.4900000e+00   1.5148643e-01
   7.4950000e+00   1.5136370e-01
   7.5000000e+00   1.5124111e-01
   7.5050000e+00   1.5111865e-01
   7.5100000e+00   1.5099633e-01
   7.5150000e+00   1.5087414e-01
   7.5200000e+00   1.5075209e-01
   7.5250000e+00   1.5063017e-01
   7.5300000e+00   1.5050838e-01
   7.5350000e+00   1.5038673e-01
   7.5400000e+00   1.5026521e-01
   7.5450000e+00   1.5014383e-01
   7.5500000e+00   1.5002258e-01
   7.5550000e+00   1.4990146e-01
   7.5600000e+00   1.4978047e-01
   7.5650000e+00   1.4965962e-01
   7.5700000e+00   1.4953890e-01
   7.5750000e+00   1.4941831e-01
   7.5800000e+00   1.4929785e-01
   7.5850000e+00   1.4917753e-01
   7.5900000e+00   1.4905733e-01
   7.5950000e+00   1.4893727e-01
   7.6000000e+00   1.4881734e-01
   7.6050000e+00   1.4869754e-01
   7.6100000e+00   1.4857787e-01
   7.6150000e+00   1.4845834e-01
   7.6200000e+00   1.4833893e-01
   7.6250000e+00   1.4821965e-01
   7.6300000e+00   1.4810051e-01
   7.6350000e+00   1.4798149e-01
   7.6400000e+00   1.4786261e-01
   7.6450000e+00   1.4774385e-01
   7.6500000e+00   1.4762523e-01
   7.6550000e+00   1.4750673e-01
   7.6600000e+00   1.4738837e-01
   7.6650000e+00   1.4727013e-01
   7.6700000e+00   1.4715203e-01
   7.6750000e+00   1.4703405e-01
   7.6800000e+00   1.4691620e-01
   7.6850000e+00   1.4679848e-01
   7.6900000e+00   1.4668089e-01
   7.6950000e+00   1.4656343e-01
   7.7000000e+00   1.4644610e-01
   7.7050000e+00   1.4632889e-01
   7.7100000e+00   1.4621182e-01
   7.7150000e+00   1.4609487e-01
   7.7200000e+00   1.4597805e-01
   7.7250000e+00   1.4586136e-01
   7.7300000e+00   1.4574479e-01
   7.7350000e+00   1.4562836e-01
   7.7400000e+00   1.4551205e-01
   7.7450000e+00   1.4539587e-01
   7.7500000e+00   1.4527982e-01
   7.7550000e+00   1.4516389e-01
   7.7600000e+00   1.4504809e-01
   7.7650000e+00   1.4493242e-01
   7.7700000e+00   1.4481688e-01
   7.7750000e+00   1.4470146e-01
   7.7800000e+00   1.4458617e-01
   7.7850000e+00   1.4447101e-01
   7.7900000e+00   1.4435598e-01
   7.7950000e+00   1.4424107e-01
   7.8000000e+00   1.4412628e-01
   7.8050000e+00   1.4401163e-01
   7.8100000e+00   1.4389710e-01
   7.8150000e+00   1.4378270e-01
   7.8200000e+00   1.4366842e-01
   7.8250000e+00   1.4355427e-01
   7.8300000e+00   1.4344024e-01
   7.8350000e+00   1.4332634e-01
   7.8400000e+00   1.4321257e-01
   7.8450000e+00   1.4309892e-01
   7.8500000e+00   1.4298540e-01
   7.8550000e+00   1.4287201e-01
   7.8600000e+00   1.4275874e-01
   7.8650000e+00   1.4264559e-01
   7.8700000e+00   1.4253257e-01
   7.8750000e+00   1.4241968e-01
   7.8800000e+00   1.4230691e-01
   7.8850000e+00   1.4219427e-01
   7.8900000e+00   1.4208175e-01
   7.8950000e+00   1.4196935e-01
   7.9000000e+00   1.4185709e-01
   7.9050000e+00   1.4174494e-01
   7.9100000e+00   1.4163292e-01
   7.9150000e+00   1.4152103e-01
   7.9200000e+00   1.4140926e-01
   7.9250000e+00   1.4129762e-01
   7.9300000e+00   1.4118610e-01
   7.9350000e+00   1.4107470e-01
   7.9400000e+00   1.4096343e-01
   7.9450000e+00   1.4085229e-01
   7.9500000e+00   1.4074126e-01
   7.9550000e+00   1.4063037e-01
   7.9600000e+00   1.4051959e-01
   7.9650000e+00   1.4040894e-01
   7.9700000e+00   1.4029842e-01
   7.9750000e+00   1.4018802e-01
   7.9800000e+00   1.4007774e-01
   7.9850000e+00   1.3996759e-01
   7.9900000e+00   1.3985756e-01
   7.9950000e+00   1.3974765e-01
   8.0000000e+00   1.3963787e-01
   8.0050000e+00   1.3952821e-01
   8.0100000e+00   1.3941867e-01
   8.0150000e+00   1.3930926e-01
   8.0200000e+00   1.3919997e-01
   8.0250000e+00   1.3909081e-01
   8.0300000e+00   1.3898177e-01
   8.0350000e+00   1.3887285e-01
   8.0400000e+00   1.3876406e-01
   8.0450000e+00   1.3865538e-01
   8.0500000e+00   1.3854684e-01
   8.0550000e+00   1.3843841e-01
   8.0600000e+00   1.3833011e-01
   8.0650000e+00   1.3822193e-01
   8.0700000e+00   1.3811387e-01
   8.0750000e+00   1.3800594e-01
   8.0800000e+00   1.3789813e-01
   8.0850000e+00   1.3779044e-01
   8.0900000e+00   1.3768288e-01
   8.0950000e+00   1.3757544e-01
   8.1000000e+00   1.3746812e-01
   8.1050000e+00   1.3736092e-01
   8.1100000e+00   1.3725384e-01
   8.1150000e+00   1.3714689e-01
   8.1200000e+00   1.3704006e-01
   8.1250000e+00   1.3693336e-01
   8.1300000e+00   1.3682677e-01
   8.1350000e+00   1.3672031e-01
   8.1400000e+00   1.3661397e-01
   8.1450000e+00   1.3650775e-01
   8.1500000e+00   1.3640165e-01
   8.1550000e+00   1.3629568e-01
   8.1600000e+00   1.3618983e-01
   8.1650000e+00   1.3608410e-01
   8.1700000e+00   1.3597849e-01
   8.1750000e+00   1.3587300e-01
   8.1800000e+00   1.3576764e-01
   8.1850000e+00   1.3566240e-01
   8.1900000e+00   1.3555728e-01
   8.1950000e+00   1.3545228e-01
   8.2000000e+00   1.3534740e-01
   8.2050000e+00   1.3524264e-01
   8.2100000e+00   1.3513801e-01
   8.2150000e+00   1.3503350e-01
   8.2200000e+00   1.3492911e-01
   8.2250000e+00   1.3482484e-01
   8.2300000e+00   1.3472069e-01
   8.2350000e+00   1.3461666e-01
   8.2400000e+00   1.3451276e-01
   8.2450000e+00   1.3440897e-01
   8.2500000e+00   1.3430531e-01
   8.2550000e+00   1.3420177e-01
   8.2600000e+00   1.3409834e-01
   8.2650000e+00   1.3399504e-01
   8.2700000e+00   1.3389186e-01
   8.2750000e+00   1.3378881e-01
   8.2800000e+00   1.3368587e-01
   8.2850000e+00   1.3358305e-01
   8.2900000e+00   1.3348036e-01
   8.2950000e+00   1.3337778e-01
   8.3000000e+00   1.3327533e-01
   8.3050000e+00   1.3317299e-01
   8.3100000e+00   1.3307078e-01
   8.3150000e+00   1.3296869e-01
   8.3200000e+00   1.3286672e-01
   8.3250000e+00   1.3276487e-01
   8.3300000e+00   1.3266314e-01
   8.3350000e+00   1.3256152e-01
   8.3400000e+00   1.3246003e-01
   8.3450000e+00   1.3235866e-01
   8.3500000e+00   1.3225742e-01
   8.3550000e+00   1.3215629e-01
   8.3600000e+00   1.3205528e-01
   8.3650000e+00   1.3195439e-01
   8.3700000e+00   1.3185362e-01
   8.3750000e+00   1.3175297e-01
   8.3800000e+00   1.3165244e-01
   8.3850000e+00   1.3155203e-01
   8.3900000e+00   1.3145174e-01
   8.3950000e+00   1.3135157e-01
   8.4000000e+00   1.3125152e-01
   8.4050000e+00   1.3115159e-01
   8.4100000e+00   1.3105178e-01
   8.4150000e+00   1.3095209e-01
   8.4200000e+00   1.3085252e-01
   8.4250000e+00   1.3075307e-01
   8.4300000e+00   1.3065374e-01
   8.4350000e+00   1.3055452e-01
   8.4400000e+00   1.3045543e-01
   8.4450000e+00   1.3035646e-01
   8.4500000e+00   1.3025760e-01
   8.4550000e+00   1.3015887e-01
   8.4600000e+00   1.3006025e-01
   8.4650000e+00   1.2996175e-01
   8.4700000e+00   1.2986337e-01
   8.4750000e+00   1.2976511e-01
   8.4800000e+00   1.2966697e-01
   8.4850000e+00   1.2956895e-01
   8.4900000e+00   1.2947105e-01
   8.4950000e+00   1.2937327e-01
   8.5000000e+00   1.2927560e-01
   8.5050000e+00   1.2917806e-01
   8.5100000e+00   1.2908063e-01
   8.5150000e+00   1.2898332e-01
   8.5200000e+00   1.2888613e-01
   8.5250000e+00   1.2878906e-01
   8.5300000e+00   1.2869211e-01
   8.5350000e+00   1.2859527e-01
   8.5400000e+00   1.2849856e-01
   8.5450000e+00   1.2840196e-01
   8.5500000e+00   1.2830548e-01
   8.5550000e+00   1.2820912e-01
   8.5600000e+00   1.2811287e-01
   8.5650000e+00   1.2801675e-01
   8.5700000e+00   1.2792074e-01
   8.5750000e+00   1.2782485e-01
   8.5800000e+00   1.2772908e-01
   8.5850000e+00   1.2763343e-01
   8.5900000e+00   1.2753789e-01
   8.5950000e+00   1.2744247e-01
   8.6000000e+00   1.2734717e-01
   8.6050000e+00   1.2725199e-01
   8.6100000e+00   1.2715693e-01
   8.6150000e+00   1.2706198e-01
   8.6200000e+00   1.2696715e-01
   8.6250000e+00   1.2687244e-01
   8.6300000e+00   1.2677784e-01
   8.6350000e+00   1.2668337e-01
   8.6400000e+00   1.2658901e-01
   8.6450000e+00   1.2649476e-01
   8.6500000e+00   1.2640064e-01
   8.6550000e+00   1.2630663e-01
   8.6600000e+00   1.2621274e-01
   8.6650000e+00   1.2611896e-01
   8.6700000e+00   1.2602530e-01
   8.6750000e+00   1.2593176e-01
   8.6800000e+00   1.2583834e-01
   8.6850000e+00   1.2574503e-01
   8.6900000e+00   1.2565184e-01
   8.6950000e+00   1.2555877e-01
   8.7000000e+00   1.2546581e-01
   8.7050000e+00   1.2537297e-01
   8.7100000e+00   1.2528025e-01
   8.7150000e+00   1.2518764e-01
   8.7200000e+00   1.2509515e-01
   8.7250000e+00   1.2500277e-01
   8.7300000e+00   1.2491051e-01
   8.7350000e+00   1.2481837e-01
   8.7400000e+00   1.2472634e-01
   8.7450000e+00   1.2463443e-01
   8.7500000e+00   1.2454264e-01
   8.7550000e+00   1.2445096e-01
   8.7600000e+00   1.2435940e-01
   8.7650000e+00   1.2426795e-01
   8.7700000e+00   1.2417662e-01
   8.7750000e+00   1.2408540e-01
   8.7800000e+00   1.2399430e-01
   8.7850000e+00   1.2390332e-01
   8.7900000e+00   1.2381245e-01
   8.7950000e+00   1.2372170e-01
   8.8000000e+00   1.2363106e-01
   8.8050000e+00   1.2354054e-01
   8.8100000e+00   1.2345013e-01
   8.8150000e+00   1.2335984e-01
   8.8200000e+00   1.2326966e-01
   8.8250000e+00   1.2317960e-01
   8.8300000e+00   1.2308965e-01
   8.8350000e+00   1.2299982e-01
   8.8400000e+00   1.2291010e-01
   8.8450000e+00   1.2282050e-01
   8.8500000e+00   1.2273101e-01
   8.8550000e+00   1.2264164e-01
   8.8600000e+00   1.2255238e-01
   8.8650000e+00   1.2246324e-01
   8.8700000e+00   1.2237421e-01
   8.8750000e+00   1.2228529e-01
   8.8800000e+00   1.2219649e-01
   8.8850000e+00   1.2210780e-01
   8.8900000e+00   1.2201923e-01
   8.8950000e+00   1.2193077e-01
   8.9000000e+00   1.2184243e-01
   8.9050000e+00   1.2175420e-01
   8.9100000e+00   1.2166608e-01
   8.9150000e+00   1.2157808e-01
   8.9200000e+00   1.2149019e-01
   8.9250000e+00   1.2140241e-01
   8.9300000e+00   1.2131475e-01
   8.9350000e+00   1.2122721e-01
   8.9400000e+00   1.2113977e-01
   8.9450000e+00   1.2105245e-01
   8.9500000e+00   1.2096524e-01
   8.9550000e+00   1.2087815e-01
   8.9600000e+00   1.2079117e-01
   8.9650000e+00   1.2070430e-01
   8.9700000e+00   1.2061754e-01
   8.9750000e+00   1.2053090e-01
   8.9800000e+00   1.2044437e-01
   8.9850000e+00   1.2035796e-01
   8.9900000e+00   1.2027165e-01
   8.9950000e+00   1.2018546e-01
   9.0000000e+00   1.2009938e-01
   9.0050000e+00   1.2001342e-01
   9.0100000e+00   1.1992757e-01
   9.0150000e+00   1.1984183e-01
   9.0200000e+00   1.1975620e-01
   9.0250000e+00   1.1967068e-01
   9.0300000e+00   1.1958528e-01
   9.0350000e+00   1.1949999e-01
   9.0400000e+00   1.1941481e-01
   9.0450000e+00   1.1932974e-01
   9.0500000e+00   1.1924478e-01
   9.0550000e+00   1.1915994e-01
   9.0600000e+00   1.1907521e-01
   9.0650000e+00   1.1899059e-01
   9.0700000e+00   1.1890608e-01
   9.0750000e+00   1.1882168e-01
   9.0800000e+00   1.1873740e-01
   9.0850000e+00   1.1865322e-01
   9.0900000e+00   1.1856916e-01
   9.0950000e+00   1.1848521e-01
   9.1000000e+00   1.1840137e-01
   9.1050000e+00   1.1831764e-01
   9.1100000e+00   1.1823402e-01
   9.1150000e+00   1.1815051e-01
   9.1200000e+00   1.1806711e-01
   9.1250000e+00   1.1798383e-01
   9.1300000e+00   1.1790065e-01
   9.1350000e+00   1.1781758e-01
   9.1400000e+00   1.1773463e-01
   9.1450000e+00   1.1765179e-01
   9.1500000e+00   1.1756905e-01
   9.1550000e+00   1.1748643e-01
   9.1600000e+00   1.1740391e-01
   9.1650000e+00   1.1732151e-01
   9.1700000e+00   1.1723922e-01
   9.1750000e+00   1.1715703e-01
   9.1800000e+00   1.1707496e-01
   9.1850000e+00   1.1699300e-01
   9.1900000e+00   1.1691114e-01
   9.1950000e+00   1.1682940e-01
   9.2000000e+00   1.1674776e-01
   9.2050000e+00   1.1666624e-01
   9.2100000e+00   1.1658482e-01
   9.2150000e+00   1.1650352e-01
   9.2200000e+00   1.1642232e-01
   9.2250000e+00   1.1634123e-01
   9.2300000e+00   1.1626025e-01
   9.2350000e+00   1.1617938e-01
   9.2400000e+00   1.1609862e-01
   9.2450000e+00   1.1601797e-01
   9.2500000e+00   1.1593742e-01
   9.2550000e+00   1.1585699e-01
   9.2600000e+00   1.1577666e-01
   9.2650000e+00   1.1569644e-01
   9.2700000e+00   1.1561633e-01
   9.2750000e+00   1.1553633e-01
   9.2800000e+00   1.1545644e-01
   9.2850000e+00   1.1537665e-01
   9.2900000e+00   1.1529698e-01
   9.2950000e+00   1.1521741e-01
   9.3000000e+00   1.1513795e-01
   9.3050000e+00   1.1505859e-01
   9.3100000e+00   1.1497935e-01
   9.3150000e+00   1.1490021e-01
   9.3200000e+00   1.1482118e-01
   9.3250000e+00   1.1474225e-01
   9.3300000e+00   1.1466344e-01
   9.3350000e+00   1.1458473e-01
   9.3400000e+00   1.1450613e-01
   9.3450000e+00   1.1442763e-01
   9.3500000e+00   1.1434925e-01
   9.3550000e+00   1.1427097e-01
   9.3600000e+00   1.1419279e-01
   9.3650000e+00   1.1411473e-01
   9.3700000e+00   1.1403677e-01
   9.3750000e+00   1.1395891e-01
   9.3800000e+00   1.1388116e-01
   9.3850000e+00   1.1380352e-01
   9.3900000e+00   1.1372599e-01
   9.3950000e+00   1.1364856e-01
   9.4000000e+00   1.1357124e-01
   9.4050000e+00   1.1349402e-01
   9.4100000e+00   1.1341691e-01
   9.4150000e+00   1.1333991e-01
   9.4200000e+00   1.1326301e-01
   9.4250000e+00   1.1318622e-01
   9.4300000e+00   1.1310953e-01
   9.4350000e+00   1.1303295e-01
   9.4400000e+00   1.1295647e-01
   9.4450000e+00   1.1288010e-01
   9.4500000e+00   1.1280383e-01
   9.4550000e+00   1.1272767e-01
   9.4600000e+00   1.1265162e-01
   9.4650000e+00   1.1257567e-01
   9.4700000e+00   1.1249982e-01
   9.4750000e+00   1.1242408e-01
   9.4800000e+00   1.1234844e-01
   9.4850000e+00   1.1227291e-01
   9.4900000e+00   1.1219748e-01
   9.4950000e+00   1.1212216e-01
   9.5000000e+00   1.1204694e-01
   9.5050000e+00   1.1197183e-01
   9.5100000e+00   1.1189682e-01
   9.5150000e+00   1.1182191e-01
   9.5200000e+00   1.1174711e-01
   9.5250000e+00   1.1167241e-01
   9.5300000e+00   1.1159781e-01
   9.5350000e+00   1.1152332e-01
   9.5400000e+00   1.1144894e-01
   9.5450000e+00   1.1137465e-01
   9.5500000e+00   1.1130047e-01
   9.5550000e+00   1.1122639e-01
   9.5600000e+00   1.1115242e-01
   9.5650000e+00   1.1107855e-01
   9.5700000e+00   1.1100478e-01
   9.5750000e+00   1.1093112e-01
   9.5800000e+00   1.1085755e-01
   9.5850000e+00   1.1078409e-01
   9.5900000e+00   1.1071074e-01
   9.5950000e+00   1.1063748e-01
   9.6000000e+00   1.1056433e-01
   9.6050000e+00   1.1049128e-01
   9.6100000e+00   1.1041833e-01
   9.6150000e+00   1.1034549e-01
   9.6200000e+00   1.1027274e-01
   9.6250000e+00   1.1020010e-01
   9.6300000e+00   1.1012756e-01
   9.6350000e+00   1.1005512e-01
   9.6400000e+00   1.0998279e-01
   9.6450000e+00   1.0991055e-01
   9.6500000e+00   1.0983842e-01
   9.6550000e+00   1.0976639e-01
   9.6600000e+00   1.0969446e-01
   9.6650000e+00   1.0962263e-01
   9.6700000e+00   1.0955090e-01
   9.6750000e+00   1.0947927e-01
   9.6800000e+00   1.0940775e-01
   9.6850000e+00   1.0933632e-01
   9.6900000e+00   1.0926500e-01
   9.6950000e+00   1.0919377e-01
   9.7000000e+00   1.0912265e-01
   9.7050000e+00   1.0905163e-01
   9.7100000e+00   1.0898070e-01
   9.7150000e+00   1.0890988e-01
   9.7200000e+00   1.0883916e-01
   9.7250000e+00   1.0876854e-01
   9.7300000e+00   1.0869801e-01
   9.7350000e+00   1.0862759e-01
   9.7400000e+00   1.0855727e-01
   9.7450000e+00   1.0848704e-01
   9.7500000e+00   1.0841692e-01
   9.7550000e+00   1.0834690e-01
   9.7600000e+00   1.0827697e-01
   9.7650000e+00   1.0820715e-01
   9.7700000e+00   1.0813742e-01
   9.7750000e+00   1.0806779e-01
   9.7800000e+00   1.0799826e-01
   9.7850000e+00   1.0792883e-01
   9.7900000e+00   1.0785950e-01
   9.7950000e+00   1.0779027e-01
   9.8000000e+00   1.0772113e-01
   9.8050000e+00   1.0765210e-01
   9.8100000e+00   1.0758316e-01
   9.8150000e+00   1.0751432e-01
   9.8200000e+00   1.0744558e-01
   9.8250000e+00   1.0737694e-01
   9.8300000e+00   1.0730839e-01
   9.8350000e+00   1.0723995e-01
   9.8400000e+00   1.0717160e-01
   9.8450000e+00   1.0710335e-01
   9.8500000e+00   1.0703519e-01
   9.8550000e+00   1.0696713e-01
   9.8600000e+00   1.0689918e-01
   9.8650000e+00   1.0683131e-01
   9.8700000e+00   1.0676355e-01
   9.8750000e+00   1.0669588e-01
   9.8800000e+00   1.0662831e-01
   9.8850000e+00   1.0656084e-01
   9.8900000e+00   1.0649346e-01
   9.8950000e+00   1.0642618e-01
   9.9000000e+00   1.0635899e-01
   9.9050000e+00   1.0629191e-01
   9.9100000e+00   1.0622491e-01
   9.9150000e+00   1.0615802e-01
   9.9200000e+00   1.0609122e-01
   9.9250000e+00   1.0602452e-01
   9.9300000e+00   1.0595791e-01
   9.9350000e+00   1.0589140e-01
   9.9400000e+00   1.0582498e-01
   9.9450000e+00   1.0575866e-01
   9.9500000e+00   1.0569244e-01
   9.9550000e+00   1.0562631e-01
   9.9600000e+00   1.0556028e-01
   9.9650000e+00   1.0549434e-01
   9.9700000e+00   1.0542849e-01
   9.9750000e+00   1.0536274e-01
   9.9800000e+00   1.0529709e-01
   9.9850000e+00   1.0523153e-01
   9.9900000e+00   1.0516607e-01
   9.9950000e+00   1.0510070e-01
   1.0000000e+01   1.0455107e-01
   1.0030000e+01   1.0417871e-01
   1.0060000e+01   1.0380912e-01
   1.0090000e+01   1.0344231e-01
   1.0120000e+01   1.0307828e-01
   1.0150000e+01   1.0271701e-01
   1.0180000e+01   1.0235851e-01
   1.0210000e+01   1.0200277e-01
   1.0240000e+01   1.0164978e-01
   1.0270000e+01   1.0129954e-01
   1.0300000e+01   1.0095204e-01
   1.0330000e+01   1.0060727e-01
   1.0360000e+01   1.0026524e-01
   1.0390000e+01   9.9925914e-02
   1.0420000e+01   9.9589303e-02
   1.0450000e+01   9.9255391e-02
   1.0480000e+01   9.8924171e-02
   1.0510000e+01   9.8595632e-02
   1.0540000e+01   9.8269763e-02
   1.0570000e+01   9.7946555e-02
   1.0600000e+01   9.7625996e-02
   1.0630000e+01   9.7308075e-02
   1.0660000e+01   9.6992781e-02
   1.0690000e+01   9.6680100e-02
   1.0720000e+01   9.6370023e-02
   1.0750000e+01   9.6062534e-02
   1.0780000e+01   9.5757623e-02
   1.0810000e+01   9.5455276e-02
   1.0840000e+01   9.5155480e-02
   1.0870000e+01   9.4858222e-02
   1.0900000e+01   9.4563487e-02
   1.0930000e+01   9.4271261e-02
   1.0960000e+01   9.3981532e-02
   1.0990000e+01   9.3694284e-02
   1.1020000e+01   9.3409503e-02
   1.1050000e+01   9.3127175e-02
   1.1080000e+01   9.2847284e-02
   1.1110000e+01   9.2569817e-02
   1.1140000e+01   9.2294757e-02
   1.1170000e+01   9.2022091e-02
   1.1200000e+01   9.1751802e-02
   1.1230000e+01   9.1483875e-02
   1.1260000e+01   9.1218295e-02
   1.1290000e+01   9.0955047e-02
   1.1320000e+01   9.0694115e-02
   1.1350000e+01   9.0435482e-02
   1.1380000e+01   9.0179135e-02
   1.1410000e+01   8.9925055e-02
   1.1440000e+01   8.9673229e-02
   1.1470000e+01   8.9423640e-02
   1.1500000e+01   8.9176272e-02
   1.1530000e+01   8.8931109e-02
   1.1560000e+01   8.8688135e-02
   1.1590000e+01   8.8447334e-02
   1.1620000e+01   8.8208690e-02
   1.1650000e+01   8.7972188e-02
   1.1680000e+01   8.7737811e-02
   1.1710000e+01   8.7505542e-02
   1.1740000e+01   8.7275368e-02
   1.1770000e+01   8.7047270e-02
   1.1800000e+01   8.6821233e-02
   1.1830000e+01   8.6597242e-02
   1.1860000e+01   8.6375280e-02
   1.1890000e+01   8.6155331e-02
   1.1920000e+01   8.5937379e-02
   1.1950000e+01   8.5721410e-02
   1.1980000e+01   8.5507406e-02
   1.2010000e+01   8.5295352e-02
   1.2040000e+01   8.5085232e-02
   1.2070000e+01   8.4877031e-02
   1.2100000e+01   8.4670734e-02
   1.2130000e+01   8.4466323e-02
   1.2160000e+01   8.4263785e-02
   1.2190000e+01   8.4063103e-02
   1.2220000e+01   8.3864262e-02
   1.2250000e+01   8.3667246e-02
   1.2280000e+01   8.3472041e-02
   1.2310000e+01   8.3278632e-02
   1.2340000e+01   8.3087002e-02
   1.2370000e+01   8.2897138e-02
   1.2400000e+01   8.2709023e-02
   1.2430000e+01   8.2522644e-02
   1.2460000e+01   8.2337985e-02
   1.2490000e+01   8.2155031e-02
   1.2520000e+01   8.1973768e-02
   1.2550000e+01   8.1794181e-02
   1.2580000e+01   8.1616256e-02
   1.2610000e+01   8.1439979e-02
   1.2640000e+01   8.1265334e-02
   1.2670000e+01   8.1092307e-02
   1.2700000e+01   8.0920886e-02
   1.2730000e+01   8.0751054e-02
   1.2760000e+01   8.0582799e-02
   1.2790000e+01   8.0416106e-02
   1.2820000e+01   8.0250961e-02
   1.2850000e+01   8.0087351e-02
   1.2880000e+01   7.9925263e-02
   1.2910000e+01   7.9764682e-02
   1.2940000e+01   7.9605595e-02
   1.2970000e+01   7.9447988e-02
   1.3000000e+01   7.9291849e-02
   1.3030000e+01   7.9137165e-02
   1.3060000e+01   7.8983921e-02
   1.3090000e+01   7.8832105e-02
   1.3120000e+01   7.8681705e-02
   1.3150000e+01   7.8532707e-02
   1.3180000e+01   7.8385098e-02
   1.3210000e+01   7.8238867e-02
   1.3240000e+01   7.8094000e-02
   1.3270000e+01   7.7950485e-02
   1.3300000e+01   7.7808310e-02
   1.3330000e+01   7.7667462e-02
   1.3360000e+01   7.7527929e-02
   1.3390000e+01   7.7389700e-02
   1.3420000e+01   7.7252761e-02
   1.3450000e+01   7.7117102e-02
   1.3480000e+01   7.6982711e-02
   1.3510000e+01   7.6849575e-02
   1.3540000e+01   7.6717684e-02
   1.3570000e+01   7.6587025e-02
   1.3600000e+01   7.6457588e-02
   1.3630000e+01   7.6329361e-02
   1.3660000e+01   7.6202333e-02
   1.3690000e+01   7.6076492e-02
   1.3720000e+01   7.5951828e-02
   1.3750000e+01   7.5828330e-02
   1.3780000e+01   7.5705986e-02
   1.3810000e+01   7.5584787e-02
   1.3840000e+01   7.5464721e-02
   1.3870000e+01   7.5345778e-02
   1.3900000e+01   7.5227947e-02
   1.3930000e+01   7.5111218e-02
   1.3960000e+01   7.4995581e-02
   1.3990000e+01   7.4881025e-02
   1.4020000e+01   7.4767541e-02
   1.4050000e+01   7.4655118e-02
   1.4080000e+01   7.4543746e-02
   1.4110000e+01   7.4433415e-02
   1.4140000e+01   7.4324116e-02
   1.4170000e+01   7.4215839e-02
   1.4200000e+01   7.4108575e-02
   1.4230000e+01   7.4002313e-02
   1.4260000e+01   7.3897044e-02
   1.4290000e+01   7.3792760e-02
   1.4320000e+01   7.3689450e-02
   1.4350000e+01   7.3587106e-02
   1.4380000e+01   7.3485718e-02
   1.4410000e+01   7.3385277e-02
   1.4440000e+01   7.3285775e-02
   1.4470000e+01   7.3187203e-02
   1.4500000e+01   7.3089551e-02
   1.4530000e+01   7.2992811e-02
   1.4560000e+01   7.2896975e-02
   1.4590000e+01   7.2802034e-02
   1.4620000e+01   7.2707979e-02
   1.4650000e+01   7.2614803e-02
   1.4680000e+01   7.2522496e-02
   1.4710000e+01   7.2431050e-02
   1.4740000e+01   7.2340458e-02
   1.4770000e+01   7.2250711e-02
   1.4800000e+01   7.2161802e-02
   1.4830000e+01   7.2073721e-02
   1.4860000e+01   7.1986462e-02
   1.4890000e+01   7.1900017e-02
   1.4920000e+01   7.1814378e-02
   1.4950000e+01   7.1729537e-02
   1.4980000e+01   7.1645487e-02
   1.5010000e+01   7.1562220e-02
   1.5040000e+01   7.1479728e-02
   1.5070000e+01   7.1398006e-02
   1.5100000e+01   7.1317044e-02
   1.5130000e+01   7.1236836e-02
   1.5160000e+01   7.1157375e-02
   1.5190000e+01   7.1078653e-02
   1.5220000e+01   7.1000665e-02
   1.5250000e+01   7.0923401e-02
   1.5280000e+01   7.0846857e-02
   1.5310000e+01   7.0771024e-02
   1.5340000e+01   7.0695897e-02
   1.5370000e+01   7.0621468e-02
   1.5400000e+01   7.0547731e-02
   1.5430000e+01   7.0474680e-02
   1.5460000e+01   7.0402307e-02
   1.5490000e+01   7.0330606e-02
   1.5520000e+01   7.0259571e-02
   1.5550000e+01   7.0189196e-02
   1.5580000e+01   7.0119474e-02
   1.5610000e+01   7.0050400e-02
   1.5640000e+01   6.9981966e-02
   1.5670000e+01   6.9914167e-02
   1.5700000e+01   6.9846997e-02
   1.5730000e+01   6.9780450e-02
   1.5760000e+01   6.9714520e-02
   1.5790000e+01   6.9649201e-02
   1.5820000e+01   6.9584488e-02
   1.5850000e+01   6.9520374e-02
   1.5880000e+01   6.9456854e-02
   1.5910000e+01   6.9393922e-02
   1.5940000e+01   6.9331573e-02
   1.5970000e+01   6.9269800e-02
   1.6000000e+01   6.9208600e-02
   1.6030000e+01   6.9147966e-02
   1.6060000e+01   6.9087892e-02
   1.6090000e+01   6.9028375e-02
   1.6120000e+01   6.8969407e-02
   1.6150000e+01   6.8910984e-02
   1.6180000e+01   6.8853102e-02
   1.6210000e+01   6.8795754e-02
   1.6240000e+01   6.8738936e-02
   1.6270000e+01   6.8682642e-02
   1.6300000e+01   6.8626869e-02
   1.6330000e+01   6.8571610e-02
   1.6360000e+01   6.8516861e-02
   1.6390000e+01   6.8462617e-02
   1.6420000e+01   6.8408873e-02
   1.6450000e+01   6.8355625e-02
   1.6480000e+01   6.8302868e-02
   1.6510000e+01   6.8250596e-02
   1.6540000e+01   6.8198807e-02
   1.6570000e+01   6.8147495e-02
   1.6600000e+01   6.8096655e-02
   1.6630000e+01   6.8046283e-02
   1.6660000e+01   6.7996375e-02
   1.6690000e+01   6.7946926e-02
   1.6720000e+01   6.7897933e-02
   1.6750000e+01   6.7849389e-02
   1.6780000e+01   6.7801293e-02
   1.6810000e+01   6.7753638e-02
   1.6840000e+01   6.7706421e-02
   1.6870000e+01   6.7659639e-02
   1.6900000e+01   6.7613285e-02
   1.6930000e+01   6.7567358e-02
   1.6960000e+01   6.7521853e-02
   1.6990000e+01   6.7476765e-02
   1.7020000e+01   6.7432091e-02
   1.7050000e+01   6.7387826e-02
   1.7080000e+01   6.7343968e-02
   1.7110000e+01   6.7300512e-02
   1.7140000e+01   6.7257454e-02
   1.7170000e+01   6.7214791e-02
   1.7200000e+01   6.7172519e-02
   1.7230000e+01   6.7130635e-02
   1.7260000e+01   6.7089133e-02
   1.7290000e+01   6.7048012e-02
   1.7320000e+01   6.7007267e-02
   1.7350000e+01   6.6966895e-02
   1.7380000e+01   6.6926893e-02
   1.7410000e+01   6.6887256e-02
   1.7440000e+01   6.6847982e-02
   1.7470000e+01   6.6809067e-02
   1.7500000e+01   6.6770508e-02
   1.7530000e+01   6.6732301e-02
   1.7560000e+01   6.6694443e-02
   1.7590000e+01   6.6656931e-02
   1.7620000e+01   6.6619761e-02
   1.7650000e+01   6.6582931e-02
   1.7680000e+01   6.6546436e-02
   1.7710000e+01   6.6510275e-02
   1.7740000e+01   6.6474444e-02
   1.7770000e+01   6.6438939e-02
   1.7800000e+01   6.6403758e-02
   1.7830000e+01   6.6368898e-02
   1.7860000e+01   6.6334356e-02
   1.7890000e+01   6.6300128e-02
   1.7920000e+01   6.6266212e-02
   1.7950000e+01   6.6232605e-02
   1.7980000e+01   6.6199303e-02
   1.8010000e+01   6.6166305e-02
   1.8040000e+01   6.6133607e-02
   1.8070000e+01   6.6101207e-02
   1.8100000e+01   6.6069101e-02
   1.8130000e+01   6.6037287e-02
   1.8160000e+01   6.6005763e-02
   1.8190000e+01   6.5974525e-02
   1.8220000e+01   6.5943571e-02
   1.8250000e+01   6.5912898e-02
   1.8280000e+01   6.5882503e-02
   1.8310000e+01   6.5852385e-02
   1.8340000e+01   6.5822539e-02
   1.8370000e+01   6.5792965e-02
   1.8400000e+01   6.5763659e-02
   1.8430000e+01   6.5734619e-02
   1.8460000e+01   6.5705842e-02
   1.8490000e+01   6.5677327e-02
   1.8520000e+01   6.5649069e-02
   1.8550000e+01   6.5621068e-02
   1.8580000e+01   6.5593320e-02
   1.8610000e+01   6.5565824e-02
   1.8640000e+01   6.5538577e-02
   1.8670000e+01   6.5511576e-02
   1.8700000e+01   6.5484820e-02
   1.8730000e+01   6.5458306e-02
   1.8760000e+01   6.5432032e-02
   1.8790000e+01   6.5405996e-02
   1.8820000e+01   6.5380195e-02
   1.8850000e+01   6.5354627e-02
   1.8880000e+01   6.5329290e-02
   1.8910000e+01   6.5304183e-02
   1.8940000e+01   6.5279302e-02
   1.8970000e+01   6.5254646e-02
   1.9000000e+01   6.5230212e-02
   1.9030000e+01   6.5206000e-02
   1.9060000e+01   6.5182005e-02
   1.9090000e+01   6.5158228e-02
   1.9120000e+01   6.5134664e-02
   1.9150000e+01   6.5111314e-02
   1.9180000e+01   6.5088174e-02
   1.9210000e+01   6.5065242e-02
   1.9240000e+01   6.5042518e-02
   1.9270000e+01   6.5019998e-02
   1.9300000e+01   6.4997681e-02
   1.9330000e+01   6.4975565e-02
   1.9360000e+01   6.4953648e-02
   1.9390000e+01   6.4931929e-02
   1.9420000e+01   6.4910405e-02
   1.9450000e+01   6.4889075e-02
   1.9480000e+01   6.4867937e-02
   1.9510000e+01   6.4846989e-02
   1.9540000e+01   6.4826229e-02
   1.9570000e+01   6.4805656e-02
   1.9600000e+01   6.4785268e-02
   1.9630000e+01   6.4765064e-02
   1.9660000e+01   6.4745041e-02
   1.9690000e+01   6.4725197e-02
   1.9720000e+01   6.4705532e-02
   1.9750000e+01   6.4686044e-02
   1.9780000e+01   6.4666731e-02
   1.9810000e+01   6.4647591e-02
   1.9840000e+01   6.4628623e-02
   1.9870000e+01   6.4609825e-02
   1.9900000e+01   6.4591196e-02
   1.9930000e+01   6.4572733e-02
   1.9960000e+01   6.4554437e-02
   1.9990000e+01   6.4536304e-02
   2.0020000e+01   6.4518334e-02
   2.0050000e+01   6.4500525e-02
   2.0080000e+01   6.4482876e-02
   2.0110000e+01   6.4465385e-02
   2.0140000e+01   6.4448050e-02
   2.0170000e+01   6.4430871e-02
   2.0200000e+01   6.4413845e-02
   2.0230000e+01   6.4396972e-02
   2.0260000e+01   6.4380250e-02
   2.0290000e+01   6.4363678e-02
   2.0320000e+01   6.4347254e-02
   2.0350000e+01   6.4330976e-02
   2.0380000e+01   6.4314845e-02
   2.0410000e+01   6.4298857e-02
   2.0440000e+01   6.4283013e-02
   2.0470000e+01   6.4267310e-02
   2.0500000e+01   6.4251747e-02
   2.0530000e+01   6.4236323e-02
   2.0560000e+01   6.4221038e-02
   2.0590000e+01   6.4205888e-02
   2.0620000e+01   6.4190874e-02
   2.0650000e+01   6.4175994e-02
   2.0680000e+01   6.4161247e-02
   2.0710000e+01   6.4146632e-02
   2.0740000e+01   6.4132146e-02
   2.0770000e+01   6.4117790e-02
   2.0800000e+01   6.4103563e-02
   2.0830000e+01   6.4089462e-02
   2.0860000e+01   6.4075486e-02
   2.0890000e+01   6.4061635e-02
   2.0920000e+01   6.4047908e-02
   2.0950000e+01   6.4034303e-02
   2.0980000e+01   6.4020819e-02
   2.1010000e+01   6.4007456e-02
   2.1040000e+01   6.3994211e-02
   2.1070000e+01   6.3981084e-02
   2.1100000e+01   6.3968074e-02
   2.1130000e+01   6.3955180e-02
   2.1160000e+01   6.3942401e-02
   2.1190000e+01   6.3929736e-02
   2.1220000e+01   6.3917183e-02
   2.1250000e+01   6.3904741e-02
   2.1280000e+01   6.3892411e-02
   2.1310000e+01   6.3880190e-02
   2.1340000e+01   6.3868077e-02
   2.1370000e+01   6.3856073e-02
   2.1400000e+01   6.3844175e-02
   2.1430000e+01   6.3832383e-02
   2.1460000e+01   6.3820695e-02
   2.1490000e+01   6.3809111e-02
   2.1520000e+01   6.3797631e-02
   2.1550000e+01   6.3786252e-02
   2.1580000e+01   6.3774974e-02
   2.1610000e+01   6.3763796e-02
   2.1640000e+01   6.3752718e-02
   2.1670000e+01   6.3741737e-02
   2.1700000e+01   6.3730854e-02
   2.1730000e+01   6.3720068e-02
   2.1760000e+01   6.3709378e-02
   2.1790000e+01   6.3698782e-02
   2.1820000e+01   6.3688280e-02
   2.1850000e+01   6.3677871e-02
   2.1880000e+01   6.3667555e-02
   2.1910000e+01   6.3657330e-02
   2.1940000e+01   6.3647195e-02
   2.1970000e+01   6.3637150e-02
   2.2000000e+01   6.3627195e-02
   2.2030000e+01   6.3617327e-02
   2.2060000e+01   6.3607547e-02
   2.2090000e+01   6.3597853e-02
   2.2120000e+01   6.3588246e-02
   2.2150000e+01   6.3578723e-02
   2.2180000e+01   6.3569284e-02
   2.2210000e+01   6.3559929e-02
   2.2240000e+01   6.3550657e-02
   2.2270000e+01   6.3541467e-02
   2.2300000e+01   6.3532358e-02
   2.2330000e+01   6.3523330e-02
   2.2360000e+01   6.3514381e-02
   2.2390000e+01   6.3505512e-02
   2.2420000e+01   6.3496721e-02
   2.2450000e+01   6.3488007e-02
   2.2480000e+01   6.3479371e-02
   2.2510000e+01   6.3470811e-02
   2.2540000e+01   6.3462327e-02
   2.2570000e+01   6.3453917e-02
   2.2600000e+01   6.3445582e-02
   2.2630000e+01   6.3437320e-02
   2.2660000e+01   6.3429132e-02
   2.2690000e+01   6.3421015e-02
   2.2720000e+01   6.3412970e-02
   2.2750000e+01   6.3404997e-02
   2.2780000e+01   6.3397093e-02
   2.2810000e+01   6.3389259e-02
   2.2840000e+01   6.3381495e-02
   2.2870000e+01   6.3373799e-02
   2.2900000e+01   6.3366170e-02
   2.2930000e+01   6.3358609e-02
   2.2960000e+01   6.3351115e-02
   2.2990000e+01   6.3343687e-02
   2.3020000e+01   6.3336324e-02
   2.3050000e+01   6.3329026e-02
   2.3080000e+01   6.3321793e-02
   2.3110000e+01   6.3314623e-02
   2.3140000e+01   6.3307516e-02
   2.3170000e+01   6.3300472e-02
   2.3200000e+01   6.3293490e-02
   2.3230000e+01   6.3286569e-02
   2.3260000e+01   6.3279709e-02
   2.3290000e+01   6.3272910e-02
   2.3320000e+01   6.3266171e-02
   2.3350000e+01   6.3259490e-02
   2.3380000e+01   6.3252869e-02
   2.3410000e+01   6.3246306e-02
   2.3440000e+01   6.3239801e-02
   2.3470000e+01   6.3233353e-02
   2.3500000e+01   6.3226961e-02
   2.3530000e+01   6.3220626e-02
   2.3560000e+01   6.3214346e-02
   2.3590000e+01   6.3208122e-02
   2.3620000e+01   6.3201953e-02
   2.3650000e+01   6.3195837e-02
   2.3680000e+01   6.3189776e-02
   2.3710000e+01   6.3183767e-02
   2.3740000e+01   6.3177812e-02
   2.3770000e+01   6.3171908e-02
   2.3800000e+01   6.3166057e-02
   2.3830000e+01   6.3160257e-02
   2.3860000e+01   6.3154508e-02
   2.3890000e+01   6.3148810e-02
   2.3920000e+01   6.3143161e-02
   2.3950000e+01   6.3137562e-02
   2.3980000e+01   6.3132012e-02
   2.4010000e+01   6.3126511e-02
   2.4040000e+01   6.3121058e-02
   2.4070000e+01   6.3115654e-02
   2.4100000e+01   6.3110296e-02
   2.4130000e+01   6.3104986e-02
   2.4160000e+01   6.3099722e-02
   2.4190000e+01   6.3094504e-02
   2.4220000e+01   6.3089332e-02
   2.4250000e+01   6.3084205e-02
   2.4280000e+01   6.3079123e-02
   2.4310000e+01   6.3074086e-02
   2.4340000e+01   6.3069093e-02
   2.4370000e+01   6.3064144e-02
   2.4400000e+01   6.3059238e-02
   2.4430000e+01   6.3054375e-02
   2.4460000e+01   6.3049555e-02
   2.4490000e+01   6.3044777e-02
   2.4520000e+01   6.3040041e-02
   2.4550000e+01   6.3035346e-02
   2.4580000e+01   6.3030693e-02
   2.4610000e+01   6.3026080e-02
   2.4640000e+01   6.3021508e-02
   2.4670000e+01   6.3016975e-02
   2.4700000e+01   6.3012483e-02
   2.4730000e+01   6.3008029e-02
   2.4760000e+01   6.3003615e-02
   2.4790000e+01   6.2999239e-02
   2.4820000e+01   6.2994902e-02
   2.4850000e+01   6.2990602e-02
   2.4880000e+01   6.2986340e-02
   2.4910000e+01   6.2982116e-02
   2.4940000e+01   6.2977928e-02
   2.4970000e+01   6.2973777e-02
   2.5000000e+01   6.2969663e-02
   2.5030000e+01   6.2965584e-02
   2.5060000e+01   6.2961541e-02
   2.5090000e+01   6.2957533e-02
   2.5120000e+01   6.2953561e-02
   2.5150000e+01   6.2949623e-02
   2.5180000e+01   6.2945719e-02
   2.5210000e+01   6.2941850e-02
   2.5240000e+01   6.2938014e-02
   2.5270000e+01   6.2934212e-02
   2.5300000e+01   6.2930443e-02
   2.5330000e+01   6.2926707e-02
   2.5360000e+01   6.2923004e-02
   2.5390000e+01   6.2919333e-02
   2.5420000e+01   6.2915694e-02
   2.5450000e+01   6.2912087e-02
   2.5480000e+01   6.2908512e-02
   2.5510000e+01   6.2904968e-02
   2.5540000e+01   6.2901454e-02
   2.5570000e+01   6.2897971e-02
   2.5600000e+01   6.2894519e-02
   2.5630000e+01   6.2891097e-02
   2.5660000e+01   6.2887705e-02
   2.5690000e+01   6.2884342e-02
   2.5720000e+01   6.2881009e-02
   2.5750000e+01   6.2877704e-02
   2.5780000e+01   6.2874429e-02
   2.5810000e+01   6.2871182e-02
   2.5840000e+01   6.2867963e-02
   2.5870000e+01   6.2864773e-02
   2.5900000e+01   6.2861610e-02
   2.5930000e+01   6.2858475e-02
   2.5960000e+01   6.2855368e-02
   2.5990000e+01   6.2852287e-02
   2.6020000e+01   6.2849233e-02
   2.6050000e+01   6.2846206e-02
   2.6080000e+01   6.2843205e-02
   2.6110000e+01   6.2840231e-02
   2.6140000e+01   6.2837282e-02
   2.6170000e+01   6.2834359e-02
   2.6200000e+01   6.2831462e-02
   2.6230000e+01   6.2828590e-02
   2.6260000e+01   6.2825742e-02
   2.6290000e+01   6.2822920e-02
   2.6320000e+01   6.2820122e-02
   2.6350000e+01   6.2817349e-02
   2.6380000e+01   6.2814599e-02
   2.6410000e+01   6.2811874e-02
   2.6440000e+01   6.2809173e-02
   2.6470000e+01   6.2806494e-02
   2.6500000e+01   6.2803840e-02
   2.6530000e+01   6.2801208e-02
   2.6560000e+01   6.2798599e-02
   2.6590000e+01   6.2796013e-02
   2.6620000e+01   6.2793450e-02
   2.6650000e+01   6.2790909e-02
   2.6680000e+01   6.2788390e-02
   2.6710000e+01   6.2785893e-02
   2.6740000e+01   6.2783417e-02
   2.6770000e+01   6.2780963e-02
   2.6800000e+01   6.2778531e-02
   2.6830000e+01   6.2776120e-02
   2.6860000e+01   6.2773729e-02
   2.6890000e+01   6.2771360e-02
   2.6920000e+01   6.2769011e-02
   2.6950000e+01   6.2766682e-02
   2.6980000e+01   6.2764374e-02
   2.7010000e+01   6.2762086e-02
   2.7040000e+01   6.2759818e-02
   2.7070000e+01   6.2757569e-02
   2.7100000e+01   6.2755340e-02
   2.7130000e+01   6.2753130e-02
   2.7160000e+01   6.2750940e-02
   2.7190000e+01   6.2748769e-02
   2.7220000e+01   6.2746616e-02
   2.7250000e+01   6.2744482e-02
   2.7280000e+01   6.2742367e-02
   2.7310000e+01   6.2740270e-02
   2.7340000e+01   6.2738192e-02
   2.7370000e+01   6.2736131e-02
   2.7400000e+01   6.2734088e-02
   2.7430000e+01   6.2732064e-02
   2.7460000e+01   6.2730056e-02
   2.7490000e+01   6.2728066e-02
   2.7520000e+01   6.2726094e-02
   2.7550000e+01   6.2724138e-02
   2.7580000e+01   6.2722200e-02
   2.7610000e+01   6.2720278e-02
   2.7640000e+01   6.2718373e-02
   2.7670000e+01   6.2716485e-02
   2.7700000e+01   6.2714613e-02
   2.7730000e+01   6.2712757e-02
   2.7760000e+01   6.2710918e-02
   2.7790000e+01   6.2709094e-02
   2.7820000e+01   6.2707286e-02
   2.7850000e+01   6.2705494e-02
   2.7880000e+01   6.2703718e-02
   2.7910000e+01   6.2701956e-02
   2.7940000e+01   6.2700211e-02
   2.7970000e+01   6.2698480e-02
   2.8000000e+01   6.2696764e-02
   2.8030000e+01   6.2695063e-02
   2.8060000e+01   6.2693377e-02
   2.8090000e+01   6.2691706e-02
   2.8120000e+01   6.2690049e-02
   2.8150000e+01   6.2688407e-02
   2.8180000e+01   6.2686778e-02
   2.8210000e+01   6.2685164e-02
   2.8240000e+01   6.2683564e-02
   2.8270000e+01   6.2681978e-02
   2.8300000e+01   6.2680405e-02
   2.8330000e+01   6.2678847e-02
   2.8360000e+01   6.2677301e-02
   2.8390000e+01   6.2675769e-02
   2.8420000e+01   6.2674251e-02
   2.8450000e+01   6.2672745e-02
   2.8480000e+01   6.2671253e-02
   2.8510000e+01   6.2669773e-02
   2.8540000e+01   6.2668307e-02
   2.8570000e+01   6.2666853e-02
   2.8600000e+01   6.2665411e-02
   2.8630000e+01   6.2663983e-02
   2.8660000e+01   6.2662566e-02
   2.8690000e+01   6.2661162e-02
   2.8720000e+01   6.2659770e-02
   2.8750000e+01   6.2658390e-02
   2.8780000e+01   6.2657022e-02
   2.8810000e+01   6.2655666e-02
   2.8840000e+01   6.2654322e-02
   2.8870000e+01   6.2652989e-02
   2.8900000e+01   6.2651668e-02
   2.8930000e+01   6.2650358e-02
   2.8960000e+01   6.2649060e-02
   2.8990000e+01   6.2647773e-02
   2.9020000e+01   6.2646497e-02
   2.9050000e+01   6.2645232e-02
   2.9080000e+01   6.2643978e-02
   2.9110000e+01   6.2642735e-02
   2.9140000e+01   6.2641502e-02
   2.9170000e+01   6.2640281e-02
   2.9200000e+01   6.2639070e-02
   2.9230000e+01   6.2637869e-02
   2.9260000e+01   6.2636679e-02
   2.9290000e+01   6.2635499e-02
   2.9320000e+01   6.2634329e-02
   2.9350000e+01   6.2633170e-02
   2.9380000e+01   6.2632020e-02
   2.9410000e+01   6.2630881e-02
   2.9440000e+01   6.2629751e-02
   2.9470000e+01   6.2628631e-02
   2.9500000e+01   6.2627521e-02
   2.9530000e+01   6.2626420e-02
   2.9560000e+01   6.2625329e-02
   2.9590000e+01   6.2624248e-02
   2.9620000e+01   6.2623175e-02
   2.9650000e+01   6.2622113e-02
   2.9680000e+01   6.2621059e-02
   2.9710000e+01   6.2620014e-02
   2.9740000e+01   6.2618978e-02
   2.9770000e+01   6.2617952e-02
   2.9800000e+01   6.2616934e-02
   2.9830000e+01   6.2615925e-02
   2.9860000e+01   6.2614925e-02
   2.9890000e+01   6.2613933e-02
   2.9920000e+01   6.2612950e-02
   2.9950000e+01   6.2611976e-02
   2.9980000e+01   6.2611010e-02
   3.0010000e+01   6.2610052e-02
   3.0040000e+01   6.2609103e-02
   3.0070000e+01   6.2608161e-02
   3.0100000e+01   6.2607228e-02
   3.0130000e+01   6.2606303e-02
   3.0160000e+01   6.2605386e-02
   3.0190000e+01   6.2604477e-02
   3.0220000e+01   6.2603576e-02
   3.0250000e+01   6.2602683e-02
   3.0280000e+01   6.2601797e-02
   3.0310000e+01   6.2600919e-02
   3.0340000e+01   6.2600049e-02
   3.0370000e+01   6.2599186e-02
   3.0400000e+01   6.2598330e-02
   3.0430000e+01   6.2597482e-02
   3.0460000e+01   6.2596642e-02
   3.0490000e+01   6.2595808e-02
   3.0520000e+01   6.2594982e-02
   3.0550000e+01   6.2594163e-02
   3.0580000e+01   6.2593351e-02
   3.0610000e+01   6.2592546e-02
   3.0640000e+01   6.2591748e-02
   3.0670000e+01   6.2590957e-02
   3.0700000e+01   6.2590172e-02
   3.0730000e+01   6.2589395e-02
   3.0760000e+01   6.2588624e-02
   3.0790000e+01   6.2587860e-02
   3.0820000e+01   6.2587102e-02
   3.0850000e+01   6.2586351e-02
   3.0880000e+01   6.2585607e-02
   3.0910000e+01   6.2584869e-02
   3.0940000e+01   6.2584137e-02
   3.0970000e+01   6.2583412e-02
   3.1000000e+01   6.2582693e-02
   3.1030000e+01   6.2581980e-02
   3.1060000e+01   6.2581273e-02
   3.1090000e+01   6.2580573e-02
   3.1120000e+01   6.2579878e-02
   3.1150000e+01   6.2579189e-02
   3.1180000e+01   6.2578507e-02
   3.1210000e+01   6.2577830e-02
   3.1240000e+01   6.2577159e-02
   3.1270000e+01   6.2576494e-02
   3.1300000e+01   6.2575835e-02
   3.1330000e+01   6.2575181e-02
   3.1360000e+01   6.2574533e-02
   3.1390000e+01   6.2573891e-02
   3.1420000e+01   6.2573254e-02
   3.1450000e+01   6.2572623e-02
   3.1480000e+01   6.2571997e-02
   3.1510000e+01   6.2571376e-02
   3.1540000e+01   6.2570761e-02
   3.1570000e+01   6.2570151e-02
   3.1600000e+01   6.2569547e-02
   3.1630000e+01   6.2568947e-02
   3.1660000e+01   6.2568353e-02
   3.1690000e+01   6.2567764e-02
   3.1720000e+01   6.2567180e-02
   3.1750000e+01   6.2566601e-02
   3.1780000e+01   6.2566027e-02
   3.1810000e+01   6.2565459e-02
   3.1840000e+01   6.2564895e-02
   3.1870000e+01   6.2564335e-02
   3.1900000e+01   6.2563781e-02
   3.1930000e+01   6.2563231e-02
   3.1960000e+01   6.2562687e-02
   3.1990000e+01   6.2562147e-02
   3.2020000e+01   6.2561611e-02
   3.2050000e+01   6.2561080e-02
   3.2080000e+01   6.2560554e-02
   3.2110000e+01   6.2560032e-02
   3.2140000e+01   6.2559515e-02
   3.2170000e+01   6.2559002e-02
   3.2200000e+01   6.2558494e-02
   3.2230000e+01   6.2557990e-02
   3.2260000e+01   6.2557491e-02
   3.2290000e+01   6.2556995e-02
   3.2320000e+01   6.2556504e-02
   3.2350000e+01   6.2556018e-02
   3.2380000e+01   6.2555535e-02
   3.2410000e+01   6.2555057e-02
   3.2440000e+01   6.2554583e-02
   3.2470000e+01   6.2554112e-02
   3.2500000e+01   6.2553646e-02
   3.2530000e+01   6.2553184e-02
   3.2560000e+01   6.2552726e-02
   3.2590000e+01   6.2552272e-02
   3.2620000e+01   6.2551822e-02
   3.2650000e+01   6.2551375e-02
   3.2680000e+01   6.2550933e-02
   3.2710000e+01   6.2550494e-02
   3.2740000e+01   6.2550059e-02
   3.2770000e+01   6.2549628e-02
   3.2800000e+01   6.2549201e-02
   3.2830000e+01   6.2548777e-02
   3.2860000e+01   6.2548357e-02
   3.2890000e+01   6.2547940e-02
   3.2920000e+01   6.2547528e-02
   3.2950000e+01   6.2547118e-02
   3.2980000e+01   6.2546713e-02
   3.3010000e+01   6.2546310e-02
   3.3040000e+01   6.2545911e-02
   3.3070000e+01   6.2545516e-02
   3.3100000e+01   6.2545124e-02
   3.3130000e+01   6.2544736e-02
   3.3160000e+01   6.2544350e-02
   3.3190000e+01   6.2543968e-02
   3.3220000e+01   6.2543590e-02
   3.3250000e+01   6.2543215e-02
   3.3280000e+01   6.2542842e-02
   3.3310000e+01   6.2542474e-02
   3.3340000e+01   6.2542108e-02
   3.3370000e+01   6.2541745e-02
   3.3400000e+01   6.2541386e-02
   3.3430000e+01   6.2541029e-02
   3.3460000e+01   6.2540676e-02
   3.3490000e+01   6.2540326e-02
   3.3520000e+01   6.2539979e-02
   3.3550000e+01   6.2539635e-02
   3.3580000e+01   6.2539293e-02
   3.3610000e+01   6.2538955e-02
   3.3640000e+01   6.2538620e-02
   3.3670000e+01   6.2538287e-02
   3.3700000e+01   6.2537958e-02
   3.3730000e+01   6.2537631e-02
   3.3760000e+01   6.2537307e-02
   3.3790000e+01   6.2536986e-02
   3.3820000e+01   6.2536667e-02
   3.3850000e+01   6.2536352e-02
   3.3880000e+01   6.2536039e-02
   3.3910000e+01   6.2535728e-02
   3.3940000e+01   6.2535421e-02
   3.3970000e+01   6.2535116e-02
   3.4000000e+01   6.2534814e-02
   3.4030000e+01   6.2534514e-02
   3.4060000e+01   6.2534217e-02
   3.4090000e+01   6.2533922e-02
   3.4120000e+01   6.2533630e-02
   3.4150000e+01   6.2533341e-02
   3.4180000e+01   6.2533054e-02
   3.4210000e+01   6.2532769e-02
   3.4240000e+01   6.2532487e-02
   3.4270000e+01   6.2532208e-02
   3.4300000e+01   6.2531930e-02
   3.4330000e+01   6.2531656e-02
   3.4360000e+01   6.2531383e-02
   3.4390000e+01   6.2531113e-02
   3.4420000e+01   6.2530845e-02
   3.4450000e+01   6.2530580e-02
   3.4480000e+01   6.2530317e-02
   3.4510000e+01   6.2530056e-02
   3.4540000e+01   6.2529797e-02
   3.4570000e+01   6.2529541e-02
   3.4600000e+01   6.2529286e-02
   3.4630000e+01   6.2529034e-02
   3.4660000e+01   6.2528784e-02
   3.4690000e+01   6.2528537e-02
   3.4720000e+01   6.2528291e-02
   3.4750000e+01   6.2528048e-02
   3.4780000e+01   6.2527806e-02
   3.4810000e+01   6.2527567e-02
   3.4840000e+01   6.2527330e-02
   3.4870000e+01   6.2527094e-02
   3.4900000e+01   6.2526861e-02
   3.4930000e+01   6.2526630e-02
   3.4960000e+01   6.2526401e-02
   3.4990000e+01   6.2526174e-02
   3.5020000e+01   6.2525949e-02
   3.5050000e+01   6.2525725e-02
   3.5080000e+01   6.2525504e-02
   3.5110000e+01   6.2525284e-02
   3.5140000e+01   6.2525067e-02
   3.5170000e+01   6.2524851e-02
   3.5200000e+01   6.2524637e-02
   3.5230000e+01   6.2524425e-02
   3.5260000e+01   6.2524215e-02
   3.5290000e+01   6.2524007e-02
   3.5320000e+01   6.2523800e-02
   3.5350000e+01   6.2523595e-02
   3.5380000e+01   6.2523392e-02
   3.5410000e+01   6.2523191e-02
   3.5440000e+01   6.2522992e-02
   3.5470000e+01   6.2522794e-02
   3.5500000e+01   6.2522598e-02
   3.5530000e+01   6.2522403e-02
   3.5560000e+01   6.2522210e-02
   3.5590000e+01   6.2522019e-02
   3.5620000e+01   6.2521830e-02
   3.5650000e+01   6.2521642e-02
   3.5680000e+01   6.2521456e-02
   3.5710000e+01   6.2521271e-02
   3.5740000e+01   6.2521088e-02
   3.5770000e+01   6.2520907e-02
   3.5800000e+01   6.2520727e-02
   3.5830000e+01   6.2520549e-02
   3.5860000e+01   6.2520372e-02
   3.5890000e+01   6.2520197e-02
   3.5920000e+01   6.2520023e-02
   3.5950000e+01   6.2519851e-02
   3.5980000e+01   6.2519680e-02
   3.6010000e+01   6.2519510e-02
   3.6040000e+01   6.2519343e-02
   3.6070000e+01   6.2519176e-02
   3.6100000e+01   6.2519011e-02
   3.6130000e+01   6.2518848e-02
   3.6160000e+01   6.2518686e-02
   3.6190000e+01   6.2518525e-02
   3.6220000e+01   6.2518365e-02
   3.6250000e+01   6.2518207e-02
   3.6280000e+01   6.2518051e-02
   3.6310000e+01   6.2517895e-02
   3.6340000e+01   6.2517742e-02
   3.6370000e+01   6.2517589e-02
   3.6400000e+01   6.2517438e-02
   3.6430000e+01   6.2517288e-02
   3.6460000e+01   6.2517139e-02
   3.6490000e+01   6.2516991e-02
   3.6520000e+01   6.2516845e-02
   3.6550000e+01   6.2516700e-02
   3.6580000e+01   6.2516557e-02
   3.6610000e+01   6.2516414e-02
   3.6640000e+01   6.2516273e-02
   3.6670000e+01   6.2516133e-02
   3.6700000e+01   6.2515994e-02
   3.6730000e+01   6.2515857e-02
   3.6760000e+01   6.2515720e-02
   3.6790000e+01   6.2515585e-02
   3.6820000e+01   6.2515451e-02
   3.6850000e+01   6.2515318e-02
   3.6880000e+01   6.2515186e-02
   3.6910000e+01   6.2515056e-02
   3.6940000e+01   6.2514926e-02
   3.6970000e+01   6.2514798e-02
   3.7000000e+01   6.2514671e-02
   3.7030000e+01   6.2514544e-02
   3.7060000e+01   6.2514419e-02
   3.7090000e+01   6.2514295e-02
   3.7120000e+01   6.2514172e-02
   3.7150000e+01   6.2514051e-02
   3.7180000e+01   6.2513930e-02
   3.7210000e+01   6.2513810e-02
   3.7240000e+01   6.2513691e-02
   3.7270000e+01   6.2513573e-02
   3.7300000e+01   6.2513457e-02
   3.7330000e+01   6.2513341e-02
   3.7360000e+01   6.2513226e-02
   3.7390000e+01   6.2513112e-02
   3.7420000e+01   6.2513000e-02
   3.7450000e+01   6.2512888e-02
   3.7480000e+01   6.2512777e-02
   3.7510000e+01   6.2512667e-02
   3.7540000e+01   6.2512558e-02
   3.7570000e+01   6.2512450e-02
   3.7600000e+01   6.2512343e-02
   3.7630000e+01   6.2512237e-02
   3.7660000e+01   6.2512132e-02
   3.7690000e+01   6.2512027e-02
   3.7720000e+01   6.2511924e-02
   3.7750000e+01   6.2511821e-02
   3.7780000e+01   6.2511720e-02
   3.7810000e+01   6.2511619e-02
   3.7840000e+01   6.2511519e-02
   3.7870000e+01   6.2511420e-02
   3.7900000e+01   6.2511322e-02
   3.7930000e+01   6.2511224e-02
   3.7960000e+01   6.2511128e-02
   3.7990000e+01   6.2511032e-02
   3.8020000e+01   6.2510937e-02
   3.8050000e+01   6.2510843e-02
   3.8080000e+01   6.2510750e-02
   3.8110000e+01   6.2510657e-02
   3.8140000e+01   6.2510566e-02
   3.8170000e+01   6.2510475e-02
   3.8200000e+01   6.2510385e-02
   3.8230000e+01   6.2510296e-02
   3.8260000e+01   6.2510207e-02
   3.8290000e+01   6.2510119e-02
   3.8320000e+01   6.2510032e-02
   3.8350000e+01   6.2509946e-02
   3.8380000e+01   6.2509860e-02
   3.8410000e+01   6.2509776e-02
   3.8440000e+01   6.2509692e-02
   3.8470000e+01   6.2509608e-02
   3.8500000e+01   6.2509526e-02
   3.8530000e+01   6.2509444e-02
   3.8560000e+01   6.2509362e-02
   3.8590000e+01   6.2509282e-02
   3.8620000e+01   6.2509202e-02
   3.8650000e+01   6.2509123e-02
   3.8680000e+01   6.2509045e-02
   3.8710000e+01   6.2508967e-02
   3.8740000e+01   6.2508890e-02
   3.8770000e+01   6.2508813e-02
   3.8800000e+01   6.2508737e-02
   3.8830000e+01   6.2508662e-02
   3.8860000e+01   6.2508588e-02
   3.8890000e+01   6.2508514e-02
   3.8920000e+01   6.2508441e-02
   3.8950000e+01   6.2508368e-02
   3.8980000e+01   6.2508296e-02
   3.9010000e+01   6.2508225e-02
   3.9040000e+01   6.2508154e-02
   3.9070000e+01   6.2508084e-02
   3.9100000e+01   6.2508015e-02
   3.9130000e+01   6.2507946e-02
   3.9160000e+01   6.2507877e-02
   3.9190000e+01   6.2507810e-02
   3.9220000e+01   6.2507742e-02
   3.9250000e+01   6.2507676e-02
   3.9280000e+01   6.2507610e-02
   3.9310000e+01   6.2507544e-02
   3.9340000e+01   6.2507480e-02
   3.9370000e+01   6.2507415e-02
   3.9400000e+01   6.2507352e-02
   3.9430000e+01   6.2507288e-02
   3.9460000e+01   6.2507226e-02
   3.9490000e+01   6.2507164e-02
   3.9520000e+01   6.2507102e-02
   3.9550000e+01   6.2507041e-02
   3.9580000e+01   6.2506980e-02
   3.9610000e+01   6.2506920e-02
   3.9640000e+01   6.2506861e-02
   3.9670000e+01   6.2506802e-02
   3.9700000e+01   6.2506743e-02
   3.9730000e+01   6.2506685e-02
   3.9760000e+01   6.2506628e-02
   3.9790000e+01   6.2506571e-02
   3.9820000e+01   6.2506514e-02
   3.9850000e+01   6.2506458e-02
   3.9880000e+01   6.2506403e-02
   3.9910000e+01   6.2506348e-02
   3.9940000e+01   6.2506293e-02
   3.9970000e+01   6.2506239e-02
   4.0000000e+01   6.2506186e-02
