      2.	0
   2.66666666666	0
   2.66666666666	1
   5.0000000e+00             1
   5.0050000e+00   9.7068634e-01
   5.0100000e+00   9.4335344e-01
   5.0150000e+00   9.1780845e-01
   5.0200000e+00   8.9388272e-01
   5.0250000e+00   8.7142819e-01
   5.0300000e+00   8.5031427e-01
   5.0350000e+00   8.3042539e-01
   5.0400000e+00   8.1165888e-01
   5.0450000e+00   7.9392322e-01
   5.0500000e+00   7.7713658e-01
   5.0550000e+00   7.6122554e-01
   5.0600000e+00   7.4612406e-01
   5.0650000e+00   7.3177260e-01
   5.0700000e+00   7.1811727e-01
   5.0750000e+00   7.0510924e-01
   5.0800000e+00   6.9270414e-01
   5.0850000e+00   6.8086154e-01
   5.0900000e+00   6.6954456e-01
   5.0950000e+00   6.5871946e-01
   5.1000000e+00   6.4835532e-01
   5.1050000e+00   6.3842377e-01
   5.1100000e+00   6.2889871e-01
   5.1150000e+00   6.1975607e-01
   5.1200000e+00   6.1097368e-01
   5.1250000e+00   6.0253102e-01
   5.1300000e+00   5.9440911e-01
   5.1350000e+00   5.8659035e-01
   5.1400000e+00   5.7905840e-01
   5.1450000e+00   5.7179807e-01
   5.1500000e+00   5.6479522e-01
   5.1550000e+00   5.5803668e-01
   5.1600000e+00   5.5151016e-01
   5.1650000e+00   5.4520417e-01
   5.1700000e+00   5.3910797e-01
   5.1750000e+00   5.3321151e-01
   5.1800000e+00   5.2750535e-01
   5.1850000e+00   5.2198066e-01
   5.1900000e+00   5.1662912e-01
   5.1950000e+00   5.1144293e-01
   5.2000000e+00   5.0641474e-01
   5.2050000e+00   5.0153763e-01
   5.2100000e+00   4.9680507e-01
   5.2150000e+00   4.9221091e-01
   5.2200000e+00   4.8774935e-01
   5.2250000e+00   4.8341487e-01
   5.2300000e+00   4.7920230e-01
   5.2350000e+00   4.7510672e-01
   5.2400000e+00   4.7112346e-01
   5.2450000e+00   4.6724812e-01
   5.2500000e+00   4.6347651e-01
   5.2550000e+00   4.5980464e-01
   5.2600000e+00   4.5622876e-01
   5.2650000e+00   4.5274527e-01
   5.2700000e+00   4.4935075e-01
   5.2750000e+00   4.4604197e-01
   5.2800000e+00   4.4281582e-01
   5.2850000e+00   4.3966937e-01
   5.2900000e+00   4.3659981e-01
   5.2950000e+00   4.3360445e-01
   5.3000000e+00   4.3068073e-01
   5.3050000e+00   4.2782623e-01
   5.3100000e+00   4.2503861e-01
   5.3150000e+00   4.2231563e-01
   5.3200000e+00   4.1965516e-01
   5.3250000e+00   4.1705517e-01
   5.3300000e+00   4.1451370e-01
   5.3350000e+00   4.1202888e-01
   5.3400000e+00   4.0959892e-01
   5.3450000e+00   4.0722211e-01
   5.3500000e+00   4.0489678e-01
   5.3550000e+00   4.0262137e-01
   5.3600000e+00   4.0039435e-01
   5.3650000e+00   3.9821428e-01
   5.3700000e+00   3.9607974e-01
   5.3750000e+00   3.9398940e-01
   5.3800000e+00   3.9194196e-01
   5.3850000e+00   3.8993618e-01
   5.3900000e+00   3.8797085e-01
   5.3950000e+00   3.8604484e-01
   5.4000000e+00   3.8415704e-01
   5.4050000e+00   3.8230636e-01
   5.4100000e+00   3.8049180e-01
   5.4150000e+00   3.7871234e-01
   5.4200000e+00   3.7696705e-01
   5.4250000e+00   3.7525499e-01
   5.4300000e+00   3.7357528e-01
   5.4350000e+00   3.7192706e-01
   5.4400000e+00   3.7030949e-01
   5.4450000e+00   3.6872179e-01
   5.4500000e+00   3.6716318e-01
   5.4550000e+00   3.6563291e-01
   5.4600000e+00   3.6413026e-01
   5.4650000e+00   3.6265453e-01
   5.4700000e+00   3.6120504e-01
   5.4750000e+00   3.5978115e-01
   5.4800000e+00   3.5838223e-01
   5.4850000e+00   3.5700766e-01
   5.4900000e+00   3.5565684e-01
   5.4950000e+00   3.5432922e-01
   5.5000000e+00   3.5302423e-01
   5.5050000e+00   3.5174133e-01
   5.5100000e+00   3.5048001e-01
   5.5150000e+00   3.4923976e-01
   5.5200000e+00   3.4802009e-01
   5.5250000e+00   3.4682052e-01
   5.5300000e+00   3.4564060e-01
   5.5350000e+00   3.4447988e-01
   5.5400000e+00   3.4333792e-01
   5.5450000e+00   3.4221431e-01
   5.5500000e+00   3.4110863e-01
   5.5550000e+00   3.4002049e-01
   5.5600000e+00   3.3894951e-01
   5.5650000e+00   3.3789531e-01
   5.5700000e+00   3.3685752e-01
   5.5750000e+00   3.3583580e-01
   5.5800000e+00   3.3482980e-01
   5.5850000e+00   3.3383918e-01
   5.5900000e+00   3.3286363e-01
   5.5950000e+00   3.3190282e-01
   5.6000000e+00   3.3095645e-01
   5.6050000e+00   3.3002421e-01
   5.6100000e+00   3.2910583e-01
   5.6150000e+00   3.2820101e-01
   5.6200000e+00   3.2730949e-01
   5.6250000e+00   3.2643098e-01
   5.6300000e+00   3.2556524e-01
   5.6350000e+00   3.2471200e-01
   5.6400000e+00   3.2387102e-01
   5.6450000e+00   3.2304206e-01
   5.6500000e+00   3.2222488e-01
   5.6550000e+00   3.2141925e-01
   5.6600000e+00   3.2062495e-01
   5.6650000e+00   3.1984176e-01
   5.6700000e+00   3.1906947e-01
   5.6750000e+00   3.1830787e-01
   5.6800000e+00   3.1755676e-01
   5.6850000e+00   3.1681594e-01
   5.6900000e+00   3.1608522e-01
   5.6950000e+00   3.1536441e-01
   5.7000000e+00   3.1465333e-01
   5.7050000e+00   3.1395180e-01
   5.7100000e+00   3.1325964e-01
   5.7150000e+00   3.1257669e-01
   5.7200000e+00   3.1190277e-01
   5.7250000e+00   3.1123773e-01
   5.7300000e+00   3.1058141e-01
   5.7350000e+00   3.0993365e-01
   5.7400000e+00   3.0929430e-01
   5.7450000e+00   3.0866320e-01
   5.7500000e+00   3.0804023e-01
   5.7550000e+00   3.0742523e-01
   5.7600000e+00   3.0681807e-01
   5.7650000e+00   3.0621861e-01
   5.7700000e+00   3.0562672e-01
   5.7750000e+00   3.0504227e-01
   5.7800000e+00   3.0446514e-01
   5.7850000e+00   3.0389519e-01
   5.7900000e+00   3.0333232e-01
   5.7950000e+00   3.0277640e-01
   5.8000000e+00   3.0222731e-01
   5.8050000e+00   3.0168494e-01
   5.8100000e+00   3.0114918e-01
   5.8150000e+00   3.0061993e-01
   5.8200000e+00   3.0009707e-01
   5.8250000e+00   2.9958051e-01
   5.8300000e+00   2.9907013e-01
   5.8350000e+00   2.9856585e-01
   5.8400000e+00   2.9806756e-01
   5.8450000e+00   2.9757517e-01
   5.8500000e+00   2.9708858e-01
   5.8550000e+00   2.9660770e-01
   5.8600000e+00   2.9613244e-01
   5.8650000e+00   2.9566272e-01
   5.8700000e+00   2.9519845e-01
   5.8750000e+00   2.9473954e-01
   5.8800000e+00   2.9428591e-01
   5.8850000e+00   2.9383747e-01
   5.8900000e+00   2.9339416e-01
   5.8950000e+00   2.9295589e-01
   5.9000000e+00   2.9252258e-01
   5.9050000e+00   2.9209416e-01
   5.9100000e+00   2.9167056e-01
   5.9150000e+00   2.9125169e-01
   5.9200000e+00   2.9083751e-01
   5.9250000e+00   2.9042792e-01
   5.9300000e+00   2.9002287e-01
   5.9350000e+00   2.8962229e-01
   5.9400000e+00   2.8922611e-01
   5.9450000e+00   2.8883427e-01
   5.9500000e+00   2.8844670e-01
   5.9550000e+00   2.8806335e-01
   5.9600000e+00   2.8768415e-01
   5.9650000e+00   2.8730904e-01
   5.9700000e+00   2.8693796e-01
   5.9750000e+00   2.8657086e-01
   5.9800000e+00   2.8620768e-01
   5.9850000e+00   2.8584836e-01
   5.9900000e+00   2.8549285e-01
   5.9950000e+00   2.8514110e-01
   6.0000000e+00   2.8479305e-01
   6.0050000e+00   2.8444865e-01
   6.0100000e+00   2.8410786e-01
   6.0150000e+00   2.8377061e-01
   6.0200000e+00   2.8343687e-01
   6.0250000e+00   2.8310658e-01
   6.0300000e+00   2.8277970e-01
   6.0350000e+00   2.8245617e-01
   6.0400000e+00   2.8213597e-01
   6.0450000e+00   2.8181903e-01
   6.0500000e+00   2.8150532e-01
   6.0550000e+00   2.8119479e-01
   6.0600000e+00   2.8088740e-01
   6.0650000e+00   2.8058310e-01
   6.0700000e+00   2.8028187e-01
   6.0750000e+00   2.7998365e-01
   6.0800000e+00   2.7968841e-01
   6.0850000e+00   2.7939610e-01
   6.0900000e+00   2.7910670e-01
   6.0950000e+00   2.7882016e-01
   6.1000000e+00   2.7853643e-01
   6.1050000e+00   2.7825550e-01
   6.1100000e+00   2.7797732e-01
   6.1150000e+00   2.7770185e-01
   6.1200000e+00   2.7742907e-01
   6.1250000e+00   2.7715893e-01
   6.1300000e+00   2.7689141e-01
   6.1350000e+00   2.7662646e-01
   6.1400000e+00   2.7636407e-01
   6.1450000e+00   2.7610418e-01
   6.1500000e+00   2.7584678e-01
   6.1550000e+00   2.7559184e-01
   6.1600000e+00   2.7533931e-01
   6.1650000e+00   2.7508918e-01
   6.1700000e+00   2.7484141e-01
   6.1750000e+00   2.7459597e-01
   6.1800000e+00   2.7435284e-01
   6.1850000e+00   2.7411198e-01
   6.1900000e+00   2.7387337e-01
   6.1950000e+00   2.7363698e-01
   6.2000000e+00   2.7340278e-01
   6.2050000e+00   2.7317075e-01
   6.2100000e+00   2.7294086e-01
   6.2150000e+00   2.7271308e-01
   6.2200000e+00   2.7248740e-01
   6.2250000e+00   2.7226378e-01
   6.2300000e+00   2.7204219e-01
   6.2350000e+00   2.7182263e-01
   6.2400000e+00   2.7160505e-01
   6.2450000e+00   2.7138945e-01
   6.2500000e+00   2.7117578e-01
   6.2550000e+00   2.7096404e-01
   6.2600000e+00   2.7075420e-01
   6.2650000e+00   2.7054623e-01
   6.2700000e+00   2.7034012e-01
   6.2750000e+00   2.7013585e-01
   6.2800000e+00   2.6993338e-01
   6.2850000e+00   2.6973271e-01
   6.2900000e+00   2.6953380e-01
   6.2950000e+00   2.6933665e-01
   6.3000000e+00   2.6914123e-01
   6.3050000e+00   2.6894752e-01
   6.3100000e+00   2.6875550e-01
   6.3150000e+00   2.6856515e-01
   6.3200000e+00   2.6837645e-01
   6.3250000e+00   2.6818939e-01
   6.3300000e+00   2.6800394e-01
   6.3350000e+00   2.6782009e-01
   6.3400000e+00   2.6763782e-01
   6.3450000e+00   2.6745711e-01
   6.3500000e+00   2.6727795e-01
   6.3550000e+00   2.6710031e-01
   6.3600000e+00   2.6692419e-01
   6.3650000e+00   2.6674955e-01
   6.3700000e+00   2.6657640e-01
   6.3750000e+00   2.6640470e-01
   6.3800000e+00   2.6623445e-01
   6.3850000e+00   2.6606563e-01
   6.3900000e+00   2.6589823e-01
   6.3950000e+00   2.6573222e-01
   6.4000000e+00   2.6556759e-01
   6.4050000e+00   2.6540433e-01
   6.4100000e+00   2.6524243e-01
   6.4150000e+00   2.6508186e-01
   6.4200000e+00   2.6492262e-01
   6.4250000e+00   2.6476469e-01
   6.4300000e+00   2.6460806e-01
   6.4350000e+00   2.6445270e-01
   6.4400000e+00   2.6429862e-01
   6.4450000e+00   2.6414579e-01
   6.4500000e+00   2.6399420e-01
   6.4550000e+00   2.6384384e-01
   6.4600000e+00   2.6369470e-01
   6.4650000e+00   2.6354676e-01
   6.4700000e+00   2.6340001e-01
   6.4750000e+00   2.6325444e-01
   6.4800000e+00   2.6311003e-01
   6.4850000e+00   2.6296678e-01
   6.4900000e+00   2.6282466e-01
   6.4950000e+00   2.6268368e-01
   6.5000000e+00   2.6254382e-01
   6.5050000e+00   2.6240506e-01
   6.5100000e+00   2.6226740e-01
   6.5150000e+00   2.6213082e-01
   6.5200000e+00   2.6199532e-01
   6.5250000e+00   2.6186087e-01
   6.5300000e+00   2.6172748e-01
   6.5350000e+00   2.6159513e-01
   6.5400000e+00   2.6146381e-01
   6.5450000e+00   2.6133350e-01
   6.5500000e+00   2.6120421e-01
   6.5550000e+00   2.6107592e-01
   6.5600000e+00   2.6094861e-01
   6.5650000e+00   2.6082228e-01
   6.5700000e+00   2.6069692e-01
   6.5750000e+00   2.6057253e-01
   6.5800000e+00   2.6044908e-01
   6.5850000e+00   2.6032657e-01
   6.5900000e+00   2.6020499e-01
   6.5950000e+00   2.6008434e-01
   6.6000000e+00   2.5996459e-01
   6.6050000e+00   2.5984575e-01
   6.6100000e+00   2.5972781e-01
   6.6150000e+00   2.5961075e-01
   6.6200000e+00   2.5949457e-01
   6.6250000e+00   2.5937926e-01
   6.6300000e+00   2.5926481e-01
   6.6350000e+00   2.5915121e-01
   6.6400000e+00   2.5903846e-01
   6.6450000e+00   2.5892654e-01
   6.6500000e+00   2.5881544e-01
   6.6550000e+00   2.5870517e-01
   6.6600000e+00   2.5859571e-01
   6.6650000e+00   2.5848705e-01
   6.6700000e+00   2.5837919e-01
   6.6750000e+00   2.5827212e-01
   6.6800000e+00   2.5816583e-01
   6.6850000e+00   2.5806031e-01
   6.6900000e+00   2.5795555e-01
   6.6950000e+00   2.5785156e-01
   6.7000000e+00   2.5774832e-01
   6.7050000e+00   2.5764582e-01
   6.7100000e+00   2.5754406e-01
   6.7150000e+00   2.5744303e-01
   6.7200000e+00   2.5734272e-01
   6.7250000e+00   2.5724313e-01
   6.7300000e+00   2.5714425e-01
   6.7350000e+00   2.5704608e-01
   6.7400000e+00   2.5694860e-01
   6.7450000e+00   2.5685181e-01
   6.7500000e+00   2.5675570e-01
   6.7550000e+00   2.5666028e-01
   6.7600000e+00   2.5656552e-01
   6.7650000e+00   2.5647143e-01
   6.7700000e+00   2.5637800e-01
   6.7750000e+00   2.5628522e-01
   6.7800000e+00   2.5619308e-01
   6.7850000e+00   2.5610159e-01
   6.7900000e+00   2.5601074e-01
   6.7950000e+00   2.5592051e-01
   6.8000000e+00   2.5583090e-01
   6.8050000e+00   2.5574192e-01
   6.8100000e+00   2.5565354e-01
   6.8150000e+00   2.5556578e-01
   6.8200000e+00   2.5547861e-01
   6.8250000e+00   2.5539204e-01
   6.8300000e+00   2.5530606e-01
   6.8350000e+00   2.5522066e-01
   6.8400000e+00   2.5513585e-01
   6.8450000e+00   2.5505160e-01
   6.8500000e+00   2.5496793e-01
   6.8550000e+00   2.5488482e-01
   6.8600000e+00   2.5480227e-01
   6.8650000e+00   2.5472028e-01
   6.8700000e+00   2.5463883e-01
   6.8750000e+00   2.5455793e-01
   6.8800000e+00   2.5447756e-01
   6.8850000e+00   2.5439774e-01
   6.8900000e+00   2.5431844e-01
   6.8950000e+00   2.5423966e-01
   6.9000000e+00   2.5416141e-01
   6.9050000e+00   2.5408367e-01
   6.9100000e+00   2.5400645e-01
   6.9150000e+00   2.5392973e-01
   6.9200000e+00   2.5385351e-01
   6.9250000e+00   2.5377779e-01
   6.9300000e+00   2.5370257e-01
   6.9350000e+00   2.5362783e-01
   6.9400000e+00   2.5355358e-01
   6.9450000e+00   2.5347981e-01
   6.9500000e+00   2.5340652e-01
   6.9550000e+00   2.5333369e-01
   6.9600000e+00   2.5326134e-01
   6.9650000e+00   2.5318945e-01
   6.9700000e+00   2.5311802e-01
   6.9750000e+00   2.5304705e-01
   6.9800000e+00   2.5297653e-01
   6.9850000e+00   2.5290646e-01
   6.9900000e+00   2.5283683e-01
   6.9950000e+00   2.5276765e-01
   7.0000000e+00   2.5269890e-01
   7.0050000e+00   2.5263058e-01
   7.0100000e+00   2.5256270e-01
   7.0150000e+00   2.5249523e-01
   7.0200000e+00   2.5242820e-01
   7.0250000e+00   2.5236158e-01
   7.0300000e+00   2.5229537e-01
   7.0350000e+00   2.5222958e-01
   7.0400000e+00   2.5216419e-01
   7.0450000e+00   2.5209921e-01
   7.0500000e+00   2.5203463e-01
   7.0550000e+00   2.5197045e-01
   7.0600000e+00   2.5190666e-01
   7.0650000e+00   2.5184326e-01
   7.0700000e+00   2.5178025e-01
   7.0750000e+00   2.5171763e-01
   7.0800000e+00   2.5165538e-01
   7.0850000e+00   2.5159352e-01
   7.0900000e+00   2.5153203e-01
   7.0950000e+00   2.5147091e-01
   7.1000000e+00   2.5141016e-01
   7.1050000e+00   2.5134977e-01
   7.1100000e+00   2.5128975e-01
   7.1150000e+00   2.5123008e-01
   7.1200000e+00   2.5117078e-01
   7.1250000e+00   2.5111182e-01
   7.1300000e+00   2.5105322e-01
   7.1350000e+00   2.5099496e-01
   7.1400000e+00   2.5093705e-01
   7.1450000e+00   2.5087949e-01
   7.1500000e+00   2.5082226e-01
   7.1550000e+00   2.5076536e-01
   7.1600000e+00   2.5070880e-01
   7.1650000e+00   2.5065257e-01
   7.1700000e+00   2.5059667e-01
   7.1750000e+00   2.5054109e-01
   7.1800000e+00   2.5048584e-01
   7.1850000e+00   2.5043091e-01
   7.1900000e+00   2.5037629e-01
   7.1950000e+00   2.5032199e-01
   7.2000000e+00   2.5026800e-01
   7.2050000e+00   2.5021432e-01
   7.2100000e+00   2.5016095e-01
   7.2150000e+00   2.5010788e-01
   7.2200000e+00   2.5005511e-01
   7.2250000e+00   2.5000265e-01
   7.2300000e+00   2.4995048e-01
   7.2350000e+00   2.4989860e-01
   7.2400000e+00   2.4984702e-01
   7.2450000e+00   2.4979573e-01
   7.2500000e+00   2.4974473e-01
   7.2550000e+00   2.4969401e-01
   7.2600000e+00   2.4964357e-01
   7.2650000e+00   2.4959342e-01
   7.2700000e+00   2.4954354e-01
   7.2750000e+00   2.4949394e-01
   7.2800000e+00   2.4944461e-01
   7.2850000e+00   2.4939556e-01
   7.2900000e+00   2.4934677e-01
   7.2950000e+00   2.4929826e-01
   7.3000000e+00   2.4925000e-01
   7.3050000e+00   2.4920201e-01
   7.3100000e+00   2.4915429e-01
   7.3150000e+00   2.4910682e-01
   7.3200000e+00   2.4905961e-01
   7.3250000e+00   2.4901265e-01
   7.3300000e+00   2.4896594e-01
   7.3350000e+00   2.4891949e-01
   7.3400000e+00   2.4887329e-01
   7.3450000e+00   2.4882733e-01
   7.3500000e+00   2.4878161e-01
   7.3550000e+00   2.4873614e-01
   7.3600000e+00   2.4869091e-01
   7.3650000e+00   2.4864592e-01
   7.3700000e+00   2.4860117e-01
   7.3750000e+00   2.4855665e-01
   7.3800000e+00   2.4851237e-01
   7.3850000e+00   2.4846832e-01
   7.3900000e+00   2.4842449e-01
   7.3950000e+00   2.4838090e-01
   7.4000000e+00   2.4833753e-01
   7.4050000e+00   2.4829439e-01
   7.4100000e+00   2.4825146e-01
   7.4150000e+00   2.4820876e-01
   7.4200000e+00   2.4816628e-01
   7.4250000e+00   2.4812401e-01
   7.4300000e+00   2.4808197e-01
   7.4350000e+00   2.4804013e-01
   7.4400000e+00   2.4799851e-01
   7.4450000e+00   2.4795709e-01
   7.4500000e+00   2.4791589e-01
   7.4550000e+00   2.4787489e-01
   7.4600000e+00   2.4783410e-01
   7.4650000e+00   2.4779352e-01
   7.4700000e+00   2.4775313e-01
   7.4750000e+00   2.4771295e-01
   7.4800000e+00   2.4767297e-01
   7.4850000e+00   2.4763318e-01
   7.4900000e+00   2.4759359e-01
   7.4950000e+00   2.4755419e-01
   7.5000000e+00   2.4751499e-01
   7.5050000e+00   2.4747598e-01
   7.5100000e+00   2.4743716e-01
   7.5150000e+00   2.4739853e-01
   7.5200000e+00   2.4736008e-01
   7.5250000e+00   2.4732182e-01
   7.5300000e+00   2.4728375e-01
   7.5350000e+00   2.4724586e-01
   7.5400000e+00   2.4720815e-01
   7.5450000e+00   2.4717062e-01
   7.5500000e+00   2.4713326e-01
   7.5550000e+00   2.4709609e-01
   7.5600000e+00   2.4705909e-01
   7.5650000e+00   2.4702227e-01
   7.5700000e+00   2.4698561e-01
   7.5750000e+00   2.4694913e-01
   7.5800000e+00   2.4691283e-01
   7.5850000e+00   2.4687669e-01
   7.5900000e+00   2.4684071e-01
   7.5950000e+00   2.4680491e-01
   7.6000000e+00   2.4676927e-01
   7.6050000e+00   2.4673379e-01
   7.6100000e+00   2.4669848e-01
   7.6150000e+00   2.4666332e-01
   7.6200000e+00   2.4662833e-01
   7.6250000e+00   2.4659350e-01
   7.6300000e+00   2.4655882e-01
   7.6350000e+00   2.4652430e-01
   7.6400000e+00   2.4648994e-01
   7.6450000e+00   2.4645573e-01
   7.6500000e+00   2.4642167e-01
   7.6550000e+00   2.4638776e-01
   7.6600000e+00   2.4635401e-01
   7.6650000e+00   2.4632040e-01
   7.6700000e+00   2.4628695e-01
   7.6750000e+00   2.4625364e-01
   7.6800000e+00   2.4622047e-01
   7.6850000e+00   2.4618745e-01
   7.6900000e+00   2.4615457e-01
   7.6950000e+00   2.4612184e-01
   7.7000000e+00   2.4608925e-01
   7.7050000e+00   2.4605680e-01
   7.7100000e+00   2.4602448e-01
   7.7150000e+00   2.4599231e-01
   7.7200000e+00   2.4596027e-01
   7.7250000e+00   2.4592837e-01
   7.7300000e+00   2.4589660e-01
   7.7350000e+00   2.4586497e-01
   7.7400000e+00   2.4583347e-01
   7.7450000e+00   2.4580211e-01
   7.7500000e+00   2.4577087e-01
   7.7550000e+00   2.4573976e-01
   7.7600000e+00   2.4570879e-01
   7.7650000e+00   2.4567794e-01
   7.7700000e+00   2.4564721e-01
   7.7750000e+00   2.4561662e-01
   7.7800000e+00   2.4558614e-01
   7.7850000e+00   2.4555580e-01
   7.7900000e+00   2.4552557e-01
   7.7950000e+00   2.4549547e-01
   7.8000000e+00   2.4546549e-01
   7.8050000e+00   2.4543562e-01
   7.8100000e+00   2.4540588e-01
   7.8150000e+00   2.4537626e-01
   7.8200000e+00   2.4534675e-01
   7.8250000e+00   2.4531736e-01
   7.8300000e+00   2.4528809e-01
   7.8350000e+00   2.4525893e-01
   7.8400000e+00   2.4522988e-01
   7.8450000e+00   2.4520095e-01
   7.8500000e+00   2.4517213e-01
   7.8550000e+00   2.4514342e-01
   7.8600000e+00   2.4511482e-01
   7.8650000e+00   2.4508633e-01
   7.8700000e+00   2.4505795e-01
   7.8750000e+00   2.4502967e-01
   7.8800000e+00   2.4500151e-01
   7.8850000e+00   2.4497345e-01
   7.8900000e+00   2.4494549e-01
   7.8950000e+00   2.4491764e-01
   7.9000000e+00   2.4488990e-01
   7.9050000e+00   2.4486225e-01
   7.9100000e+00   2.4483471e-01
   7.9150000e+00   2.4480727e-01
   7.9200000e+00   2.4477993e-01
   7.9250000e+00   2.4475269e-01
   7.9300000e+00   2.4472555e-01
   7.9350000e+00   2.4469850e-01
   7.9400000e+00   2.4467156e-01
   7.9450000e+00   2.4464471e-01
   7.9500000e+00   2.4461796e-01
   7.9550000e+00   2.4459130e-01
   7.9600000e+00   2.4456473e-01
   7.9650000e+00   2.4453826e-01
   7.9700000e+00   2.4451189e-01
   7.9750000e+00   2.4448560e-01
   7.9800000e+00   2.4445941e-01
   7.9850000e+00   2.4443330e-01
   7.9900000e+00   2.4440729e-01
   7.9950000e+00   2.4438137e-01
   8.0000000e+00   2.4435553e-01
   8.0050000e+00   2.4432979e-01
   8.0100000e+00   2.4430413e-01
   8.0150000e+00   2.4427855e-01
   8.0200000e+00   2.4425307e-01
   8.0250000e+00   2.4422766e-01
   8.0300000e+00   2.4420235e-01
   8.0350000e+00   2.4417711e-01
   8.0400000e+00   2.4415196e-01
   8.0450000e+00   2.4412689e-01
   8.0500000e+00   2.4410191e-01
   8.0550000e+00   2.4407700e-01
   8.0600000e+00   2.4405218e-01
   8.0650000e+00   2.4402743e-01
   8.0700000e+00   2.4400277e-01
   8.0750000e+00   2.4397818e-01
   8.0800000e+00   2.4395367e-01
   8.0850000e+00   2.4392924e-01
   8.0900000e+00   2.4390489e-01
   8.0950000e+00   2.4388061e-01
   8.1000000e+00   2.4385640e-01
   8.1050000e+00   2.4383228e-01
   8.1100000e+00   2.4380822e-01
   8.1150000e+00   2.4378424e-01
   8.1200000e+00   2.4376034e-01
   8.1250000e+00   2.4373650e-01
   8.1300000e+00   2.4371274e-01
   8.1350000e+00   2.4368905e-01
   8.1400000e+00   2.4366543e-01
   8.1450000e+00   2.4364188e-01
   8.1500000e+00   2.4361840e-01
   8.1550000e+00   2.4359499e-01
   8.1600000e+00   2.4357165e-01
   8.1650000e+00   2.4354838e-01
   8.1700000e+00   2.4352517e-01
   8.1750000e+00   2.4350203e-01
   8.1800000e+00   2.4347896e-01
   8.1850000e+00   2.4345595e-01
   8.1900000e+00   2.4343301e-01
   8.1950000e+00   2.4341013e-01
   8.2000000e+00   2.4338732e-01
   8.2050000e+00   2.4336457e-01
   8.2100000e+00   2.4334188e-01
   8.2150000e+00   2.4331926e-01
   8.2200000e+00   2.4329670e-01
   8.2250000e+00   2.4327420e-01
   8.2300000e+00   2.4325176e-01
   8.2350000e+00   2.4322938e-01
   8.2400000e+00   2.4320706e-01
   8.2450000e+00   2.4318480e-01
   8.2500000e+00   2.4316260e-01
   8.2550000e+00   2.4314046e-01
   8.2600000e+00   2.4311838e-01
   8.2650000e+00   2.4309635e-01
   8.2700000e+00   2.4307438e-01
   8.2750000e+00   2.4305247e-01
   8.2800000e+00   2.4303062e-01
   8.2850000e+00   2.4300882e-01
   8.2900000e+00   2.4298707e-01
   8.2950000e+00   2.4296538e-01
   8.3000000e+00   2.4294375e-01
   8.3050000e+00   2.4292217e-01
   8.3100000e+00   2.4290064e-01
   8.3150000e+00   2.4287916e-01
   8.3200000e+00   2.4285774e-01
   8.3250000e+00   2.4283637e-01
   8.3300000e+00   2.4281505e-01
   8.3350000e+00   2.4279378e-01
   8.3400000e+00   2.4277257e-01
   8.3450000e+00   2.4275140e-01
   8.3500000e+00   2.4273028e-01
   8.3550000e+00   2.4270921e-01
   8.3600000e+00   2.4268820e-01
   8.3650000e+00   2.4266722e-01
   8.3700000e+00   2.4264630e-01
   8.3750000e+00   2.4262543e-01
   8.3800000e+00   2.4260460e-01
   8.3850000e+00   2.4258382e-01
   8.3900000e+00   2.4256309e-01
   8.3950000e+00   2.4254240e-01
   8.4000000e+00   2.4252175e-01
   8.4050000e+00   2.4250116e-01
   8.4100000e+00   2.4248060e-01
   8.4150000e+00   2.4246010e-01
   8.4200000e+00   2.4243963e-01
   8.4250000e+00   2.4241921e-01
   8.4300000e+00   2.4239883e-01
   8.4350000e+00   2.4237850e-01
   8.4400000e+00   2.4235821e-01
   8.4450000e+00   2.4233796e-01
   8.4500000e+00   2.4231775e-01
   8.4550000e+00   2.4229758e-01
   8.4600000e+00   2.4227745e-01
   8.4650000e+00   2.4225737e-01
   8.4700000e+00   2.4223732e-01
   8.4750000e+00   2.4221732e-01
   8.4800000e+00   2.4219735e-01
   8.4850000e+00   2.4217742e-01
   8.4900000e+00   2.4215753e-01
   8.4950000e+00   2.4213768e-01
   8.5000000e+00   2.4211787e-01
   8.5050000e+00   2.4209810e-01
   8.5100000e+00   2.4207836e-01
   8.5150000e+00   2.4205866e-01
   8.5200000e+00   2.4203899e-01
   8.5250000e+00   2.4201937e-01
   8.5300000e+00   2.4199977e-01
   8.5350000e+00   2.4198022e-01
   8.5400000e+00   2.4196069e-01
   8.5450000e+00   2.4194121e-01
   8.5500000e+00   2.4192176e-01
   8.5550000e+00   2.4190234e-01
   8.5600000e+00   2.4188295e-01
   8.5650000e+00   2.4186360e-01
   8.5700000e+00   2.4184428e-01
   8.5750000e+00   2.4182500e-01
   8.5800000e+00   2.4180575e-01
   8.5850000e+00   2.4178653e-01
   8.5900000e+00   2.4176734e-01
   8.5950000e+00   2.4174818e-01
   8.6000000e+00   2.4172905e-01
   8.6050000e+00   2.4170996e-01
   8.6100000e+00   2.4169089e-01
   8.6150000e+00   2.4167186e-01
   8.6200000e+00   2.4165286e-01
   8.6250000e+00   2.4163388e-01
   8.6300000e+00   2.4161494e-01
   8.6350000e+00   2.4159602e-01
   8.6400000e+00   2.4157713e-01
   8.6450000e+00   2.4155827e-01
   8.6500000e+00   2.4153944e-01
   8.6550000e+00   2.4152064e-01
   8.6600000e+00   2.4150186e-01
   8.6650000e+00   2.4148311e-01
   8.6700000e+00   2.4146439e-01
   8.6750000e+00   2.4144570e-01
   8.6800000e+00   2.4142703e-01
   8.6850000e+00   2.4140838e-01
   8.6900000e+00   2.4138977e-01
   8.6950000e+00   2.4137118e-01
   8.7000000e+00   2.4135261e-01
   8.7050000e+00   2.4133407e-01
   8.7100000e+00   2.4131555e-01
   8.7150000e+00   2.4129706e-01
   8.7200000e+00   2.4127859e-01
   8.7250000e+00   2.4126015e-01
   8.7300000e+00   2.4124173e-01
   8.7350000e+00   2.4122333e-01
   8.7400000e+00   2.4120496e-01
   8.7450000e+00   2.4118660e-01
   8.7500000e+00   2.4116827e-01
   8.7550000e+00   2.4114997e-01
   8.7600000e+00   2.4113168e-01
   8.7650000e+00   2.4111342e-01
   8.7700000e+00   2.4109518e-01
   8.7750000e+00   2.4107696e-01
   8.7800000e+00   2.4105876e-01
   8.7850000e+00   2.4104058e-01
   8.7900000e+00   2.4102242e-01
   8.7950000e+00   2.4100428e-01
   8.8000000e+00   2.4098616e-01
   8.8050000e+00   2.4096806e-01
   8.8100000e+00   2.4094998e-01
   8.8150000e+00   2.4093192e-01
   8.8200000e+00   2.4091388e-01
   8.8250000e+00   2.4089585e-01
   8.8300000e+00   2.4087785e-01
   8.8350000e+00   2.4085986e-01
   8.8400000e+00   2.4084189e-01
   8.8450000e+00   2.4082394e-01
   8.8500000e+00   2.4080601e-01
   8.8550000e+00   2.4078809e-01
   8.8600000e+00   2.4077019e-01
   8.8650000e+00   2.4075231e-01
   8.8700000e+00   2.4073444e-01
   8.8750000e+00   2.4071659e-01
   8.8800000e+00   2.4069876e-01
   8.8850000e+00   2.4068094e-01
   8.8900000e+00   2.4066314e-01
   8.8950000e+00   2.4064535e-01
   8.9000000e+00   2.4062758e-01
   8.9050000e+00   2.4060982e-01
   8.9100000e+00   2.4059208e-01
   8.9150000e+00   2.4057435e-01
   8.9200000e+00   2.4055664e-01
   8.9250000e+00   2.4053894e-01
   8.9300000e+00   2.4052125e-01
   8.9350000e+00   2.4050358e-01
   8.9400000e+00   2.4048592e-01
   8.9450000e+00   2.4046827e-01
   8.9500000e+00   2.4045064e-01
   8.9550000e+00   2.4043302e-01
   8.9600000e+00   2.4041541e-01
   8.9650000e+00   2.4039782e-01
   8.9700000e+00   2.4038023e-01
   8.9750000e+00   2.4036266e-01
   8.9800000e+00   2.4034510e-01
   8.9850000e+00   2.4032755e-01
   8.9900000e+00   2.4031002e-01
   8.9950000e+00   2.4029249e-01
   9.0000000e+00   2.4027497e-01
   9.0050000e+00   2.4025747e-01
   9.0100000e+00   2.4023998e-01
   9.0150000e+00   2.4022249e-01
   9.0200000e+00   2.4020502e-01
   9.0250000e+00   2.4018756e-01
   9.0300000e+00   2.4017010e-01
   9.0350000e+00   2.4015266e-01
   9.0400000e+00   2.4013522e-01
   9.0450000e+00   2.4011780e-01
   9.0500000e+00   2.4010038e-01
   9.0550000e+00   2.4008297e-01
   9.0600000e+00   2.4006557e-01
   9.0650000e+00   2.4004818e-01
   9.0700000e+00   2.4003079e-01
   9.0750000e+00   2.4001342e-01
   9.0800000e+00   2.3999605e-01
   9.0850000e+00   2.3997869e-01
   9.0900000e+00   2.3996134e-01
   9.0950000e+00   2.3994399e-01
   9.1000000e+00   2.3992665e-01
   9.1050000e+00   2.3990932e-01
   9.1100000e+00   2.3989200e-01
   9.1150000e+00   2.3987468e-01
   9.1200000e+00   2.3985737e-01
   9.1250000e+00   2.3984006e-01
   9.1300000e+00   2.3982276e-01
   9.1350000e+00   2.3980547e-01
   9.1400000e+00   2.3978818e-01
   9.1450000e+00   2.3977090e-01
   9.1500000e+00   2.3975362e-01
   9.1550000e+00   2.3973635e-01
   9.1600000e+00   2.3971908e-01
   9.1650000e+00   2.3970182e-01
   9.1700000e+00   2.3968456e-01
   9.1750000e+00   2.3966730e-01
   9.1800000e+00   2.3965005e-01
   9.1850000e+00   2.3963281e-01
   9.1900000e+00   2.3961557e-01
   9.1950000e+00   2.3959833e-01
   9.2000000e+00   2.3958109e-01
   9.2050000e+00   2.3956386e-01
   9.2100000e+00   2.3954664e-01
   9.2150000e+00   2.3952941e-01
   9.2200000e+00   2.3951219e-01
   9.2250000e+00   2.3949497e-01
   9.2300000e+00   2.3947776e-01
   9.2350000e+00   2.3946054e-01
   9.2400000e+00   2.3944333e-01
   9.2450000e+00   2.3942612e-01
   9.2500000e+00   2.3940892e-01
   9.2550000e+00   2.3939171e-01
   9.2600000e+00   2.3937451e-01
   9.2650000e+00   2.3935730e-01
   9.2700000e+00   2.3934010e-01
   9.2750000e+00   2.3932290e-01
   9.2800000e+00   2.3930571e-01
   9.2850000e+00   2.3928851e-01
   9.2900000e+00   2.3927131e-01
   9.2950000e+00   2.3925412e-01
   9.3000000e+00   2.3923692e-01
   9.3050000e+00   2.3921973e-01
   9.3100000e+00   2.3920253e-01
   9.3150000e+00   2.3918534e-01
   9.3200000e+00   2.3916814e-01
   9.3250000e+00   2.3915095e-01
   9.3300000e+00   2.3913375e-01
   9.3350000e+00   2.3911655e-01
   9.3400000e+00   2.3909936e-01
   9.3450000e+00   2.3908216e-01
   9.3500000e+00   2.3906496e-01
   9.3550000e+00   2.3904776e-01
   9.3600000e+00   2.3903056e-01
   9.3650000e+00   2.3901336e-01
   9.3700000e+00   2.3899615e-01
   9.3750000e+00   2.3897895e-01
   9.3800000e+00   2.3896174e-01
   9.3850000e+00   2.3894453e-01
   9.3900000e+00   2.3892732e-01
   9.3950000e+00   2.3891011e-01
   9.4000000e+00   2.3889289e-01
   9.4050000e+00   2.3887567e-01
   9.4100000e+00   2.3885845e-01
   9.4150000e+00   2.3884123e-01
   9.4200000e+00   2.3882400e-01
   9.4250000e+00   2.3880677e-01
   9.4300000e+00   2.3878954e-01
   9.4350000e+00   2.3877230e-01
   9.4400000e+00   2.3875506e-01
   9.4450000e+00   2.3873782e-01
   9.4500000e+00   2.3872057e-01
   9.4550000e+00   2.3870332e-01
   9.4600000e+00   2.3868607e-01
   9.4650000e+00   2.3866881e-01
   9.4700000e+00   2.3865155e-01
   9.4750000e+00   2.3863428e-01
   9.4800000e+00   2.3861701e-01
   9.4850000e+00   2.3859973e-01
   9.4900000e+00   2.3858245e-01
   9.4950000e+00   2.3856516e-01
   9.5000000e+00   2.3854787e-01
   9.5050000e+00   2.3853058e-01
   9.5100000e+00   2.3851328e-01
   9.5150000e+00   2.3849597e-01
   9.5200000e+00   2.3847866e-01
   9.5250000e+00   2.3846134e-01
   9.5300000e+00   2.3844402e-01
   9.5350000e+00   2.3842669e-01
   9.5400000e+00   2.3840936e-01
   9.5450000e+00   2.3839202e-01
   9.5500000e+00   2.3837467e-01
   9.5550000e+00   2.3835732e-01
   9.5600000e+00   2.3833996e-01
   9.5650000e+00   2.3832259e-01
   9.5700000e+00   2.3830522e-01
   9.5750000e+00   2.3828784e-01
   9.5800000e+00   2.3827045e-01
   9.5850000e+00   2.3825306e-01
   9.5900000e+00   2.3823566e-01
   9.5950000e+00   2.3821825e-01
   9.6000000e+00   2.3820084e-01
   9.6050000e+00   2.3818342e-01
   9.6100000e+00   2.3816599e-01
   9.6150000e+00   2.3814855e-01
   9.6200000e+00   2.3813111e-01
   9.6250000e+00   2.3811365e-01
   9.6300000e+00   2.3809619e-01
   9.6350000e+00   2.3807872e-01
   9.6400000e+00   2.3806125e-01
   9.6450000e+00   2.3804376e-01
   9.6500000e+00   2.3802627e-01
   9.6550000e+00   2.3800877e-01
   9.6600000e+00   2.3799126e-01
   9.6650000e+00   2.3797374e-01
   9.6700000e+00   2.3795621e-01
   9.6750000e+00   2.3793867e-01
   9.6800000e+00   2.3792112e-01
   9.6850000e+00   2.3790357e-01
   9.6900000e+00   2.3788600e-01
   9.6950000e+00   2.3786843e-01
   9.7000000e+00   2.3785085e-01
   9.7050000e+00   2.3783325e-01
   9.7100000e+00   2.3781565e-01
   9.7150000e+00   2.3779804e-01
   9.7200000e+00   2.3778041e-01
   9.7250000e+00   2.3776278e-01
   9.7300000e+00   2.3774514e-01
   9.7350000e+00   2.3772749e-01
   9.7400000e+00   2.3770982e-01
   9.7450000e+00   2.3769215e-01
   9.7500000e+00   2.3767447e-01
   9.7550000e+00   2.3765677e-01
   9.7600000e+00   2.3763907e-01
   9.7650000e+00   2.3762135e-01
   9.7700000e+00   2.3760362e-01
   9.7750000e+00   2.3758589e-01
   9.7800000e+00   2.3756814e-01
   9.7850000e+00   2.3755038e-01
   9.7900000e+00   2.3753260e-01
   9.7950000e+00   2.3751482e-01
   9.8000000e+00   2.3749703e-01
   9.8050000e+00   2.3747922e-01
   9.8100000e+00   2.3746140e-01
   9.8150000e+00   2.3744357e-01
   9.8200000e+00   2.3742573e-01
   9.8250000e+00   2.3740788e-01
   9.8300000e+00   2.3739001e-01
   9.8350000e+00   2.3737214e-01
   9.8400000e+00   2.3735425e-01
   9.8450000e+00   2.3733635e-01
   9.8500000e+00   2.3731843e-01
   9.8550000e+00   2.3730050e-01
   9.8600000e+00   2.3728257e-01
   9.8650000e+00   2.3726461e-01
   9.8700000e+00   2.3724665e-01
   9.8750000e+00   2.3722867e-01
   9.8800000e+00   2.3721068e-01
   9.8850000e+00   2.3719268e-01
   9.8900000e+00   2.3717466e-01
   9.8950000e+00   2.3715663e-01
   9.9000000e+00   2.3713859e-01
   9.9050000e+00   2.3712053e-01
   9.9100000e+00   2.3710246e-01
   9.9150000e+00   2.3708437e-01
   9.9200000e+00   2.3706628e-01
   9.9250000e+00   2.3704816e-01
   9.9300000e+00   2.3703004e-01
   9.9350000e+00   2.3701190e-01
   9.9400000e+00   2.3699375e-01
   9.9450000e+00   2.3697558e-01
   9.9500000e+00   2.3695740e-01
   9.9550000e+00   2.3693920e-01
   9.9600000e+00   2.3692099e-01
   9.9650000e+00   2.3690277e-01
   9.9700000e+00   2.3688453e-01
   9.9750000e+00   2.3686627e-01
   9.9800000e+00   2.3684800e-01
   9.9850000e+00   2.3682972e-01
   9.9900000e+00   2.3681142e-01
   9.9950000e+00   2.3679311e-01
   1.0000000e+01   2.3531806e-01
   1.0030000e+01   2.3524920e-01
   1.0060000e+01   2.3517862e-01
   1.0090000e+01   2.3510634e-01
   1.0120000e+01   2.3503237e-01
   1.0150000e+01   2.3495672e-01
   1.0180000e+01   2.3487940e-01
   1.0210000e+01   2.3480043e-01
   1.0240000e+01   2.3471983e-01
   1.0270000e+01   2.3463759e-01
   1.0300000e+01   2.3455373e-01
   1.0330000e+01   2.3446827e-01
   1.0360000e+01   2.3438121e-01
   1.0390000e+01   2.3429255e-01
   1.0420000e+01   2.3420233e-01
   1.0450000e+01   2.3411053e-01
   1.0480000e+01   2.3401716e-01
   1.0510000e+01   2.3392225e-01
   1.0540000e+01   2.3382579e-01
   1.0570000e+01   2.3372779e-01
   1.0600000e+01   2.3362826e-01
   1.0630000e+01   2.3352720e-01
   1.0660000e+01   2.3342463e-01
   1.0690000e+01   2.3332054e-01
   1.0720000e+01   2.3321495e-01
   1.0750000e+01   2.3310785e-01
   1.0780000e+01   2.3299926e-01
   1.0810000e+01   2.3288918e-01
   1.0840000e+01   2.3277761e-01
   1.0870000e+01   2.3266455e-01
   1.0900000e+01   2.3255002e-01
   1.0930000e+01   2.3243401e-01
   1.0960000e+01   2.3231653e-01
   1.0990000e+01   2.3219757e-01
   1.1020000e+01   2.3207716e-01
   1.1050000e+01   2.3195527e-01
   1.1080000e+01   2.3183193e-01
   1.1110000e+01   2.3170712e-01
   1.1140000e+01   2.3158086e-01
   1.1170000e+01   2.3145314e-01
   1.1200000e+01   2.3132396e-01
   1.1230000e+01   2.3119333e-01
   1.1260000e+01   2.3106125e-01
   1.1290000e+01   2.3092771e-01
   1.1320000e+01   2.3079272e-01
   1.1350000e+01   2.3065628e-01
   1.1380000e+01   2.3051838e-01
   1.1410000e+01   2.3037904e-01
   1.1440000e+01   2.3023824e-01
   1.1470000e+01   2.3009599e-01
   1.1500000e+01   2.2995228e-01
   1.1530000e+01   2.2980712e-01
   1.1560000e+01   2.2966050e-01
   1.1590000e+01   2.2951243e-01
   1.1620000e+01   2.2936290e-01
   1.1650000e+01   2.2921190e-01
   1.1680000e+01   2.2905945e-01
   1.1710000e+01   2.2890553e-01
   1.1740000e+01   2.2875015e-01
   1.1770000e+01   2.2859330e-01
   1.1800000e+01   2.2843499e-01
   1.1830000e+01   2.2827519e-01
   1.1860000e+01   2.2811393e-01
   1.1890000e+01   2.2795119e-01
   1.1920000e+01   2.2778697e-01
   1.1950000e+01   2.2762126e-01
   1.1980000e+01   2.2745408e-01
   1.2010000e+01   2.2728540e-01
   1.2040000e+01   2.2711523e-01
   1.2070000e+01   2.2694357e-01
   1.2100000e+01   2.2677040e-01
   1.2130000e+01   2.2659574e-01
   1.2160000e+01   2.2641957e-01
   1.2190000e+01   2.2624190e-01
   1.2220000e+01   2.2606271e-01
   1.2250000e+01   2.2588200e-01
   1.2280000e+01   2.2569977e-01
   1.2310000e+01   2.2551602e-01
   1.2340000e+01   2.2533074e-01
   1.2370000e+01   2.2514393e-01
   1.2400000e+01   2.2495559e-01
   1.2430000e+01   2.2476570e-01
   1.2460000e+01   2.2457427e-01
   1.2490000e+01   2.2438128e-01
   1.2520000e+01   2.2418675e-01
   1.2550000e+01   2.2399066e-01
   1.2580000e+01   2.2379300e-01
   1.2610000e+01   2.2359378e-01
   1.2640000e+01   2.2339298e-01
   1.2670000e+01   2.2319061e-01
   1.2700000e+01   2.2298666e-01
   1.2730000e+01   2.2278112e-01
   1.2760000e+01   2.2257399e-01
   1.2790000e+01   2.2236527e-01
   1.2820000e+01   2.2215494e-01
   1.2850000e+01   2.2194302e-01
   1.2880000e+01   2.2172948e-01
   1.2910000e+01   2.2151432e-01
   1.2940000e+01   2.2129755e-01
   1.2970000e+01   2.2107915e-01
   1.3000000e+01   2.2085913e-01
   1.3030000e+01   2.2063746e-01
   1.3060000e+01   2.2041416e-01
   1.3090000e+01   2.2018922e-01
   1.3120000e+01   2.1996262e-01
   1.3150000e+01   2.1973438e-01
   1.3180000e+01   2.1950447e-01
   1.3210000e+01   2.1927290e-01
   1.3240000e+01   2.1903965e-01
   1.3270000e+01   2.1880474e-01
   1.3300000e+01   2.1856814e-01
   1.3330000e+01   2.1832986e-01
   1.3360000e+01   2.1808990e-01
   1.3390000e+01   2.1784823e-01
   1.3420000e+01   2.1760487e-01
   1.3450000e+01   2.1735981e-01
   1.3480000e+01   2.1711303e-01
   1.3510000e+01   2.1686454e-01
   1.3540000e+01   2.1661434e-01
   1.3570000e+01   2.1636241e-01
   1.3600000e+01   2.1610875e-01
   1.3630000e+01   2.1585336e-01
   1.3660000e+01   2.1559623e-01
   1.3690000e+01   2.1533736e-01
   1.3720000e+01   2.1507675e-01
   1.3750000e+01   2.1481438e-01
   1.3780000e+01   2.1455025e-01
   1.3810000e+01   2.1428437e-01
   1.3840000e+01   2.1401672e-01
   1.3870000e+01   2.1374730e-01
   1.3900000e+01   2.1347611e-01
   1.3930000e+01   2.1320313e-01
   1.3960000e+01   2.1292838e-01
   1.3990000e+01   2.1265184e-01
   1.4020000e+01   2.1237351e-01
   1.4050000e+01   2.1209338e-01
   1.4080000e+01   2.1181145e-01
   1.4110000e+01   2.1152772e-01
   1.4140000e+01   2.1124218e-01
   1.4170000e+01   2.1095484e-01
   1.4200000e+01   2.1066567e-01
   1.4230000e+01   2.1037469e-01
   1.4260000e+01   2.1008189e-01
   1.4290000e+01   2.0978726e-01
   1.4320000e+01   2.0949080e-01
   1.4350000e+01   2.0919251e-01
   1.4380000e+01   2.0889238e-01
   1.4410000e+01   2.0859042e-01
   1.4440000e+01   2.0828661e-01
   1.4470000e+01   2.0798095e-01
   1.4500000e+01   2.0767345e-01
   1.4530000e+01   2.0736409e-01
   1.4560000e+01   2.0705288e-01
   1.4590000e+01   2.0673982e-01
   1.4620000e+01   2.0642489e-01
   1.4650000e+01   2.0610810e-01
   1.4680000e+01   2.0578944e-01
   1.4710000e+01   2.0546892e-01
   1.4740000e+01   2.0514653e-01
   1.4770000e+01   2.0482227e-01
   1.4800000e+01   2.0449613e-01
   1.4830000e+01   2.0416812e-01
   1.4860000e+01   2.0383822e-01
   1.4890000e+01   2.0350645e-01
   1.4920000e+01   2.0317280e-01
   1.4950000e+01   2.0283727e-01
   1.4980000e+01   2.0249985e-01
   1.5010000e+01   2.0216055e-01
   1.5040000e+01   2.0181936e-01
   1.5070000e+01   2.0147628e-01
   1.5100000e+01   2.0113132e-01
   1.5130000e+01   2.0078446e-01
   1.5160000e+01   2.0043572e-01
   1.5190000e+01   2.0008509e-01
   1.5220000e+01   1.9973256e-01
   1.5250000e+01   1.9937815e-01
   1.5280000e+01   1.9902184e-01
   1.5310000e+01   1.9866364e-01
   1.5340000e+01   1.9830355e-01
   1.5370000e+01   1.9794157e-01
   1.5400000e+01   1.9757770e-01
   1.5430000e+01   1.9721194e-01
   1.5460000e+01   1.9684429e-01
   1.5490000e+01   1.9647475e-01
   1.5520000e+01   1.9610333e-01
   1.5550000e+01   1.9573001e-01
   1.5580000e+01   1.9535482e-01
   1.5610000e+01   1.9497774e-01
   1.5640000e+01   1.9459877e-01
   1.5670000e+01   1.9421793e-01
   1.5700000e+01   1.9383521e-01
   1.5730000e+01   1.9345061e-01
   1.5760000e+01   1.9306414e-01
   1.5790000e+01   1.9267579e-01
   1.5820000e+01   1.9228558e-01
   1.5850000e+01   1.9189350e-01
   1.5880000e+01   1.9149955e-01
   1.5910000e+01   1.9110375e-01
   1.5940000e+01   1.9070608e-01
   1.5970000e+01   1.9030656e-01
   1.6000000e+01   1.8990519e-01
   1.6030000e+01   1.8950197e-01
   1.6060000e+01   1.8909691e-01
   1.6090000e+01   1.8869001e-01
   1.6120000e+01   1.8828127e-01
   1.6150000e+01   1.8787071e-01
   1.6180000e+01   1.8745831e-01
   1.6210000e+01   1.8704409e-01
   1.6240000e+01   1.8662806e-01
   1.6270000e+01   1.8621021e-01
   1.6300000e+01   1.8579055e-01
   1.6330000e+01   1.8536910e-01
   1.6360000e+01   1.8494585e-01
   1.6390000e+01   1.8452080e-01
   1.6420000e+01   1.8409397e-01
   1.6450000e+01   1.8366537e-01
   1.6480000e+01   1.8323499e-01
   1.6510000e+01   1.8280284e-01
   1.6540000e+01   1.8236894e-01
   1.6570000e+01   1.8193328e-01
   1.6600000e+01   1.8149588e-01
   1.6630000e+01   1.8105674e-01
   1.6660000e+01   1.8061587e-01
   1.6690000e+01   1.8017327e-01
   1.6720000e+01   1.7972896e-01
   1.6750000e+01   1.7928294e-01
   1.6780000e+01   1.7883523e-01
   1.6810000e+01   1.7838582e-01
   1.6840000e+01   1.7793472e-01
   1.6870000e+01   1.7748196e-01
   1.6900000e+01   1.7702753e-01
   1.6930000e+01   1.7657144e-01
   1.6960000e+01   1.7611370e-01
   1.6990000e+01   1.7565433e-01
   1.7020000e+01   1.7519333e-01
   1.7050000e+01   1.7473071e-01
   1.7080000e+01   1.7426648e-01
   1.7110000e+01   1.7380065e-01
   1.7140000e+01   1.7333324e-01
   1.7170000e+01   1.7286425e-01
   1.7200000e+01   1.7239369e-01
   1.7230000e+01   1.7192157e-01
   1.7260000e+01   1.7144791e-01
   1.7290000e+01   1.7097272e-01
   1.7320000e+01   1.7049601e-01
   1.7350000e+01   1.7001778e-01
   1.7380000e+01   1.6953806e-01
   1.7410000e+01   1.6905685e-01
   1.7440000e+01   1.6857417e-01
   1.7470000e+01   1.6809002e-01
   1.7500000e+01   1.6760442e-01
   1.7530000e+01   1.6711739e-01
   1.7560000e+01   1.6662894e-01
   1.7590000e+01   1.6613907e-01
   1.7620000e+01   1.6564781e-01
   1.7650000e+01   1.6515516e-01
   1.7680000e+01   1.6466114e-01
   1.7710000e+01   1.6416577e-01
   1.7740000e+01   1.6366906e-01
   1.7770000e+01   1.6317101e-01
   1.7800000e+01   1.6267165e-01
   1.7830000e+01   1.6217100e-01
   1.7860000e+01   1.6166905e-01
   1.7890000e+01   1.6116584e-01
   1.7920000e+01   1.6066137e-01
   1.7950000e+01   1.6015567e-01
   1.7980000e+01   1.5964873e-01
   1.8010000e+01   1.5914059e-01
   1.8040000e+01   1.5863126e-01
   1.8070000e+01   1.5812075e-01
   1.8100000e+01   1.5760908e-01
   1.8130000e+01   1.5709626e-01
   1.8160000e+01   1.5658231e-01
   1.8190000e+01   1.5606725e-01
   1.8220000e+01   1.5555110e-01
   1.8250000e+01   1.5503386e-01
   1.8280000e+01   1.5451556e-01
   1.8310000e+01   1.5399622e-01
   1.8340000e+01   1.5347585e-01
   1.8370000e+01   1.5295447e-01
   1.8400000e+01   1.5243209e-01
   1.8430000e+01   1.5190874e-01
   1.8460000e+01   1.5138443e-01
   1.8490000e+01   1.5085918e-01
   1.8520000e+01   1.5033301e-01
   1.8550000e+01   1.4980593e-01
   1.8580000e+01   1.4927797e-01
   1.8610000e+01   1.4874914e-01
   1.8640000e+01   1.4821946e-01
   1.8670000e+01   1.4768896e-01
   1.8700000e+01   1.4715763e-01
   1.8730000e+01   1.4662552e-01
   1.8760000e+01   1.4609263e-01
   1.8790000e+01   1.4555899e-01
   1.8820000e+01   1.4502461e-01
   1.8850000e+01   1.4448952e-01
   1.8880000e+01   1.4395373e-01
   1.8910000e+01   1.4341726e-01
   1.8940000e+01   1.4288013e-01
   1.8970000e+01   1.4234237e-01
   1.9000000e+01   1.4180398e-01
   1.9030000e+01   1.4126500e-01
   1.9060000e+01   1.4072544e-01
   1.9090000e+01   1.4018532e-01
   1.9120000e+01   1.3964466e-01
   1.9150000e+01   1.3910349e-01
   1.9180000e+01   1.3856181e-01
   1.9210000e+01   1.3801966e-01
   1.9240000e+01   1.3747705e-01
   1.9270000e+01   1.3693400e-01
   1.9300000e+01   1.3639053e-01
   1.9330000e+01   1.3584667e-01
   1.9360000e+01   1.3530244e-01
   1.9390000e+01   1.3475785e-01
   1.9420000e+01   1.3421292e-01
   1.9450000e+01   1.3366768e-01
   1.9480000e+01   1.3312215e-01
   1.9510000e+01   1.3257635e-01
   1.9540000e+01   1.3203030e-01
   1.9570000e+01   1.3148401e-01
   1.9600000e+01   1.3093752e-01
   1.9630000e+01   1.3039084e-01
   1.9660000e+01   1.2984400e-01
   1.9690000e+01   1.2929700e-01
   1.9720000e+01   1.2874989e-01
   1.9750000e+01   1.2820266e-01
   1.9780000e+01   1.2765536e-01
   1.9810000e+01   1.2710799e-01
   1.9840000e+01   1.2656059e-01
   1.9870000e+01   1.2601316e-01
   1.9900000e+01   1.2546574e-01
   1.9930000e+01   1.2491834e-01
   1.9960000e+01   1.2437098e-01
   1.9990000e+01   1.2382369e-01
   2.0020000e+01   1.2327648e-01
   2.0050000e+01   1.2272938e-01
   2.0080000e+01   1.2218240e-01
   2.0110000e+01   1.2163558e-01
   2.0140000e+01   1.2108893e-01
   2.0170000e+01   1.2054246e-01
   2.0200000e+01   1.1999621e-01
   2.0230000e+01   1.1945019e-01
   2.0260000e+01   1.1890442e-01
   2.0290000e+01   1.1835893e-01
   2.0320000e+01   1.1781373e-01
   2.0350000e+01   1.1726885e-01
   2.0380000e+01   1.1672430e-01
   2.0410000e+01   1.1618011e-01
   2.0440000e+01   1.1563630e-01
   2.0470000e+01   1.1509289e-01
   2.0500000e+01   1.1454989e-01
   2.0530000e+01   1.1400733e-01
   2.0560000e+01   1.1346523e-01
   2.0590000e+01   1.1292361e-01
   2.0620000e+01   1.1238248e-01
   2.0650000e+01   1.1184188e-01
   2.0680000e+01   1.1130181e-01
   2.0710000e+01   1.1076230e-01
   2.0740000e+01   1.1022337e-01
   2.0770000e+01   1.0968504e-01
   2.0800000e+01   1.0914733e-01
   2.0830000e+01   1.0861025e-01
   2.0860000e+01   1.0807383e-01
   2.0890000e+01   1.0753809e-01
   2.0920000e+01   1.0700304e-01
   2.0950000e+01   1.0646870e-01
   2.0980000e+01   1.0593510e-01
   2.1010000e+01   1.0540225e-01
   2.1040000e+01   1.0487016e-01
   2.1070000e+01   1.0433887e-01
   2.1100000e+01   1.0380839e-01
   2.1130000e+01   1.0327873e-01
   2.1160000e+01   1.0274992e-01
   2.1190000e+01   1.0222197e-01
   2.1220000e+01   1.0169489e-01
   2.1250000e+01   1.0116872e-01
   2.1280000e+01   1.0064347e-01
   2.1310000e+01   1.0011914e-01
   2.1340000e+01   9.9595770e-02
   2.1370000e+01   9.9073367e-02
   2.1400000e+01   9.8551949e-02
   2.1430000e+01   9.8031534e-02
   2.1460000e+01   9.7512139e-02
   2.1490000e+01   9.6993780e-02
   2.1520000e+01   9.6476474e-02
   2.1550000e+01   9.5960237e-02
   2.1580000e+01   9.5445086e-02
   2.1610000e+01   9.4931037e-02
   2.1640000e+01   9.4418106e-02
   2.1670000e+01   9.3906309e-02
   2.1700000e+01   9.3395661e-02
   2.1730000e+01   9.2886179e-02
   2.1760000e+01   9.2377876e-02
   2.1790000e+01   9.1870769e-02
   2.1820000e+01   9.1364873e-02
   2.1850000e+01   9.0860202e-02
   2.1880000e+01   9.0356771e-02
   2.1910000e+01   8.9854595e-02
   2.1940000e+01   8.9353688e-02
   2.1970000e+01   8.8854064e-02
   2.2000000e+01   8.8355737e-02
   2.2030000e+01   8.7858721e-02
   2.2060000e+01   8.7363030e-02
   2.2090000e+01   8.6868677e-02
   2.2120000e+01   8.6375676e-02
   2.2150000e+01   8.5884039e-02
   2.2180000e+01   8.5393780e-02
   2.2210000e+01   8.4904912e-02
   2.2240000e+01   8.4417446e-02
   2.2270000e+01   8.3931396e-02
   2.2300000e+01   8.3446774e-02
   2.2330000e+01   8.2963591e-02
   2.2360000e+01   8.2481860e-02
   2.2390000e+01   8.2001592e-02
   2.2420000e+01   8.1522799e-02
   2.2450000e+01   8.1045492e-02
   2.2480000e+01   8.0569682e-02
   2.2510000e+01   8.0095380e-02
   2.2540000e+01   7.9622598e-02
   2.2570000e+01   7.9151345e-02
   2.2600000e+01   7.8681631e-02
   2.2630000e+01   7.8213468e-02
   2.2660000e+01   7.7746865e-02
   2.2690000e+01   7.7281832e-02
   2.2720000e+01   7.6818379e-02
   2.2750000e+01   7.6356515e-02
   2.2780000e+01   7.5896249e-02
   2.2810000e+01   7.5437590e-02
   2.2840000e+01   7.4980548e-02
   2.2870000e+01   7.4525131e-02
   2.2900000e+01   7.4071348e-02
   2.2930000e+01   7.3619206e-02
   2.2960000e+01   7.3168715e-02
   2.2990000e+01   7.2719881e-02
   2.3020000e+01   7.2272714e-02
   2.3050000e+01   7.1827219e-02
   2.3080000e+01   7.1383406e-02
   2.3110000e+01   7.0941281e-02
   2.3140000e+01   7.0500850e-02
   2.3170000e+01   7.0062122e-02
   2.3200000e+01   6.9625102e-02
   2.3230000e+01   6.9189798e-02
   2.3260000e+01   6.8756214e-02
   2.3290000e+01   6.8324359e-02
   2.3320000e+01   6.7894237e-02
   2.3350000e+01   6.7465854e-02
   2.3380000e+01   6.7039216e-02
   2.3410000e+01   6.6614328e-02
   2.3440000e+01   6.6191196e-02
   2.3470000e+01   6.5769825e-02
   2.3500000e+01   6.5350219e-02
   2.3530000e+01   6.4932383e-02
   2.3560000e+01   6.4516321e-02
   2.3590000e+01   6.4102039e-02
   2.3620000e+01   6.3689540e-02
   2.3650000e+01   6.3278829e-02
   2.3680000e+01   6.2869908e-02
   2.3710000e+01   6.2462782e-02
   2.3740000e+01   6.2057454e-02
   2.3770000e+01   6.1653928e-02
   2.3800000e+01   6.1252207e-02
   2.3830000e+01   6.0852294e-02
   2.3860000e+01   6.0454191e-02
   2.3890000e+01   6.0057901e-02
   2.3920000e+01   5.9663427e-02
   2.3950000e+01   5.9270772e-02
   2.3980000e+01   5.8879936e-02
   2.4010000e+01   5.8490923e-02
   2.4040000e+01   5.8103735e-02
   2.4070000e+01   5.7718372e-02
   2.4100000e+01   5.7334837e-02
   2.4130000e+01   5.6953131e-02
   2.4160000e+01   5.6573255e-02
   2.4190000e+01   5.6195210e-02
   2.4220000e+01   5.5818998e-02
   2.4250000e+01   5.5444618e-02
   2.4280000e+01   5.5072073e-02
   2.4310000e+01   5.4701362e-02
   2.4340000e+01   5.4332485e-02
   2.4370000e+01   5.3965443e-02
   2.4400000e+01   5.3600237e-02
   2.4430000e+01   5.3236865e-02
   2.4460000e+01   5.2875328e-02
   2.4490000e+01   5.2515625e-02
   2.4520000e+01   5.2157757e-02
   2.4550000e+01   5.1801722e-02
   2.4580000e+01   5.1447519e-02
   2.4610000e+01   5.1095148e-02
   2.4640000e+01   5.0744608e-02
   2.4670000e+01   5.0395898e-02
   2.4700000e+01   5.0049016e-02
   2.4730000e+01   4.9703962e-02
   2.4760000e+01   4.9360733e-02
   2.4790000e+01   4.9019327e-02
   2.4820000e+01   4.8679745e-02
   2.4850000e+01   4.8341982e-02
   2.4880000e+01   4.8006038e-02
   2.4910000e+01   4.7671911e-02
   2.4940000e+01   4.7339597e-02
   2.4970000e+01   4.7009095e-02
   2.5000000e+01   4.6680403e-02
   2.5030000e+01   4.6353518e-02
   2.5060000e+01   4.6028437e-02
   2.5090000e+01   4.5705157e-02
   2.5120000e+01   4.5383676e-02
   2.5150000e+01   4.5063991e-02
   2.5180000e+01   4.4746098e-02
   2.5210000e+01   4.4429995e-02
   2.5240000e+01   4.4115677e-02
   2.5270000e+01   4.3803143e-02
   2.5300000e+01   4.3492388e-02
   2.5330000e+01   4.3183409e-02
   2.5360000e+01   4.2876202e-02
   2.5390000e+01   4.2570763e-02
   2.5420000e+01   4.2267089e-02
   2.5450000e+01   4.1965176e-02
   2.5480000e+01   4.1665020e-02
   2.5510000e+01   4.1366616e-02
   2.5540000e+01   4.1069960e-02
   2.5570000e+01   4.0775049e-02
   2.5600000e+01   4.0481877e-02
   2.5630000e+01   4.0190441e-02
   2.5660000e+01   3.9900736e-02
   2.5690000e+01   3.9612757e-02
   2.5720000e+01   3.9326500e-02
   2.5750000e+01   3.9041960e-02
   2.5780000e+01   3.8759132e-02
   2.5810000e+01   3.8478011e-02
   2.5840000e+01   3.8198593e-02
   2.5870000e+01   3.7920872e-02
   2.5900000e+01   3.7644843e-02
   2.5930000e+01   3.7370502e-02
   2.5960000e+01   3.7097842e-02
   2.5990000e+01   3.6826860e-02
   2.6020000e+01   3.6557548e-02
   2.6050000e+01   3.6289903e-02
   2.6080000e+01   3.6023918e-02
   2.6110000e+01   3.5759589e-02
   2.6140000e+01   3.5496908e-02
   2.6170000e+01   3.5235872e-02
   2.6200000e+01   3.4976474e-02
   2.6230000e+01   3.4718709e-02
   2.6260000e+01   3.4462570e-02
   2.6290000e+01   3.4208052e-02
   2.6320000e+01   3.3955149e-02
   2.6350000e+01   3.3703856e-02
   2.6380000e+01   3.3454165e-02
   2.6410000e+01   3.3206072e-02
   2.6440000e+01   3.2959570e-02
   2.6470000e+01   3.2714653e-02
   2.6500000e+01   3.2471315e-02
   2.6530000e+01   3.2229549e-02
   2.6560000e+01   3.1989351e-02
   2.6590000e+01   3.1750712e-02
   2.6620000e+01   3.1513628e-02
   2.6650000e+01   3.1278091e-02
   2.6680000e+01   3.1044096e-02
   2.6710000e+01   3.0811636e-02
   2.6740000e+01   3.0580704e-02
   2.6770000e+01   3.0351294e-02
   2.6800000e+01   3.0123401e-02
   2.6830000e+01   2.9897016e-02
   2.6860000e+01   2.9672134e-02
   2.6890000e+01   2.9448748e-02
   2.6920000e+01   2.9226852e-02
   2.6950000e+01   2.9006438e-02
   2.6980000e+01   2.8787501e-02
   2.7010000e+01   2.8570033e-02
   2.7040000e+01   2.8354029e-02
   2.7070000e+01   2.8139480e-02
   2.7100000e+01   2.7926382e-02
   2.7130000e+01   2.7714726e-02
   2.7160000e+01   2.7504506e-02
   2.7190000e+01   2.7295715e-02
   2.7220000e+01   2.7088348e-02
   2.7250000e+01   2.6882395e-02
   2.7280000e+01   2.6677852e-02
   2.7310000e+01   2.6474711e-02
   2.7340000e+01   2.6272966e-02
   2.7370000e+01   2.6072609e-02
   2.7400000e+01   2.5873633e-02
   2.7430000e+01   2.5676033e-02
   2.7460000e+01   2.5479800e-02
   2.7490000e+01   2.5284928e-02
   2.7520000e+01   2.5091411e-02
   2.7550000e+01   2.4899241e-02
   2.7580000e+01   2.4708411e-02
   2.7610000e+01   2.4518915e-02
   2.7640000e+01   2.4330745e-02
   2.7670000e+01   2.4143895e-02
   2.7700000e+01   2.3958358e-02
   2.7730000e+01   2.3774127e-02
   2.7760000e+01   2.3591195e-02
   2.7790000e+01   2.3409555e-02
   2.7820000e+01   2.3229200e-02
   2.7850000e+01   2.3050123e-02
   2.7880000e+01   2.2872318e-02
   2.7910000e+01   2.2695778e-02
   2.7940000e+01   2.2520494e-02
   2.7970000e+01   2.2346462e-02
   2.8000000e+01   2.2173673e-02
   2.8030000e+01   2.2002122e-02
   2.8060000e+01   2.1831800e-02
   2.8090000e+01   2.1662702e-02
   2.8120000e+01   2.1494820e-02
   2.8150000e+01   2.1328147e-02
   2.8180000e+01   2.1162677e-02
   2.8210000e+01   2.0998403e-02
   2.8240000e+01   2.0835318e-02
   2.8270000e+01   2.0673415e-02
   2.8300000e+01   2.0512687e-02
   2.8330000e+01   2.0353128e-02
   2.8360000e+01   2.0194731e-02
   2.8390000e+01   2.0037489e-02
   2.8420000e+01   1.9881395e-02
   2.8450000e+01   1.9726442e-02
   2.8480000e+01   1.9572624e-02
   2.8510000e+01   1.9419934e-02
   2.8540000e+01   1.9268366e-02
   2.8570000e+01   1.9117912e-02
   2.8600000e+01   1.8968566e-02
   2.8630000e+01   1.8820321e-02
   2.8660000e+01   1.8673171e-02
   2.8690000e+01   1.8527109e-02
   2.8720000e+01   1.8382128e-02
   2.8750000e+01   1.8238222e-02
   2.8780000e+01   1.8095385e-02
   2.8810000e+01   1.7953609e-02
   2.8840000e+01   1.7812888e-02
   2.8870000e+01   1.7673216e-02
   2.8900000e+01   1.7534585e-02
   2.8930000e+01   1.7396991e-02
   2.8960000e+01   1.7260425e-02
   2.8990000e+01   1.7124882e-02
   2.9020000e+01   1.6990356e-02
   2.9050000e+01   1.6856839e-02
   2.9080000e+01   1.6724326e-02
   2.9110000e+01   1.6592810e-02
   2.9140000e+01   1.6462284e-02
   2.9170000e+01   1.6332743e-02
   2.9200000e+01   1.6204180e-02
   2.9230000e+01   1.6076589e-02
   2.9260000e+01   1.5949964e-02
   2.9290000e+01   1.5824298e-02
   2.9320000e+01   1.5699585e-02
   2.9350000e+01   1.5575819e-02
   2.9380000e+01   1.5452993e-02
   2.9410000e+01   1.5331103e-02
   2.9440000e+01   1.5210141e-02
   2.9470000e+01   1.5090101e-02
   2.9500000e+01   1.4970978e-02
   2.9530000e+01   1.4852765e-02
   2.9560000e+01   1.4735456e-02
   2.9590000e+01   1.4619046e-02
   2.9620000e+01   1.4503527e-02
   2.9650000e+01   1.4388896e-02
   2.9680000e+01   1.4275144e-02
   2.9710000e+01   1.4162268e-02
   2.9740000e+01   1.4050259e-02
   2.9770000e+01   1.3939114e-02
   2.9800000e+01   1.3828826e-02
   2.9830000e+01   1.3719389e-02
   2.9860000e+01   1.3610797e-02
   2.9890000e+01   1.3503045e-02
   2.9920000e+01   1.3396127e-02
   2.9950000e+01   1.3290037e-02
   2.9980000e+01   1.3184770e-02
   3.0010000e+01   1.3080320e-02
   3.0040000e+01   1.2976681e-02
   3.0070000e+01   1.2873848e-02
   3.0100000e+01   1.2771815e-02
   3.0130000e+01   1.2670577e-02
   3.0160000e+01   1.2570128e-02
   3.0190000e+01   1.2470463e-02
   3.0220000e+01   1.2371576e-02
   3.0250000e+01   1.2273461e-02
   3.0280000e+01   1.2176115e-02
   3.0310000e+01   1.2079530e-02
   3.0340000e+01   1.1983702e-02
   3.0370000e+01   1.1888625e-02
   3.0400000e+01   1.1794294e-02
   3.0430000e+01   1.1700704e-02
   3.0460000e+01   1.1607850e-02
   3.0490000e+01   1.1515726e-02
   3.0520000e+01   1.1424328e-02
   3.0550000e+01   1.1333649e-02
   3.0580000e+01   1.1243685e-02
   3.0610000e+01   1.1154432e-02
   3.0640000e+01   1.1065882e-02
   3.0670000e+01   1.0978033e-02
   3.0700000e+01   1.0890878e-02
   3.0730000e+01   1.0804413e-02
   3.0760000e+01   1.0718633e-02
   3.0790000e+01   1.0633533e-02
   3.0820000e+01   1.0549107e-02
   3.0850000e+01   1.0465352e-02
   3.0880000e+01   1.0382261e-02
   3.0910000e+01   1.0299831e-02
   3.0940000e+01   1.0218057e-02
   3.0970000e+01   1.0136933e-02
   3.1000000e+01   1.0056455e-02
   3.1030000e+01   9.9766189e-03
   3.1060000e+01   9.8974192e-03
   3.1090000e+01   9.8188515e-03
   3.1120000e+01   9.7409110e-03
   3.1150000e+01   9.6635934e-03
   3.1180000e+01   9.5868938e-03
   3.1210000e+01   9.5108079e-03
   3.1240000e+01   9.4353311e-03
   3.1270000e+01   9.3604588e-03
   3.1300000e+01   9.2861866e-03
   3.1330000e+01   9.2125101e-03
   3.1360000e+01   9.1394248e-03
   3.1390000e+01   9.0669264e-03
   3.1420000e+01   8.9950104e-03
   3.1450000e+01   8.9236727e-03
   3.1480000e+01   8.8529087e-03
   3.1510000e+01   8.7827143e-03
   3.1540000e+01   8.7130852e-03
   3.1570000e+01   8.6440172e-03
   3.1600000e+01   8.5755060e-03
   3.1630000e+01   8.5075475e-03
   3.1660000e+01   8.4401375e-03
   3.1690000e+01   8.3732719e-03
   3.1720000e+01   8.3069466e-03
   3.1750000e+01   8.2411576e-03
   3.1780000e+01   8.1759007e-03
   3.1810000e+01   8.1111719e-03
   3.1840000e+01   8.0469673e-03
   3.1870000e+01   7.9832829e-03
   3.1900000e+01   7.9201147e-03
   3.1930000e+01   7.8574588e-03
   3.1960000e+01   7.7953114e-03
   3.1990000e+01   7.7336685e-03
   3.2020000e+01   7.6725263e-03
   3.2050000e+01   7.6118809e-03
   3.2080000e+01   7.5517287e-03
   3.2110000e+01   7.4920657e-03
   3.2140000e+01   7.4328883e-03
   3.2170000e+01   7.3741928e-03
   3.2200000e+01   7.3159754e-03
   3.2230000e+01   7.2582325e-03
   3.2260000e+01   7.2009605e-03
   3.2290000e+01   7.1441556e-03
   3.2320000e+01   7.0878143e-03
   3.2350000e+01   7.0319331e-03
   3.2380000e+01   6.9765084e-03
   3.2410000e+01   6.9215366e-03
   3.2440000e+01   6.8670143e-03
   3.2470000e+01   6.8129379e-03
   3.2500000e+01   6.7593041e-03
   3.2530000e+01   6.7061093e-03
   3.2560000e+01   6.6533503e-03
   3.2590000e+01   6.6010235e-03
   3.2620000e+01   6.5491256e-03
   3.2650000e+01   6.4976534e-03
   3.2680000e+01   6.4466034e-03
   3.2710000e+01   6.3959724e-03
   3.2740000e+01   6.3457571e-03
   3.2770000e+01   6.2959543e-03
   3.2800000e+01   6.2465607e-03
   3.2830000e+01   6.1975732e-03
   3.2860000e+01   6.1489885e-03
   3.2890000e+01   6.1008035e-03
   3.2920000e+01   6.0530151e-03
   3.2950000e+01   6.0056202e-03
   3.2980000e+01   5.9586156e-03
   3.3010000e+01   5.9119982e-03
   3.3040000e+01   5.8657652e-03
   3.3070000e+01   5.8199133e-03
   3.3100000e+01   5.7744396e-03
   3.3130000e+01   5.7293412e-03
   3.3160000e+01   5.6846150e-03
   3.3190000e+01   5.6402582e-03
   3.3220000e+01   5.5962677e-03
   3.3250000e+01   5.5526407e-03
   3.3280000e+01   5.5093744e-03
   3.3310000e+01   5.4664658e-03
   3.3340000e+01   5.4239122e-03
   3.3370000e+01   5.3817106e-03
   3.3400000e+01   5.3398584e-03
   3.3430000e+01   5.2983527e-03
   3.3460000e+01   5.2571907e-03
   3.3490000e+01   5.2163698e-03
   3.3520000e+01   5.1758873e-03
   3.3550000e+01   5.1357403e-03
   3.3580000e+01   5.0959263e-03
   3.3610000e+01   5.0564426e-03
   3.3640000e+01   5.0172866e-03
   3.3670000e+01   4.9784555e-03
   3.3700000e+01   4.9399470e-03
   3.3730000e+01   4.9017582e-03
   3.3760000e+01   4.8638868e-03
   3.3790000e+01   4.8263301e-03
   3.3820000e+01   4.7890857e-03
   3.3850000e+01   4.7521509e-03
   3.3880000e+01   4.7155234e-03
   3.3910000e+01   4.6792007e-03
   3.3940000e+01   4.6431803e-03
   3.3970000e+01   4.6074597e-03
   3.4000000e+01   4.5720367e-03
   3.4030000e+01   4.5369087e-03
   3.4060000e+01   4.5020734e-03
   3.4090000e+01   4.4675285e-03
   3.4120000e+01   4.4332715e-03
   3.4150000e+01   4.3993003e-03
   3.4180000e+01   4.3656123e-03
   3.4210000e+01   4.3322055e-03
   3.4240000e+01   4.2990775e-03
   3.4270000e+01   4.2662260e-03
   3.4300000e+01   4.2336488e-03
   3.4330000e+01   4.2013437e-03
   3.4360000e+01   4.1693086e-03
   3.4390000e+01   4.1375410e-03
   3.4420000e+01   4.1060391e-03
   3.4450000e+01   4.0748005e-03
   3.4480000e+01   4.0438231e-03
   3.4510000e+01   4.0131048e-03
   3.4540000e+01   3.9826436e-03
   3.4570000e+01   3.9524372e-03
   3.4600000e+01   3.9224837e-03
   3.4630000e+01   3.8927810e-03
   3.4660000e+01   3.8633270e-03
   3.4690000e+01   3.8341197e-03
   3.4720000e+01   3.8051571e-03
   3.4750000e+01   3.7764372e-03
   3.4780000e+01   3.7479581e-03
   3.4810000e+01   3.7197177e-03
   3.4840000e+01   3.6917141e-03
   3.4870000e+01   3.6639454e-03
   3.4900000e+01   3.6364097e-03
   3.4930000e+01   3.6091050e-03
   3.4960000e+01   3.5820295e-03
   3.4990000e+01   3.5551812e-03
   3.5020000e+01   3.5285584e-03
   3.5050000e+01   3.5021591e-03
   3.5080000e+01   3.4759816e-03
   3.5110000e+01   3.4500240e-03
   3.5140000e+01   3.4242846e-03
   3.5170000e+01   3.3987614e-03
   3.5200000e+01   3.3734529e-03
   3.5230000e+01   3.3483571e-03
   3.5260000e+01   3.3234724e-03
   3.5290000e+01   3.2987969e-03
   3.5320000e+01   3.2743291e-03
   3.5350000e+01   3.2500671e-03
   3.5380000e+01   3.2260094e-03
   3.5410000e+01   3.2021541e-03
   3.5440000e+01   3.1784997e-03
   3.5470000e+01   3.1550445e-03
   3.5500000e+01   3.1317868e-03
   3.5530000e+01   3.1087250e-03
   3.5560000e+01   3.0858575e-03
   3.5590000e+01   3.0631827e-03
   3.5620000e+01   3.0406990e-03
   3.5650000e+01   3.0184048e-03
   3.5680000e+01   2.9962986e-03
   3.5710000e+01   2.9743788e-03
   3.5740000e+01   2.9526439e-03
   3.5770000e+01   2.9310923e-03
   3.5800000e+01   2.9097225e-03
   3.5830000e+01   2.8885331e-03
   3.5860000e+01   2.8675225e-03
   3.5890000e+01   2.8466892e-03
   3.5920000e+01   2.8260318e-03
   3.5950000e+01   2.8055488e-03
   3.5980000e+01   2.7852387e-03
   3.6010000e+01   2.7651002e-03
   3.6040000e+01   2.7451319e-03
   3.6070000e+01   2.7253322e-03
   3.6100000e+01   2.7056998e-03
   3.6130000e+01   2.6862334e-03
   3.6160000e+01   2.6669314e-03
   3.6190000e+01   2.6477927e-03
   3.6220000e+01   2.6288158e-03
   3.6250000e+01   2.6099993e-03
   3.6280000e+01   2.5913420e-03
   3.6310000e+01   2.5728424e-03
   3.6340000e+01   2.5544994e-03
   3.6370000e+01   2.5363116e-03
   3.6400000e+01   2.5182777e-03
   3.6430000e+01   2.5003964e-03
   3.6460000e+01   2.4826664e-03
   3.6490000e+01   2.4650866e-03
   3.6520000e+01   2.4476555e-03
   3.6550000e+01   2.4303721e-03
   3.6580000e+01   2.4132351e-03
   3.6610000e+01   2.3962432e-03
   3.6640000e+01   2.3793952e-03
   3.6670000e+01   2.3626900e-03
   3.6700000e+01   2.3461263e-03
   3.6730000e+01   2.3297030e-03
   3.6760000e+01   2.3134188e-03
   3.6790000e+01   2.2972727e-03
   3.6820000e+01   2.2812635e-03
   3.6850000e+01   2.2653900e-03
   3.6880000e+01   2.2496511e-03
   3.6910000e+01   2.2340457e-03
   3.6940000e+01   2.2185726e-03
   3.6970000e+01   2.2032308e-03
   3.7000000e+01   2.1880191e-03
   3.7030000e+01   2.1729365e-03
   3.7060000e+01   2.1579818e-03
   3.7090000e+01   2.1431541e-03
   3.7120000e+01   2.1284522e-03
   3.7150000e+01   2.1138751e-03
   3.7180000e+01   2.0994218e-03
   3.7210000e+01   2.0850911e-03
   3.7240000e+01   2.0708821e-03
   3.7270000e+01   2.0567938e-03
   3.7300000e+01   2.0428252e-03
   3.7330000e+01   2.0289752e-03
   3.7360000e+01   2.0152428e-03
   3.7390000e+01   2.0016271e-03
   3.7420000e+01   1.9881270e-03
   3.7450000e+01   1.9747417e-03
   3.7480000e+01   1.9614702e-03
   3.7510000e+01   1.9483114e-03
   3.7540000e+01   1.9352644e-03
   3.7570000e+01   1.9223284e-03
   3.7600000e+01   1.9095023e-03
   3.7630000e+01   1.8967853e-03
   3.7660000e+01   1.8841764e-03
   3.7690000e+01   1.8716748e-03
   3.7720000e+01   1.8592794e-03
   3.7750000e+01   1.8469895e-03
   3.7780000e+01   1.8348041e-03
   3.7810000e+01   1.8227224e-03
   3.7840000e+01   1.8107435e-03
   3.7870000e+01   1.7988664e-03
   3.7900000e+01   1.7870905e-03
   3.7930000e+01   1.7754147e-03
   3.7960000e+01   1.7638384e-03
   3.7990000e+01   1.7523605e-03
   3.8020000e+01   1.7409804e-03
   3.8050000e+01   1.7296971e-03
   3.8080000e+01   1.7185099e-03
   3.8110000e+01   1.7074179e-03
   3.8140000e+01   1.6964204e-03
   3.8170000e+01   1.6855165e-03
   3.8200000e+01   1.6747055e-03
   3.8230000e+01   1.6639866e-03
   3.8260000e+01   1.6533589e-03
   3.8290000e+01   1.6428218e-03
   3.8320000e+01   1.6323745e-03
   3.8350000e+01   1.6220162e-03
   3.8380000e+01   1.6117461e-03
   3.8410000e+01   1.6015635e-03
   3.8440000e+01   1.5914677e-03
   3.8470000e+01   1.5814580e-03
   3.8500000e+01   1.5715335e-03
   3.8530000e+01   1.5616936e-03
   3.8560000e+01   1.5519377e-03
   3.8590000e+01   1.5422649e-03
   3.8620000e+01   1.5326745e-03
   3.8650000e+01   1.5231659e-03
   3.8680000e+01   1.5137384e-03
   3.8710000e+01   1.5043913e-03
   3.8740000e+01   1.4951239e-03
   3.8770000e+01   1.4859355e-03
   3.8800000e+01   1.4768255e-03
   3.8830000e+01   1.4677932e-03
   3.8860000e+01   1.4588379e-03
   3.8890000e+01   1.4499590e-03
   3.8920000e+01   1.4411559e-03
   3.8950000e+01   1.4324279e-03
   3.8980000e+01   1.4237744e-03
   3.9010000e+01   1.4151946e-03
   3.9040000e+01   1.4066882e-03
   3.9070000e+01   1.3982542e-03
   3.9100000e+01   1.3898923e-03
   3.9130000e+01   1.3816018e-03
   3.9160000e+01   1.3733820e-03
   3.9190000e+01   1.3652323e-03
   3.9220000e+01   1.3571523e-03
   3.9250000e+01   1.3491412e-03
   3.9280000e+01   1.3411985e-03
   3.9310000e+01   1.3333236e-03
   3.9340000e+01   1.3255160e-03
   3.9370000e+01   1.3177750e-03
   3.9400000e+01   1.3101002e-03
   3.9430000e+01   1.3024908e-03
   3.9460000e+01   1.2949465e-03
   3.9490000e+01   1.2874666e-03
   3.9520000e+01   1.2800506e-03
   3.9550000e+01   1.2726979e-03
   3.9580000e+01   1.2654081e-03
   3.9610000e+01   1.2581805e-03
   3.9640000e+01   1.2510146e-03
   3.9670000e+01   1.2439100e-03
   3.9700000e+01   1.2368661e-03
   3.9730000e+01   1.2298824e-03
   3.9760000e+01   1.2229583e-03
   3.9790000e+01   1.2160935e-03
   3.9820000e+01   1.2092872e-03
   3.9850000e+01   1.2025392e-03
   3.9880000e+01   1.1958488e-03
   3.9910000e+01   1.1892156e-03
   3.9940000e+01   1.1826391e-03
   3.9970000e+01   1.1761188e-03
   4.0000000e+01   1.1696543e-03
