   2.	0
   2.66666666666	0
   2.66666666666	1
   5.0000000e+00             1
   5.0050000e+00   5.2193733e-01
   5.0100000e+00   3.8127685e-01
   5.0150000e+00   3.1402468e-01
   5.0200000e+00   2.7462517e-01
   5.0250000e+00   2.4875614e-01
   5.0300000e+00   2.3047807e-01
   5.0350000e+00   2.1688403e-01
   5.0400000e+00   2.0638331e-01
   5.0450000e+00   1.9803223e-01
   5.0500000e+00   1.9123550e-01
   5.0550000e+00   1.8559904e-01
   5.0600000e+00   1.8085161e-01
   5.0650000e+00   1.7680037e-01
   5.0700000e+00   1.7330450e-01
   5.0750000e+00   1.7025875e-01
   5.0800000e+00   1.6758287e-01
   5.0850000e+00   1.6521463e-01
   5.0900000e+00   1.6310498e-01
   5.0950000e+00   1.6121480e-01
   5.1000000e+00   1.5951246e-01
   5.1050000e+00   1.5797213e-01
   5.1100000e+00   1.5657250e-01
   5.1150000e+00   1.5529586e-01
   5.1200000e+00   1.5412731e-01
   5.1250000e+00   1.5305431e-01
   5.1300000e+00   1.5206613e-01
   5.1350000e+00   1.5115364e-01
   5.1400000e+00   1.5030894e-01
   5.1450000e+00   1.4952519e-01
   5.1500000e+00   1.4879646e-01
   5.1550000e+00   1.4811755e-01
   5.1600000e+00   1.4748389e-01
   5.1650000e+00   1.4689147e-01
   5.1700000e+00   1.4633670e-01
   5.1750000e+00   1.4581645e-01
   5.1800000e+00   1.4532787e-01
   5.1850000e+00   1.4486846e-01
   5.1900000e+00   1.4443594e-01
   5.1950000e+00   1.4402829e-01
   5.2000000e+00   1.4364366e-01
   5.2050000e+00   1.4328041e-01
   5.2100000e+00   1.4293701e-01
   5.2150000e+00   1.4261211e-01
   5.2200000e+00   1.4230446e-01
   5.2250000e+00   1.4201292e-01
   5.2300000e+00   1.4173646e-01
   5.2350000e+00   1.4147412e-01
   5.2400000e+00   1.4122502e-01
   5.2450000e+00   1.4098837e-01
   5.2500000e+00   1.4076341e-01
   5.2550000e+00   1.4054948e-01
   5.2600000e+00   1.4034593e-01
   5.2650000e+00   1.4015219e-01
   5.2700000e+00   1.3996770e-01
   5.2750000e+00   1.3979197e-01
   5.2800000e+00   1.3962453e-01
   5.2850000e+00   1.3946495e-01
   5.2900000e+00   1.3931281e-01
   5.2950000e+00   1.3916774e-01
   5.3000000e+00   1.3902939e-01
   5.3050000e+00   1.3889742e-01
   5.3100000e+00   1.3877153e-01
   5.3150000e+00   1.3865142e-01
   5.3200000e+00   1.3853683e-01
   5.3250000e+00   1.3842750e-01
   5.3300000e+00   1.3832318e-01
   5.3350000e+00   1.3822366e-01
   5.3400000e+00   1.3812871e-01
   5.3450000e+00   1.3803814e-01
   5.3500000e+00   1.3795177e-01
   5.3550000e+00   1.3786940e-01
   5.3600000e+00   1.3779087e-01
   5.3650000e+00   1.3771603e-01
   5.3700000e+00   1.3764472e-01
   5.3750000e+00   1.3757679e-01
   5.3800000e+00   1.3751212e-01
   5.3850000e+00   1.3745057e-01
   5.3900000e+00   1.3739202e-01
   5.3950000e+00   1.3733636e-01
   5.4000000e+00   1.3728348e-01
   5.4050000e+00   1.3723326e-01
   5.4100000e+00   1.3718562e-01
   5.4150000e+00   1.3714045e-01
   5.4200000e+00   1.3709767e-01
   5.4250000e+00   1.3705718e-01
   5.4300000e+00   1.3701892e-01
   5.4350000e+00   1.3698279e-01
   5.4400000e+00   1.3694873e-01
   5.4450000e+00   1.3691667e-01
   5.4500000e+00   1.3688652e-01
   5.4550000e+00   1.3685824e-01
   5.4600000e+00   1.3683175e-01
   5.4650000e+00   1.3680700e-01
   5.4700000e+00   1.3678393e-01
   5.4750000e+00   1.3676249e-01
   5.4800000e+00   1.3674261e-01
   5.4850000e+00   1.3672426e-01
   5.4900000e+00   1.3670739e-01
   5.4950000e+00   1.3669194e-01
   5.5000000e+00   1.3667787e-01
   5.5050000e+00   1.3666514e-01
   5.5100000e+00   1.3665372e-01
   5.5150000e+00   1.3664355e-01
   5.5200000e+00   1.3663460e-01
   5.5250000e+00   1.3662684e-01
   5.5300000e+00   1.3662023e-01
   5.5350000e+00   1.3661473e-01
   5.5400000e+00   1.3661032e-01
   5.5450000e+00   1.3660696e-01
   5.5500000e+00   1.3660462e-01
   5.5550000e+00   1.3660327e-01
   5.5600000e+00   1.3660289e-01
   5.5650000e+00   1.3660345e-01
   5.5700000e+00   1.3660492e-01
   5.5750000e+00   1.3660727e-01
   5.5800000e+00   1.3661049e-01
   5.5850000e+00   1.3661455e-01
   5.5900000e+00   1.3661942e-01
   5.5950000e+00   1.3662508e-01
   5.6000000e+00   1.3663152e-01
   5.6050000e+00   1.3663871e-01
   5.6100000e+00   1.3664663e-01
   5.6150000e+00   1.3665527e-01
   5.6200000e+00   1.3666460e-01
   5.6250000e+00   1.3667460e-01
   5.6300000e+00   1.3668527e-01
   5.6350000e+00   1.3669658e-01
   5.6400000e+00   1.3670851e-01
   5.6450000e+00   1.3672106e-01
   5.6500000e+00   1.3673420e-01
   5.6550000e+00   1.3674792e-01
   5.6600000e+00   1.3676221e-01
   5.6650000e+00   1.3677705e-01
   5.6700000e+00   1.3679243e-01
   5.6750000e+00   1.3680833e-01
   5.6800000e+00   1.3682475e-01
   5.6850000e+00   1.3684166e-01
   5.6900000e+00   1.3685907e-01
   5.6950000e+00   1.3687695e-01
   5.7000000e+00   1.3689530e-01
   5.7050000e+00   1.3691410e-01
   5.7100000e+00   1.3693335e-01
   5.7150000e+00   1.3695303e-01
   5.7200000e+00   1.3697313e-01
   5.7250000e+00   1.3699365e-01
   5.7300000e+00   1.3701458e-01
   5.7350000e+00   1.3703589e-01
   5.7400000e+00   1.3705760e-01
   5.7450000e+00   1.3707968e-01
   5.7500000e+00   1.3710213e-01
   5.7550000e+00   1.3712494e-01
   5.7600000e+00   1.3714810e-01
   5.7650000e+00   1.3717161e-01
   5.7700000e+00   1.3719545e-01
   5.7750000e+00   1.3721963e-01
   5.7800000e+00   1.3724413e-01
   5.7850000e+00   1.3726894e-01
   5.7900000e+00   1.3729406e-01
   5.7950000e+00   1.3731948e-01
   5.8000000e+00   1.3734520e-01
   5.8050000e+00   1.3737121e-01
   5.8100000e+00   1.3739750e-01
   5.8150000e+00   1.3742406e-01
   5.8200000e+00   1.3745090e-01
   5.8250000e+00   1.3747800e-01
   5.8300000e+00   1.3750536e-01
   5.8350000e+00   1.3753298e-01
   5.8400000e+00   1.3756084e-01
   5.8450000e+00   1.3758895e-01
   5.8500000e+00   1.3761730e-01
   5.8550000e+00   1.3764588e-01
   5.8600000e+00   1.3767469e-01
   5.8650000e+00   1.3770372e-01
   5.8700000e+00   1.3773297e-01
   5.8750000e+00   1.3776243e-01
   5.8800000e+00   1.3779211e-01
   5.8850000e+00   1.3782199e-01
   5.8900000e+00   1.3785208e-01
   5.8950000e+00   1.3788236e-01
   5.9000000e+00   1.3791283e-01
   5.9050000e+00   1.3794350e-01
   5.9100000e+00   1.3797435e-01
   5.9150000e+00   1.3800538e-01
   5.9200000e+00   1.3803659e-01
   5.9250000e+00   1.3806798e-01
   5.9300000e+00   1.3809954e-01
   5.9350000e+00   1.3813126e-01
   5.9400000e+00   1.3816315e-01
   5.9450000e+00   1.3819520e-01
   5.9500000e+00   1.3822741e-01
   5.9550000e+00   1.3825978e-01
   5.9600000e+00   1.3829229e-01
   5.9650000e+00   1.3832496e-01
   5.9700000e+00   1.3835777e-01
   5.9750000e+00   1.3839072e-01
   5.9800000e+00   1.3842382e-01
   5.9850000e+00   1.3845705e-01
   5.9900000e+00   1.3849042e-01
   5.9950000e+00   1.3852391e-01
   6.0000000e+00   1.3855754e-01
   6.0050000e+00   1.3859130e-01
   6.0100000e+00   1.3862518e-01
   6.0150000e+00   1.3865918e-01
   6.0200000e+00   1.3869330e-01
   6.0250000e+00   1.3872753e-01
   6.0300000e+00   1.3876189e-01
   6.0350000e+00   1.3879635e-01
   6.0400000e+00   1.3883093e-01
   6.0450000e+00   1.3886561e-01
   6.0500000e+00   1.3890040e-01
   6.0550000e+00   1.3893529e-01
   6.0600000e+00   1.3897029e-01
   6.0650000e+00   1.3900539e-01
   6.0700000e+00   1.3904058e-01
   6.0750000e+00   1.3907587e-01
   6.0800000e+00   1.3911125e-01
   6.0850000e+00   1.3914673e-01
   6.0900000e+00   1.3918230e-01
   6.0950000e+00   1.3921795e-01
   6.1000000e+00   1.3925369e-01
   6.1050000e+00   1.3928952e-01
   6.1100000e+00   1.3932543e-01
   6.1150000e+00   1.3936142e-01
   6.1200000e+00   1.3939750e-01
   6.1250000e+00   1.3943365e-01
   6.1300000e+00   1.3946988e-01
   6.1350000e+00   1.3950618e-01
   6.1400000e+00   1.3954256e-01
   6.1450000e+00   1.3957901e-01
   6.1500000e+00   1.3961553e-01
   6.1550000e+00   1.3965212e-01
   6.1600000e+00   1.3968878e-01
   6.1650000e+00   1.3972551e-01
   6.1700000e+00   1.3976230e-01
   6.1750000e+00   1.3979915e-01
   6.1800000e+00   1.3983607e-01
   6.1850000e+00   1.3987305e-01
   6.1900000e+00   1.3991009e-01
   6.1950000e+00   1.3994719e-01
   6.2000000e+00   1.3998434e-01
   6.2050000e+00   1.4002155e-01
   6.2100000e+00   1.4005882e-01
   6.2150000e+00   1.4009614e-01
   6.2200000e+00   1.4013352e-01
   6.2250000e+00   1.4017094e-01
   6.2300000e+00   1.4020842e-01
   6.2350000e+00   1.4024595e-01
   6.2400000e+00   1.4028352e-01
   6.2450000e+00   1.4032114e-01
   6.2500000e+00   1.4035881e-01
   6.2550000e+00   1.4039653e-01
   6.2600000e+00   1.4043428e-01
   6.2650000e+00   1.4047209e-01
   6.2700000e+00   1.4050993e-01
   6.2750000e+00   1.4054782e-01
   6.2800000e+00   1.4058574e-01
   6.2850000e+00   1.4062371e-01
   6.2900000e+00   1.4066171e-01
   6.2950000e+00   1.4069975e-01
   6.3000000e+00   1.4073783e-01
   6.3050000e+00   1.4077595e-01
   6.3100000e+00   1.4081410e-01
   6.3150000e+00   1.4085228e-01
   6.3200000e+00   1.4089050e-01
   6.3250000e+00   1.4092875e-01
   6.3300000e+00   1.4096703e-01
   6.3350000e+00   1.4100534e-01
   6.3400000e+00   1.4104368e-01
   6.3450000e+00   1.4108206e-01
   6.3500000e+00   1.4112046e-01
   6.3550000e+00   1.4115888e-01
   6.3600000e+00   1.4119734e-01
   6.3650000e+00   1.4123582e-01
   6.3700000e+00   1.4127433e-01
   6.3750000e+00   1.4131286e-01
   6.3800000e+00   1.4135142e-01
   6.3850000e+00   1.4139000e-01
   6.3900000e+00   1.4142860e-01
   6.3950000e+00   1.4146723e-01
   6.4000000e+00   1.4150587e-01
   6.4050000e+00   1.4154454e-01
   6.4100000e+00   1.4158323e-01
   6.4150000e+00   1.4162194e-01
   6.4200000e+00   1.4166066e-01
   6.4250000e+00   1.4169941e-01
   6.4300000e+00   1.4173817e-01
   6.4350000e+00   1.4177695e-01
   6.4400000e+00   1.4181575e-01
   6.4450000e+00   1.4185456e-01
   6.4500000e+00   1.4189339e-01
   6.4550000e+00   1.4193223e-01
   6.4600000e+00   1.4197108e-01
   6.4650000e+00   1.4200996e-01
   6.4700000e+00   1.4204884e-01
   6.4750000e+00   1.4208773e-01
   6.4800000e+00   1.4212664e-01
   6.4850000e+00   1.4216556e-01
   6.4900000e+00   1.4220449e-01
   6.4950000e+00   1.4224344e-01
   6.5000000e+00   1.4228239e-01
   6.5050000e+00   1.4232135e-01
   6.5100000e+00   1.4236032e-01
   6.5150000e+00   1.4239930e-01
   6.5200000e+00   1.4243828e-01
   6.5250000e+00   1.4247728e-01
   6.5300000e+00   1.4251628e-01
   6.5350000e+00   1.4255529e-01
   6.5400000e+00   1.4259430e-01
   6.5450000e+00   1.4263332e-01
   6.5500000e+00   1.4267235e-01
   6.5550000e+00   1.4271138e-01
   6.5600000e+00   1.4275041e-01
   6.5650000e+00   1.4278945e-01
   6.5700000e+00   1.4282849e-01
   6.5750000e+00   1.4286754e-01
   6.5800000e+00   1.4290659e-01
   6.5850000e+00   1.4294564e-01
   6.5900000e+00   1.4298469e-01
   6.5950000e+00   1.4302374e-01
   6.6000000e+00   1.4306280e-01
   6.6050000e+00   1.4310186e-01
   6.6100000e+00   1.4314091e-01
   6.6150000e+00   1.4317997e-01
   6.6200000e+00   1.4321903e-01
   6.6250000e+00   1.4325808e-01
   6.6300000e+00   1.4329714e-01
   6.6350000e+00   1.4333619e-01
   6.6400000e+00   1.4337524e-01
   6.6450000e+00   1.4341429e-01
   6.6500000e+00   1.4345334e-01
   6.6550000e+00   1.4349238e-01
   6.6600000e+00   1.4353142e-01
   6.6650000e+00   1.4357046e-01
   6.6700000e+00   1.4360949e-01
   6.6750000e+00   1.4364852e-01
   6.6800000e+00   1.4368755e-01
   6.6850000e+00   1.4372657e-01
   6.6900000e+00   1.4376558e-01
   6.6950000e+00   1.4380459e-01
   6.7000000e+00   1.4384359e-01
   6.7050000e+00   1.4388259e-01
   6.7100000e+00   1.4392158e-01
   6.7150000e+00   1.4396057e-01
   6.7200000e+00   1.4399955e-01
   6.7250000e+00   1.4403852e-01
   6.7300000e+00   1.4407748e-01
   6.7350000e+00   1.4411643e-01
   6.7400000e+00   1.4415538e-01
   6.7450000e+00   1.4419432e-01
   6.7500000e+00   1.4423325e-01
   6.7550000e+00   1.4427217e-01
   6.7600000e+00   1.4431108e-01
   6.7650000e+00   1.4434998e-01
   6.7700000e+00   1.4438888e-01
   6.7750000e+00   1.4442776e-01
   6.7800000e+00   1.4446663e-01
   6.7850000e+00   1.4450549e-01
   6.7900000e+00   1.4454434e-01
   6.7950000e+00   1.4458318e-01
   6.8000000e+00   1.4462201e-01
   6.8050000e+00   1.4466083e-01
   6.8100000e+00   1.4469963e-01
   6.8150000e+00   1.4473843e-01
   6.8200000e+00   1.4477721e-01
   6.8250000e+00   1.4481598e-01
   6.8300000e+00   1.4485473e-01
   6.8350000e+00   1.4489347e-01
   6.8400000e+00   1.4493220e-01
   6.8450000e+00   1.4497092e-01
   6.8500000e+00   1.4500962e-01
   6.8550000e+00   1.4504831e-01
   6.8600000e+00   1.4508699e-01
   6.8650000e+00   1.4512565e-01
   6.8700000e+00   1.4516429e-01
   6.8750000e+00   1.4520292e-01
   6.8800000e+00   1.4524154e-01
   6.8850000e+00   1.4528014e-01
   6.8900000e+00   1.4531873e-01
   6.8950000e+00   1.4535730e-01
   6.9000000e+00   1.4539585e-01
   6.9050000e+00   1.4543439e-01
   6.9100000e+00   1.4547291e-01
   6.9150000e+00   1.4551142e-01
   6.9200000e+00   1.4554990e-01
   6.9250000e+00   1.4558838e-01
   6.9300000e+00   1.4562683e-01
   6.9350000e+00   1.4566527e-01
   6.9400000e+00   1.4570369e-01
   6.9450000e+00   1.4574210e-01
   6.9500000e+00   1.4578048e-01
   6.9550000e+00   1.4581885e-01
   6.9600000e+00   1.4585720e-01
   6.9650000e+00   1.4589553e-01
   6.9700000e+00   1.4593384e-01
   6.9750000e+00   1.4597214e-01
   6.9800000e+00   1.4601041e-01
   6.9850000e+00   1.4604867e-01
   6.9900000e+00   1.4608691e-01
   6.9950000e+00   1.4612513e-01
   7.0000000e+00   1.4616333e-01
   7.0050000e+00   1.4620151e-01
   7.0100000e+00   1.4623967e-01
   7.0150000e+00   1.4627781e-01
   7.0200000e+00   1.4631593e-01
   7.0250000e+00   1.4635403e-01
   7.0300000e+00   1.4639211e-01
   7.0350000e+00   1.4643016e-01
   7.0400000e+00   1.4646820e-01
   7.0450000e+00   1.4650622e-01
   7.0500000e+00   1.4654422e-01
   7.0550000e+00   1.4658219e-01
   7.0600000e+00   1.4662014e-01
   7.0650000e+00   1.4665808e-01
   7.0700000e+00   1.4669599e-01
   7.0750000e+00   1.4673388e-01
   7.0800000e+00   1.4677174e-01
   7.0850000e+00   1.4680959e-01
   7.0900000e+00   1.4684741e-01
   7.0950000e+00   1.4688521e-01
   7.1000000e+00   1.4692299e-01
   7.1050000e+00   1.4696075e-01
   7.1100000e+00   1.4699848e-01
   7.1150000e+00   1.4703619e-01
   7.1200000e+00   1.4707387e-01
   7.1250000e+00   1.4711154e-01
   7.1300000e+00   1.4714918e-01
   7.1350000e+00   1.4718680e-01
   7.1400000e+00   1.4722439e-01
   7.1450000e+00   1.4726196e-01
   7.1500000e+00   1.4729951e-01
   7.1550000e+00   1.4733703e-01
   7.1600000e+00   1.4737453e-01
   7.1650000e+00   1.4741200e-01
   7.1700000e+00   1.4744945e-01
   7.1750000e+00   1.4748688e-01
   7.1800000e+00   1.4752428e-01
   7.1850000e+00   1.4756166e-01
   7.1900000e+00   1.4759901e-01
   7.1950000e+00   1.4763633e-01
   7.2000000e+00   1.4767364e-01
   7.2050000e+00   1.4771091e-01
   7.2100000e+00   1.4774817e-01
   7.2150000e+00   1.4778539e-01
   7.2200000e+00   1.4782259e-01
   7.2250000e+00   1.4785977e-01
   7.2300000e+00   1.4789692e-01
   7.2350000e+00   1.4793404e-01
   7.2400000e+00   1.4797114e-01
   7.2450000e+00   1.4800822e-01
   7.2500000e+00   1.4804526e-01
   7.2550000e+00   1.4808228e-01
   7.2600000e+00   1.4811928e-01
   7.2650000e+00   1.4815624e-01
   7.2700000e+00   1.4819319e-01
   7.2750000e+00   1.4823010e-01
   7.2800000e+00   1.4826699e-01
   7.2850000e+00   1.4830385e-01
   7.2900000e+00   1.4834069e-01
   7.2950000e+00   1.4837749e-01
   7.3000000e+00   1.4841427e-01
   7.3050000e+00   1.4845103e-01
   7.3100000e+00   1.4848775e-01
   7.3150000e+00   1.4852445e-01
   7.3200000e+00   1.4856113e-01
   7.3250000e+00   1.4859777e-01
   7.3300000e+00   1.4863439e-01
   7.3350000e+00   1.4867098e-01
   7.3400000e+00   1.4870754e-01
   7.3450000e+00   1.4874407e-01
   7.3500000e+00   1.4878058e-01
   7.3550000e+00   1.4881705e-01
   7.3600000e+00   1.4885350e-01
   7.3650000e+00   1.4888992e-01
   7.3700000e+00   1.4892632e-01
   7.3750000e+00   1.4896268e-01
   7.3800000e+00   1.4899902e-01
   7.3850000e+00   1.4903533e-01
   7.3900000e+00   1.4907161e-01
   7.3950000e+00   1.4910786e-01
   7.4000000e+00   1.4914408e-01
   7.4050000e+00   1.4918027e-01
   7.4100000e+00   1.4921643e-01
   7.4150000e+00   1.4925257e-01
   7.4200000e+00   1.4928868e-01
   7.4250000e+00   1.4932475e-01
   7.4300000e+00   1.4936080e-01
   7.4350000e+00   1.4939682e-01
   7.4400000e+00   1.4943281e-01
   7.4450000e+00   1.4946877e-01
   7.4500000e+00   1.4950470e-01
   7.4550000e+00   1.4954060e-01
   7.4600000e+00   1.4957647e-01
   7.4650000e+00   1.4961231e-01
   7.4700000e+00   1.4964812e-01
   7.4750000e+00   1.4968390e-01
   7.4800000e+00   1.4971965e-01
   7.4850000e+00   1.4975538e-01
   7.4900000e+00   1.4979107e-01
   7.4950000e+00   1.4982673e-01
   7.5000000e+00   1.4986236e-01
   7.5050000e+00   1.4989796e-01
   7.5100000e+00   1.4993353e-01
   7.5150000e+00   1.4996907e-01
   7.5200000e+00   1.5000458e-01
   7.5250000e+00   1.5004006e-01
   7.5300000e+00   1.5007551e-01
   7.5350000e+00   1.5011093e-01
   7.5400000e+00   1.5014632e-01
   7.5450000e+00   1.5018168e-01
   7.5500000e+00   1.5021700e-01
   7.5550000e+00   1.5025230e-01
   7.5600000e+00   1.5028756e-01
   7.5650000e+00   1.5032279e-01
   7.5700000e+00   1.5035800e-01
   7.5750000e+00   1.5039317e-01
   7.5800000e+00   1.5042831e-01
   7.5850000e+00   1.5046342e-01
   7.5900000e+00   1.5049850e-01
   7.5950000e+00   1.5053354e-01
   7.6000000e+00   1.5056856e-01
   7.6050000e+00   1.5060354e-01
   7.6100000e+00   1.5063849e-01
   7.6150000e+00   1.5067341e-01
   7.6200000e+00   1.5070830e-01
   7.6250000e+00   1.5074316e-01
   7.6300000e+00   1.5077799e-01
   7.6350000e+00   1.5081278e-01
   7.6400000e+00   1.5084755e-01
   7.6450000e+00   1.5088228e-01
   7.6500000e+00   1.5091698e-01
   7.6550000e+00   1.5095164e-01
   7.6600000e+00   1.5098628e-01
   7.6650000e+00   1.5102088e-01
   7.6700000e+00   1.5105545e-01
   7.6750000e+00   1.5108999e-01
   7.6800000e+00   1.5112450e-01
   7.6850000e+00   1.5115897e-01
   7.6900000e+00   1.5119342e-01
   7.6950000e+00   1.5122783e-01
   7.7000000e+00   1.5126220e-01
   7.7050000e+00   1.5129655e-01
   7.7100000e+00   1.5133086e-01
   7.7150000e+00   1.5136514e-01
   7.7200000e+00   1.5139939e-01
   7.7250000e+00   1.5143361e-01
   7.7300000e+00   1.5146779e-01
   7.7350000e+00   1.5150194e-01
   7.7400000e+00   1.5153606e-01
   7.7450000e+00   1.5157015e-01
   7.7500000e+00   1.5160420e-01
   7.7550000e+00   1.5163822e-01
   7.7600000e+00   1.5167221e-01
   7.7650000e+00   1.5170616e-01
   7.7700000e+00   1.5174008e-01
   7.7750000e+00   1.5177397e-01
   7.7800000e+00   1.5180783e-01
   7.7850000e+00   1.5184165e-01
   7.7900000e+00   1.5187544e-01
   7.7950000e+00   1.5190920e-01
   7.8000000e+00   1.5194292e-01
   7.8050000e+00   1.5197661e-01
   7.8100000e+00   1.5201027e-01
   7.8150000e+00   1.5204389e-01
   7.8200000e+00   1.5207748e-01
   7.8250000e+00   1.5211104e-01
   7.8300000e+00   1.5214457e-01
   7.8350000e+00   1.5217806e-01
   7.8400000e+00   1.5221152e-01
   7.8450000e+00   1.5224494e-01
   7.8500000e+00   1.5227833e-01
   7.8550000e+00   1.5231169e-01
   7.8600000e+00   1.5234502e-01
   7.8650000e+00   1.5237831e-01
   7.8700000e+00   1.5241157e-01
   7.8750000e+00   1.5244479e-01
   7.8800000e+00   1.5247798e-01
   7.8850000e+00   1.5251114e-01
   7.8900000e+00   1.5254426e-01
   7.8950000e+00   1.5257735e-01
   7.9000000e+00   1.5261041e-01
   7.9050000e+00   1.5264343e-01
   7.9100000e+00   1.5267642e-01
   7.9150000e+00   1.5270937e-01
   7.9200000e+00   1.5274230e-01
   7.9250000e+00   1.5277518e-01
   7.9300000e+00   1.5280804e-01
   7.9350000e+00   1.5284086e-01
   7.9400000e+00   1.5287364e-01
   7.9450000e+00   1.5290640e-01
   7.9500000e+00   1.5293911e-01
   7.9550000e+00   1.5297180e-01
   7.9600000e+00   1.5300445e-01
   7.9650000e+00   1.5303707e-01
   7.9700000e+00   1.5306965e-01
   7.9750000e+00   1.5310220e-01
   7.9800000e+00   1.5313471e-01
   7.9850000e+00   1.5316719e-01
   7.9900000e+00   1.5319964e-01
   7.9950000e+00   1.5323205e-01
   8.0000000e+00   1.5326443e-01
   8.0050000e+00   1.5329678e-01
   8.0100000e+00   1.5332909e-01
   8.0150000e+00   1.5336136e-01
   8.0200000e+00   1.5339360e-01
   8.0250000e+00   1.5342581e-01
   8.0300000e+00   1.5345799e-01
   8.0350000e+00   1.5349013e-01
   8.0400000e+00   1.5352223e-01
   8.0450000e+00   1.5355430e-01
   8.0500000e+00   1.5358634e-01
   8.0550000e+00   1.5361834e-01
   8.0600000e+00   1.5365031e-01
   8.0650000e+00   1.5368224e-01
   8.0700000e+00   1.5371414e-01
   8.0750000e+00   1.5374601e-01
   8.0800000e+00   1.5377784e-01
   8.0850000e+00   1.5380964e-01
   8.0900000e+00   1.5384140e-01
   8.0950000e+00   1.5387313e-01
   8.1000000e+00   1.5390482e-01
   8.1050000e+00   1.5393648e-01
   8.1100000e+00   1.5396810e-01
   8.1150000e+00   1.5399969e-01
   8.1200000e+00   1.5403125e-01
   8.1250000e+00   1.5406277e-01
   8.1300000e+00   1.5409426e-01
   8.1350000e+00   1.5412571e-01
   8.1400000e+00   1.5415713e-01
   8.1450000e+00   1.5418851e-01
   8.1500000e+00   1.5421986e-01
   8.1550000e+00   1.5425117e-01
   8.1600000e+00   1.5428245e-01
   8.1650000e+00   1.5431370e-01
   8.1700000e+00   1.5434491e-01
   8.1750000e+00   1.5437609e-01
   8.1800000e+00   1.5440723e-01
   8.1850000e+00   1.5443834e-01
   8.1900000e+00   1.5446941e-01
   8.1950000e+00   1.5450045e-01
   8.2000000e+00   1.5453145e-01
   8.2050000e+00   1.5456242e-01
   8.2100000e+00   1.5459335e-01
   8.2150000e+00   1.5462425e-01
   8.2200000e+00   1.5465512e-01
   8.2250000e+00   1.5468595e-01
   8.2300000e+00   1.5471674e-01
   8.2350000e+00   1.5474751e-01
   8.2400000e+00   1.5477823e-01
   8.2450000e+00   1.5480892e-01
   8.2500000e+00   1.5483958e-01
   8.2550000e+00   1.5487020e-01
   8.2600000e+00   1.5490079e-01
   8.2650000e+00   1.5493135e-01
   8.2700000e+00   1.5496186e-01
   8.2750000e+00   1.5499235e-01
   8.2800000e+00   1.5502280e-01
   8.2850000e+00   1.5505321e-01
   8.2900000e+00   1.5508359e-01
   8.2950000e+00   1.5511394e-01
   8.3000000e+00   1.5514425e-01
   8.3050000e+00   1.5517453e-01
   8.3100000e+00   1.5520477e-01
   8.3150000e+00   1.5523497e-01
   8.3200000e+00   1.5526515e-01
   8.3250000e+00   1.5529528e-01
   8.3300000e+00   1.5532539e-01
   8.3350000e+00   1.5535545e-01
   8.3400000e+00   1.5538549e-01
   8.3450000e+00   1.5541549e-01
   8.3500000e+00   1.5544545e-01
   8.3550000e+00   1.5547538e-01
   8.3600000e+00   1.5550528e-01
   8.3650000e+00   1.5553514e-01
   8.3700000e+00   1.5556496e-01
   8.3750000e+00   1.5559475e-01
   8.3800000e+00   1.5562451e-01
   8.3850000e+00   1.5565423e-01
   8.3900000e+00   1.5568392e-01
   8.3950000e+00   1.5571357e-01
   8.4000000e+00   1.5574319e-01
   8.4050000e+00   1.5577277e-01
   8.4100000e+00   1.5580232e-01
   8.4150000e+00   1.5583183e-01
   8.4200000e+00   1.5586131e-01
   8.4250000e+00   1.5589075e-01
   8.4300000e+00   1.5592016e-01
   8.4350000e+00   1.5594954e-01
   8.4400000e+00   1.5597888e-01
   8.4450000e+00   1.5600819e-01
   8.4500000e+00   1.5603746e-01
   8.4550000e+00   1.5606669e-01
   8.4600000e+00   1.5609590e-01
   8.4650000e+00   1.5612506e-01
   8.4700000e+00   1.5615420e-01
   8.4750000e+00   1.5618329e-01
   8.4800000e+00   1.5621236e-01
   8.4850000e+00   1.5624139e-01
   8.4900000e+00   1.5627038e-01
   8.4950000e+00   1.5629934e-01
   8.5000000e+00   1.5632827e-01
   8.5050000e+00   1.5635716e-01
   8.5100000e+00   1.5638601e-01
   8.5150000e+00   1.5641484e-01
   8.5200000e+00   1.5644362e-01
   8.5250000e+00   1.5647238e-01
   8.5300000e+00   1.5650109e-01
   8.5350000e+00   1.5652978e-01
   8.5400000e+00   1.5655843e-01
   8.5450000e+00   1.5658704e-01
   8.5500000e+00   1.5661562e-01
   8.5550000e+00   1.5664417e-01
   8.5600000e+00   1.5667268e-01
   8.5650000e+00   1.5670116e-01
   8.5700000e+00   1.5672960e-01
   8.5750000e+00   1.5675801e-01
   8.5800000e+00   1.5678638e-01
   8.5850000e+00   1.5681472e-01
   8.5900000e+00   1.5684302e-01
   8.5950000e+00   1.5687129e-01
   8.6000000e+00   1.5689953e-01
   8.6050000e+00   1.5692773e-01
   8.6100000e+00   1.5695590e-01
   8.6150000e+00   1.5698403e-01
   8.6200000e+00   1.5701213e-01
   8.6250000e+00   1.5704019e-01
   8.6300000e+00   1.5706822e-01
   8.6350000e+00   1.5709622e-01
   8.6400000e+00   1.5712418e-01
   8.6450000e+00   1.5715211e-01
   8.6500000e+00   1.5718000e-01
   8.6550000e+00   1.5720786e-01
   8.6600000e+00   1.5723568e-01
   8.6650000e+00   1.5726347e-01
   8.6700000e+00   1.5729123e-01
   8.6750000e+00   1.5731895e-01
   8.6800000e+00   1.5734664e-01
   8.6850000e+00   1.5737429e-01
   8.6900000e+00   1.5740191e-01
   8.6950000e+00   1.5742949e-01
   8.7000000e+00   1.5745704e-01
   8.7050000e+00   1.5748456e-01
   8.7100000e+00   1.5751204e-01
   8.7150000e+00   1.5753949e-01
   8.7200000e+00   1.5756691e-01
   8.7250000e+00   1.5759429e-01
   8.7300000e+00   1.5762163e-01
   8.7350000e+00   1.5764894e-01
   8.7400000e+00   1.5767622e-01
   8.7450000e+00   1.5770347e-01
   8.7500000e+00   1.5773068e-01
   8.7550000e+00   1.5775785e-01
   8.7600000e+00   1.5778499e-01
   8.7650000e+00   1.5781210e-01
   8.7700000e+00   1.5783918e-01
   8.7750000e+00   1.5786622e-01
   8.7800000e+00   1.5789322e-01
   8.7850000e+00   1.5792019e-01
   8.7900000e+00   1.5794713e-01
   8.7950000e+00   1.5797404e-01
   8.8000000e+00   1.5800091e-01
   8.8050000e+00   1.5802774e-01
   8.8100000e+00   1.5805455e-01
   8.8150000e+00   1.5808132e-01
   8.8200000e+00   1.5810805e-01
   8.8250000e+00   1.5813475e-01
   8.8300000e+00   1.5816142e-01
   8.8350000e+00   1.5818805e-01
   8.8400000e+00   1.5821466e-01
   8.8450000e+00   1.5824122e-01
   8.8500000e+00   1.5826776e-01
   8.8550000e+00   1.5829425e-01
   8.8600000e+00   1.5832072e-01
   8.8650000e+00   1.5834715e-01
   8.8700000e+00   1.5837355e-01
   8.8750000e+00   1.5839992e-01
   8.8800000e+00   1.5842625e-01
   8.8850000e+00   1.5845254e-01
   8.8900000e+00   1.5847881e-01
   8.8950000e+00   1.5850504e-01
   8.9000000e+00   1.5853124e-01
   8.9050000e+00   1.5855740e-01
   8.9100000e+00   1.5858353e-01
   8.9150000e+00   1.5860963e-01
   8.9200000e+00   1.5863569e-01
   8.9250000e+00   1.5866172e-01
   8.9300000e+00   1.5868772e-01
   8.9350000e+00   1.5871368e-01
   8.9400000e+00   1.5873961e-01
   8.9450000e+00   1.5876551e-01
   8.9500000e+00   1.5879137e-01
   8.9550000e+00   1.5881720e-01
   8.9600000e+00   1.5884300e-01
   8.9650000e+00   1.5886876e-01
   8.9700000e+00   1.5889449e-01
   8.9750000e+00   1.5892019e-01
   8.9800000e+00   1.5894585e-01
   8.9850000e+00   1.5897148e-01
   8.9900000e+00   1.5899708e-01
   8.9950000e+00   1.5902264e-01
   9.0000000e+00   1.5904817e-01
   9.0050000e+00   1.5907367e-01
   9.0100000e+00   1.5909914e-01
   9.0150000e+00   1.5912457e-01
   9.0200000e+00   1.5914997e-01
   9.0250000e+00   1.5917533e-01
   9.0300000e+00   1.5920067e-01
   9.0350000e+00   1.5922597e-01
   9.0400000e+00   1.5925123e-01
   9.0450000e+00   1.5927647e-01
   9.0500000e+00   1.5930167e-01
   9.0550000e+00   1.5932684e-01
   9.0600000e+00   1.5935197e-01
   9.0650000e+00   1.5937707e-01
   9.0700000e+00   1.5940214e-01
   9.0750000e+00   1.5942718e-01
   9.0800000e+00   1.5945219e-01
   9.0850000e+00   1.5947716e-01
   9.0900000e+00   1.5950210e-01
   9.0950000e+00   1.5952700e-01
   9.1000000e+00   1.5955188e-01
   9.1050000e+00   1.5957672e-01
   9.1100000e+00   1.5960152e-01
   9.1150000e+00   1.5962630e-01
   9.1200000e+00   1.5965104e-01
   9.1250000e+00   1.5967575e-01
   9.1300000e+00   1.5970043e-01
   9.1350000e+00   1.5972508e-01
   9.1400000e+00   1.5974969e-01
   9.1450000e+00   1.5977427e-01
   9.1500000e+00   1.5979882e-01
   9.1550000e+00   1.5982333e-01
   9.1600000e+00   1.5984782e-01
   9.1650000e+00   1.5987227e-01
   9.1700000e+00   1.5989668e-01
   9.1750000e+00   1.5992107e-01
   9.1800000e+00   1.5994542e-01
   9.1850000e+00   1.5996975e-01
   9.1900000e+00   1.5999404e-01
   9.1950000e+00   1.6001829e-01
   9.2000000e+00   1.6004252e-01
   9.2050000e+00   1.6006671e-01
   9.2100000e+00   1.6009087e-01
   9.2150000e+00   1.6011500e-01
   9.2200000e+00   1.6013909e-01
   9.2250000e+00   1.6016316e-01
   9.2300000e+00   1.6018719e-01
   9.2350000e+00   1.6021119e-01
   9.2400000e+00   1.6023516e-01
   9.2450000e+00   1.6025910e-01
   9.2500000e+00   1.6028300e-01
   9.2550000e+00   1.6030687e-01
   9.2600000e+00   1.6033071e-01
   9.2650000e+00   1.6035452e-01
   9.2700000e+00   1.6037830e-01
   9.2750000e+00   1.6040204e-01
   9.2800000e+00   1.6042575e-01
   9.2850000e+00   1.6044944e-01
   9.2900000e+00   1.6047308e-01
   9.2950000e+00   1.6049670e-01
   9.3000000e+00   1.6052029e-01
   9.3050000e+00   1.6054384e-01
   9.3100000e+00   1.6056736e-01
   9.3150000e+00   1.6059086e-01
   9.3200000e+00   1.6061432e-01
   9.3250000e+00   1.6063774e-01
   9.3300000e+00   1.6066114e-01
   9.3350000e+00   1.6068450e-01
   9.3400000e+00   1.6070784e-01
   9.3450000e+00   1.6073114e-01
   9.3500000e+00   1.6075441e-01
   9.3550000e+00   1.6077765e-01
   9.3600000e+00   1.6080086e-01
   9.3650000e+00   1.6082403e-01
   9.3700000e+00   1.6084718e-01
   9.3750000e+00   1.6087029e-01
   9.3800000e+00   1.6089337e-01
   9.3850000e+00   1.6091642e-01
   9.3900000e+00   1.6093944e-01
   9.3950000e+00   1.6096243e-01
   9.4000000e+00   1.6098539e-01
   9.4050000e+00   1.6100831e-01
   9.4100000e+00   1.6103121e-01
   9.4150000e+00   1.6105407e-01
   9.4200000e+00   1.6107691e-01
   9.4250000e+00   1.6109971e-01
   9.4300000e+00   1.6112248e-01
   9.4350000e+00   1.6114522e-01
   9.4400000e+00   1.6116793e-01
   9.4450000e+00   1.6119060e-01
   9.4500000e+00   1.6121325e-01
   9.4550000e+00   1.6123587e-01
   9.4600000e+00   1.6125845e-01
   9.4650000e+00   1.6128101e-01
   9.4700000e+00   1.6130353e-01
   9.4750000e+00   1.6132602e-01
   9.4800000e+00   1.6134849e-01
   9.4850000e+00   1.6137092e-01
   9.4900000e+00   1.6139332e-01
   9.4950000e+00   1.6141569e-01
   9.5000000e+00   1.6143803e-01
   9.5050000e+00   1.6146034e-01
   9.5100000e+00   1.6148261e-01
   9.5150000e+00   1.6150486e-01
   9.5200000e+00   1.6152708e-01
   9.5250000e+00   1.6154927e-01
   9.5300000e+00   1.6157142e-01
   9.5350000e+00   1.6159355e-01
   9.5400000e+00   1.6161564e-01
   9.5450000e+00   1.6163771e-01
   9.5500000e+00   1.6165974e-01
   9.5550000e+00   1.6168175e-01
   9.5600000e+00   1.6170372e-01
   9.5650000e+00   1.6172567e-01
   9.5700000e+00   1.6174758e-01
   9.5750000e+00   1.6176946e-01
   9.5800000e+00   1.6179132e-01
   9.5850000e+00   1.6181314e-01
   9.5900000e+00   1.6183493e-01
   9.5950000e+00   1.6185669e-01
   9.6000000e+00   1.6187843e-01
   9.6050000e+00   1.6190013e-01
   9.6100000e+00   1.6192180e-01
   9.6150000e+00   1.6194345e-01
   9.6200000e+00   1.6196506e-01
   9.6250000e+00   1.6198664e-01
   9.6300000e+00   1.6200819e-01
   9.6350000e+00   1.6202972e-01
   9.6400000e+00   1.6205121e-01
   9.6450000e+00   1.6207267e-01
   9.6500000e+00   1.6209411e-01
   9.6550000e+00   1.6211551e-01
   9.6600000e+00   1.6213689e-01
   9.6650000e+00   1.6215823e-01
   9.6700000e+00   1.6217954e-01
   9.6750000e+00   1.6220083e-01
   9.6800000e+00   1.6222209e-01
   9.6850000e+00   1.6224331e-01
   9.6900000e+00   1.6226451e-01
   9.6950000e+00   1.6228568e-01
   9.7000000e+00   1.6230681e-01
   9.7050000e+00   1.6232792e-01
   9.7100000e+00   1.6234900e-01
   9.7150000e+00   1.6237005e-01
   9.7200000e+00   1.6239107e-01
   9.7250000e+00   1.6241206e-01
   9.7300000e+00   1.6243302e-01
   9.7350000e+00   1.6245395e-01
   9.7400000e+00   1.6247486e-01
   9.7450000e+00   1.6249573e-01
   9.7500000e+00   1.6251657e-01
   9.7550000e+00   1.6253739e-01
   9.7600000e+00   1.6255817e-01
   9.7650000e+00   1.6257893e-01
   9.7700000e+00   1.6259966e-01
   9.7750000e+00   1.6262036e-01
   9.7800000e+00   1.6264103e-01
   9.7850000e+00   1.6266167e-01
   9.7900000e+00   1.6268228e-01
   9.7950000e+00   1.6270286e-01
   9.8000000e+00   1.6272342e-01
   9.8050000e+00   1.6274394e-01
   9.8100000e+00   1.6276444e-01
   9.8150000e+00   1.6278491e-01
   9.8200000e+00   1.6280535e-01
   9.8250000e+00   1.6282576e-01
   9.8300000e+00   1.6284614e-01
   9.8350000e+00   1.6286649e-01
   9.8400000e+00   1.6288681e-01
   9.8450000e+00   1.6290711e-01
   9.8500000e+00   1.6292738e-01
   9.8550000e+00   1.6294762e-01
   9.8600000e+00   1.6296782e-01
   9.8650000e+00   1.6298801e-01
   9.8700000e+00   1.6300816e-01
   9.8750000e+00   1.6302828e-01
   9.8800000e+00   1.6304838e-01
   9.8850000e+00   1.6306845e-01
   9.8900000e+00   1.6308849e-01
   9.8950000e+00   1.6310850e-01
   9.9000000e+00   1.6312848e-01
   9.9050000e+00   1.6314843e-01
   9.9100000e+00   1.6316836e-01
   9.9150000e+00   1.6318826e-01
   9.9200000e+00   1.6320813e-01
   9.9250000e+00   1.6322797e-01
   9.9300000e+00   1.6324778e-01
   9.9350000e+00   1.6326757e-01
   9.9400000e+00   1.6328733e-01
   9.9450000e+00   1.6330706e-01
   9.9500000e+00   1.6332676e-01
   9.9550000e+00   1.6334643e-01
   9.9600000e+00   1.6336608e-01
   9.9650000e+00   1.6338569e-01
   9.9700000e+00   1.6340528e-01
   9.9750000e+00   1.6342485e-01
   9.9800000e+00   1.6344438e-01
   9.9850000e+00   1.6346389e-01
   9.9900000e+00   1.6348337e-01
   9.9950000e+00   1.6350282e-01
   1.0000000e+01   1.6356793e-01
   1.0030000e+01   1.6368234e-01
   1.0060000e+01   1.6379581e-01
   1.0090000e+01   1.6390835e-01
   1.0120000e+01   1.6401997e-01
   1.0150000e+01   1.6413065e-01
   1.0180000e+01   1.6424042e-01
   1.0210000e+01   1.6434928e-01
   1.0240000e+01   1.6445723e-01
   1.0270000e+01   1.6456427e-01
   1.0300000e+01   1.6467042e-01
   1.0330000e+01   1.6477568e-01
   1.0360000e+01   1.6488006e-01
   1.0390000e+01   1.6498355e-01
   1.0420000e+01   1.6508617e-01
   1.0450000e+01   1.6518792e-01
   1.0480000e+01   1.6528880e-01
   1.0510000e+01   1.6538883e-01
   1.0540000e+01   1.6548801e-01
   1.0570000e+01   1.6558634e-01
   1.0600000e+01   1.6568383e-01
   1.0630000e+01   1.6578049e-01
   1.0660000e+01   1.6587631e-01
   1.0690000e+01   1.6597131e-01
   1.0720000e+01   1.6606550e-01
   1.0750000e+01   1.6615887e-01
   1.0780000e+01   1.6625144e-01
   1.0810000e+01   1.6634320e-01
   1.0840000e+01   1.6643417e-01
   1.0870000e+01   1.6652435e-01
   1.0900000e+01   1.6661375e-01
   1.0930000e+01   1.6670236e-01
   1.0960000e+01   1.6679021e-01
   1.0990000e+01   1.6687729e-01
   1.1020000e+01   1.6696361e-01
   1.1050000e+01   1.6704917e-01
   1.1080000e+01   1.6713398e-01
   1.1110000e+01   1.6721805e-01
   1.1140000e+01   1.6730138e-01
   1.1170000e+01   1.6738397e-01
   1.1200000e+01   1.6746584e-01
   1.1230000e+01   1.6754699e-01
   1.1260000e+01   1.6762742e-01
   1.1290000e+01   1.6770714e-01
   1.1320000e+01   1.6778616e-01
   1.1350000e+01   1.6786448e-01
   1.1380000e+01   1.6794210e-01
   1.1410000e+01   1.6801903e-01
   1.1440000e+01   1.6809528e-01
   1.1470000e+01   1.6817085e-01
   1.1500000e+01   1.6824575e-01
   1.1530000e+01   1.6831999e-01
   1.1560000e+01   1.6839356e-01
   1.1590000e+01   1.6846647e-01
   1.1620000e+01   1.6853874e-01
   1.1650000e+01   1.6861036e-01
   1.1680000e+01   1.6868134e-01
   1.1710000e+01   1.6875168e-01
   1.1740000e+01   1.6882139e-01
   1.1770000e+01   1.6889048e-01
   1.1800000e+01   1.6895895e-01
   1.1830000e+01   1.6902681e-01
   1.1860000e+01   1.6909405e-01
   1.1890000e+01   1.6916070e-01
   1.1920000e+01   1.6922674e-01
   1.1950000e+01   1.6929219e-01
   1.1980000e+01   1.6935705e-01
   1.2010000e+01   1.6942132e-01
   1.2040000e+01   1.6948502e-01
   1.2070000e+01   1.6954814e-01
   1.2100000e+01   1.6961069e-01
   1.2130000e+01   1.6967268e-01
   1.2160000e+01   1.6973411e-01
   1.2190000e+01   1.6979498e-01
   1.2220000e+01   1.6985530e-01
   1.2250000e+01   1.6991508e-01
   1.2280000e+01   1.6997431e-01
   1.2310000e+01   1.7003301e-01
   1.2340000e+01   1.7009118e-01
   1.2370000e+01   1.7014883e-01
   1.2400000e+01   1.7020595e-01
   1.2430000e+01   1.7026255e-01
   1.2460000e+01   1.7031864e-01
   1.2490000e+01   1.7037422e-01
   1.2520000e+01   1.7042929e-01
   1.2550000e+01   1.7048387e-01
   1.2580000e+01   1.7053795e-01
   1.2610000e+01   1.7059154e-01
   1.2640000e+01   1.7064464e-01
   1.2670000e+01   1.7069726e-01
   1.2700000e+01   1.7074940e-01
   1.2730000e+01   1.7080106e-01
   1.2760000e+01   1.7085226e-01
   1.2790000e+01   1.7090299e-01
   1.2820000e+01   1.7095326e-01
   1.2850000e+01   1.7100308e-01
   1.2880000e+01   1.7105243e-01
   1.2910000e+01   1.7110134e-01
   1.2940000e+01   1.7114981e-01
   1.2970000e+01   1.7119783e-01
   1.3000000e+01   1.7124542e-01
   1.3030000e+01   1.7129257e-01
   1.3060000e+01   1.7133929e-01
   1.3090000e+01   1.7138559e-01
   1.3120000e+01   1.7143146e-01
   1.3150000e+01   1.7147692e-01
   1.3180000e+01   1.7152196e-01
   1.3210000e+01   1.7156659e-01
   1.3240000e+01   1.7161081e-01
   1.3270000e+01   1.7165463e-01
   1.3300000e+01   1.7169806e-01
   1.3330000e+01   1.7174108e-01
   1.3360000e+01   1.7178371e-01
   1.3390000e+01   1.7182596e-01
   1.3420000e+01   1.7186782e-01
   1.3450000e+01   1.7190929e-01
   1.3480000e+01   1.7195039e-01
   1.3510000e+01   1.7199111e-01
   1.3540000e+01   1.7203146e-01
   1.3570000e+01   1.7207145e-01
   1.3600000e+01   1.7211106e-01
   1.3630000e+01   1.7215032e-01
   1.3660000e+01   1.7218922e-01
   1.3690000e+01   1.7222776e-01
   1.3720000e+01   1.7226595e-01
   1.3750000e+01   1.7230380e-01
   1.3780000e+01   1.7234129e-01
   1.3810000e+01   1.7237845e-01
   1.3840000e+01   1.7241526e-01
   1.3870000e+01   1.7245174e-01
   1.3900000e+01   1.7248789e-01
   1.3930000e+01   1.7252371e-01
   1.3960000e+01   1.7255920e-01
   1.3990000e+01   1.7259437e-01
   1.4020000e+01   1.7262921e-01
   1.4050000e+01   1.7266374e-01
   1.4080000e+01   1.7269795e-01
   1.4110000e+01   1.7273185e-01
   1.4140000e+01   1.7276544e-01
   1.4170000e+01   1.7279873e-01
   1.4200000e+01   1.7283171e-01
   1.4230000e+01   1.7286439e-01
   1.4260000e+01   1.7289677e-01
   1.4290000e+01   1.7292886e-01
   1.4320000e+01   1.7296065e-01
   1.4350000e+01   1.7299216e-01
   1.4380000e+01   1.7302337e-01
   1.4410000e+01   1.7305431e-01
   1.4440000e+01   1.7308496e-01
   1.4470000e+01   1.7311533e-01
   1.4500000e+01   1.7314542e-01
   1.4530000e+01   1.7317524e-01
   1.4560000e+01   1.7320479e-01
   1.4590000e+01   1.7323407e-01
   1.4620000e+01   1.7326308e-01
   1.4650000e+01   1.7329183e-01
   1.4680000e+01   1.7332031e-01
   1.4710000e+01   1.7334854e-01
   1.4740000e+01   1.7337651e-01
   1.4770000e+01   1.7340422e-01
   1.4800000e+01   1.7343168e-01
   1.4830000e+01   1.7345889e-01
   1.4860000e+01   1.7348586e-01
   1.4890000e+01   1.7351258e-01
   1.4920000e+01   1.7353905e-01
   1.4950000e+01   1.7356529e-01
   1.4980000e+01   1.7359128e-01
   1.5010000e+01   1.7361704e-01
   1.5040000e+01   1.7364257e-01
   1.5070000e+01   1.7366786e-01
   1.5100000e+01   1.7369292e-01
   1.5130000e+01   1.7371776e-01
   1.5160000e+01   1.7374237e-01
   1.5190000e+01   1.7376675e-01
   1.5220000e+01   1.7379092e-01
   1.5250000e+01   1.7381486e-01
   1.5280000e+01   1.7383859e-01
   1.5310000e+01   1.7386210e-01
   1.5340000e+01   1.7388539e-01
   1.5370000e+01   1.7390848e-01
   1.5400000e+01   1.7393136e-01
   1.5430000e+01   1.7395402e-01
   1.5460000e+01   1.7397649e-01
   1.5490000e+01   1.7399875e-01
   1.5520000e+01   1.7402080e-01
   1.5550000e+01   1.7404266e-01
   1.5580000e+01   1.7406432e-01
   1.5610000e+01   1.7408578e-01
   1.5640000e+01   1.7410705e-01
   1.5670000e+01   1.7412812e-01
   1.5700000e+01   1.7414900e-01
   1.5730000e+01   1.7416970e-01
   1.5760000e+01   1.7419020e-01
   1.5790000e+01   1.7421052e-01
   1.5820000e+01   1.7423066e-01
   1.5850000e+01   1.7425061e-01
   1.5880000e+01   1.7427039e-01
   1.5910000e+01   1.7428998e-01
   1.5940000e+01   1.7430940e-01
   1.5970000e+01   1.7432864e-01
   1.6000000e+01   1.7434770e-01
   1.6030000e+01   1.7436660e-01
   1.6060000e+01   1.7438532e-01
   1.6090000e+01   1.7440387e-01
   1.6120000e+01   1.7442226e-01
   1.6150000e+01   1.7444048e-01
   1.6180000e+01   1.7445853e-01
   1.6210000e+01   1.7447643e-01
   1.6240000e+01   1.7449416e-01
   1.6270000e+01   1.7451173e-01
   1.6300000e+01   1.7452914e-01
   1.6330000e+01   1.7454639e-01
   1.6360000e+01   1.7456349e-01
   1.6390000e+01   1.7458043e-01
   1.6420000e+01   1.7459722e-01
   1.6450000e+01   1.7461386e-01
   1.6480000e+01   1.7463035e-01
   1.6510000e+01   1.7464669e-01
   1.6540000e+01   1.7466288e-01
   1.6570000e+01   1.7467892e-01
   1.6600000e+01   1.7469483e-01
   1.6630000e+01   1.7471058e-01
   1.6660000e+01   1.7472620e-01
   1.6690000e+01   1.7474167e-01
   1.6720000e+01   1.7475701e-01
   1.6750000e+01   1.7477221e-01
   1.6780000e+01   1.7478727e-01
   1.6810000e+01   1.7480219e-01
   1.6840000e+01   1.7481698e-01
   1.6870000e+01   1.7483164e-01
   1.6900000e+01   1.7484616e-01
   1.6930000e+01   1.7486056e-01
   1.6960000e+01   1.7487482e-01
   1.6990000e+01   1.7488896e-01
   1.7020000e+01   1.7490297e-01
   1.7050000e+01   1.7491685e-01
   1.7080000e+01   1.7493061e-01
   1.7110000e+01   1.7494424e-01
   1.7140000e+01   1.7495776e-01
   1.7170000e+01   1.7497115e-01
   1.7200000e+01   1.7498442e-01
   1.7230000e+01   1.7499757e-01
   1.7260000e+01   1.7501060e-01
   1.7290000e+01   1.7502352e-01
   1.7320000e+01   1.7503631e-01
   1.7350000e+01   1.7504900e-01
   1.7380000e+01   1.7506157e-01
   1.7410000e+01   1.7507403e-01
   1.7440000e+01   1.7508637e-01
   1.7470000e+01   1.7509861e-01
   1.7500000e+01   1.7511073e-01
   1.7530000e+01   1.7512275e-01
   1.7560000e+01   1.7513466e-01
   1.7590000e+01   1.7514646e-01
   1.7620000e+01   1.7515816e-01
   1.7650000e+01   1.7516975e-01
   1.7680000e+01   1.7518124e-01
   1.7710000e+01   1.7519262e-01
   1.7740000e+01   1.7520390e-01
   1.7770000e+01   1.7521509e-01
   1.7800000e+01   1.7522617e-01
   1.7830000e+01   1.7523715e-01
   1.7860000e+01   1.7524803e-01
   1.7890000e+01   1.7525882e-01
   1.7920000e+01   1.7526951e-01
   1.7950000e+01   1.7528010e-01
   1.7980000e+01   1.7529060e-01
   1.8010000e+01   1.7530101e-01
   1.8040000e+01   1.7531132e-01
   1.8070000e+01   1.7532154e-01
   1.8100000e+01   1.7533167e-01
   1.8130000e+01   1.7534171e-01
   1.8160000e+01   1.7535166e-01
   1.8190000e+01   1.7536152e-01
   1.8220000e+01   1.7537129e-01
   1.8250000e+01   1.7538097e-01
   1.8280000e+01   1.7539057e-01
   1.8310000e+01   1.7540008e-01
   1.8340000e+01   1.7540951e-01
   1.8370000e+01   1.7541885e-01
   1.8400000e+01   1.7542811e-01
   1.8430000e+01   1.7543729e-01
   1.8460000e+01   1.7544638e-01
   1.8490000e+01   1.7545540e-01
   1.8520000e+01   1.7546433e-01
   1.8550000e+01   1.7547319e-01
   1.8580000e+01   1.7548196e-01
   1.8610000e+01   1.7549066e-01
   1.8640000e+01   1.7549928e-01
   1.8670000e+01   1.7550782e-01
   1.8700000e+01   1.7551629e-01
   1.8730000e+01   1.7552468e-01
   1.8760000e+01   1.7553299e-01
   1.8790000e+01   1.7554123e-01
   1.8820000e+01   1.7554940e-01
   1.8850000e+01   1.7555750e-01
   1.8880000e+01   1.7556552e-01
   1.8910000e+01   1.7557348e-01
   1.8940000e+01   1.7558136e-01
   1.8970000e+01   1.7558917e-01
   1.9000000e+01   1.7559691e-01
   1.9030000e+01   1.7560458e-01
   1.9060000e+01   1.7561219e-01
   1.9090000e+01   1.7561973e-01
   1.9120000e+01   1.7562720e-01
   1.9150000e+01   1.7563460e-01
   1.9180000e+01   1.7564194e-01
   1.9210000e+01   1.7564921e-01
   1.9240000e+01   1.7565642e-01
   1.9270000e+01   1.7566356e-01
   1.9300000e+01   1.7567064e-01
   1.9330000e+01   1.7567766e-01
   1.9360000e+01   1.7568462e-01
   1.9390000e+01   1.7569151e-01
   1.9420000e+01   1.7569834e-01
   1.9450000e+01   1.7570512e-01
   1.9480000e+01   1.7571183e-01
   1.9510000e+01   1.7571848e-01
   1.9540000e+01   1.7572507e-01
   1.9570000e+01   1.7573161e-01
   1.9600000e+01   1.7573809e-01
   1.9630000e+01   1.7574451e-01
   1.9660000e+01   1.7575087e-01
   1.9690000e+01   1.7575717e-01
   1.9720000e+01   1.7576343e-01
   1.9750000e+01   1.7576962e-01
   1.9780000e+01   1.7577576e-01
   1.9810000e+01   1.7578185e-01
   1.9840000e+01   1.7578788e-01
   1.9870000e+01   1.7579386e-01
   1.9900000e+01   1.7579978e-01
   1.9930000e+01   1.7580565e-01
   1.9960000e+01   1.7581148e-01
   1.9990000e+01   1.7581724e-01
   2.0020000e+01   1.7582296e-01
   2.0050000e+01   1.7582863e-01
   2.0080000e+01   1.7583425e-01
   2.0110000e+01   1.7583982e-01
   2.0140000e+01   1.7584533e-01
   2.0170000e+01   1.7585080e-01
   2.0200000e+01   1.7585623e-01
   2.0230000e+01   1.7586160e-01
   2.0260000e+01   1.7586693e-01
   2.0290000e+01   1.7587220e-01
   2.0320000e+01   1.7587744e-01
   2.0350000e+01   1.7588262e-01
   2.0380000e+01   1.7588776e-01
   2.0410000e+01   1.7589286e-01
   2.0440000e+01   1.7589791e-01
   2.0470000e+01   1.7590291e-01
   2.0500000e+01   1.7590787e-01
   2.0530000e+01   1.7591279e-01
   2.0560000e+01   1.7591767e-01
   2.0590000e+01   1.7592250e-01
   2.0620000e+01   1.7592729e-01
   2.0650000e+01   1.7593203e-01
   2.0680000e+01   1.7593674e-01
   2.0710000e+01   1.7594140e-01
   2.0740000e+01   1.7594602e-01
   2.0770000e+01   1.7595060e-01
   2.0800000e+01   1.7595514e-01
   2.0830000e+01   1.7595964e-01
   2.0860000e+01   1.7596410e-01
   2.0890000e+01   1.7596852e-01
   2.0920000e+01   1.7597291e-01
   2.0950000e+01   1.7597725e-01
   2.0980000e+01   1.7598155e-01
   2.1010000e+01   1.7598582e-01
   2.1040000e+01   1.7599005e-01
   2.1070000e+01   1.7599424e-01
   2.1100000e+01   1.7599840e-01
   2.1130000e+01   1.7600252e-01
   2.1160000e+01   1.7600660e-01
   2.1190000e+01   1.7601065e-01
   2.1220000e+01   1.7601466e-01
   2.1250000e+01   1.7601864e-01
   2.1280000e+01   1.7602258e-01
   2.1310000e+01   1.7602648e-01
   2.1340000e+01   1.7603036e-01
   2.1370000e+01   1.7603419e-01
   2.1400000e+01   1.7603800e-01
   2.1430000e+01   1.7604177e-01
   2.1460000e+01   1.7604551e-01
   2.1490000e+01   1.7604921e-01
   2.1520000e+01   1.7605288e-01
   2.1550000e+01   1.7605652e-01
   2.1580000e+01   1.7606013e-01
   2.1610000e+01   1.7606371e-01
   2.1640000e+01   1.7606725e-01
   2.1670000e+01   1.7607077e-01
   2.1700000e+01   1.7607425e-01
   2.1730000e+01   1.7607770e-01
   2.1760000e+01   1.7608112e-01
   2.1790000e+01   1.7608451e-01
   2.1820000e+01   1.7608788e-01
   2.1850000e+01   1.7609121e-01
   2.1880000e+01   1.7609451e-01
   2.1910000e+01   1.7609779e-01
   2.1940000e+01   1.7610103e-01
   2.1970000e+01   1.7610425e-01
   2.2000000e+01   1.7610744e-01
   2.2030000e+01   1.7611060e-01
   2.2060000e+01   1.7611373e-01
   2.2090000e+01   1.7611684e-01
   2.2120000e+01   1.7611991e-01
   2.2150000e+01   1.7612297e-01
   2.2180000e+01   1.7612599e-01
   2.2210000e+01   1.7612899e-01
   2.2240000e+01   1.7613196e-01
   2.2270000e+01   1.7613491e-01
   2.2300000e+01   1.7613783e-01
   2.2330000e+01   1.7614072e-01
   2.2360000e+01   1.7614359e-01
   2.2390000e+01   1.7614643e-01
   2.2420000e+01   1.7614925e-01
   2.2450000e+01   1.7615205e-01
   2.2480000e+01   1.7615481e-01
   2.2510000e+01   1.7615756e-01
   2.2540000e+01   1.7616028e-01
   2.2570000e+01   1.7616298e-01
   2.2600000e+01   1.7616565e-01
   2.2630000e+01   1.7616830e-01
   2.2660000e+01   1.7617093e-01
   2.2690000e+01   1.7617354e-01
   2.2720000e+01   1.7617612e-01
   2.2750000e+01   1.7617868e-01
   2.2780000e+01   1.7618121e-01
   2.2810000e+01   1.7618373e-01
   2.2840000e+01   1.7618622e-01
   2.2870000e+01   1.7618869e-01
   2.2900000e+01   1.7619114e-01
   2.2930000e+01   1.7619357e-01
   2.2960000e+01   1.7619597e-01
   2.2990000e+01   1.7619836e-01
   2.3020000e+01   1.7620072e-01
   2.3050000e+01   1.7620306e-01
   2.3080000e+01   1.7620539e-01
   2.3110000e+01   1.7620769e-01
   2.3140000e+01   1.7620997e-01
   2.3170000e+01   1.7621224e-01
   2.3200000e+01   1.7621448e-01
   2.3230000e+01   1.7621670e-01
   2.3260000e+01   1.7621891e-01
   2.3290000e+01   1.7622109e-01
   2.3320000e+01   1.7622326e-01
   2.3350000e+01   1.7622540e-01
   2.3380000e+01   1.7622753e-01
   2.3410000e+01   1.7622964e-01
   2.3440000e+01   1.7623173e-01
   2.3470000e+01   1.7623380e-01
   2.3500000e+01   1.7623586e-01
   2.3530000e+01   1.7623790e-01
   2.3560000e+01   1.7623991e-01
   2.3590000e+01   1.7624192e-01
   2.3620000e+01   1.7624390e-01
   2.3650000e+01   1.7624587e-01
   2.3680000e+01   1.7624781e-01
   2.3710000e+01   1.7624975e-01
   2.3740000e+01   1.7625166e-01
   2.3770000e+01   1.7625356e-01
   2.3800000e+01   1.7625544e-01
   2.3830000e+01   1.7625731e-01
   2.3860000e+01   1.7625916e-01
   2.3890000e+01   1.7626099e-01
   2.3920000e+01   1.7626281e-01
   2.3950000e+01   1.7626461e-01
   2.3980000e+01   1.7626640e-01
   2.4010000e+01   1.7626817e-01
   2.4040000e+01   1.7626992e-01
   2.4070000e+01   1.7627166e-01
   2.4100000e+01   1.7627339e-01
   2.4130000e+01   1.7627509e-01
   2.4160000e+01   1.7627679e-01
   2.4190000e+01   1.7627847e-01
   2.4220000e+01   1.7628013e-01
   2.4250000e+01   1.7628178e-01
   2.4280000e+01   1.7628342e-01
   2.4310000e+01   1.7628504e-01
   2.4340000e+01   1.7628665e-01
   2.4370000e+01   1.7628824e-01
   2.4400000e+01   1.7628982e-01
   2.4430000e+01   1.7629139e-01
   2.4460000e+01   1.7629294e-01
   2.4490000e+01   1.7629448e-01
   2.4520000e+01   1.7629601e-01
   2.4550000e+01   1.7629752e-01
   2.4580000e+01   1.7629902e-01
   2.4610000e+01   1.7630050e-01
   2.4640000e+01   1.7630198e-01
   2.4670000e+01   1.7630344e-01
   2.4700000e+01   1.7630488e-01
   2.4730000e+01   1.7630632e-01
   2.4760000e+01   1.7630774e-01
   2.4790000e+01   1.7630915e-01
   2.4820000e+01   1.7631055e-01
   2.4850000e+01   1.7631193e-01
   2.4880000e+01   1.7631331e-01
   2.4910000e+01   1.7631467e-01
   2.4940000e+01   1.7631602e-01
   2.4970000e+01   1.7631736e-01
   2.5000000e+01   1.7631868e-01
   2.5030000e+01   1.7632000e-01
   2.5060000e+01   1.7632130e-01
   2.5090000e+01   1.7632259e-01
   2.5120000e+01   1.7632387e-01
   2.5150000e+01   1.7632514e-01
   2.5180000e+01   1.7632640e-01
   2.5210000e+01   1.7632765e-01
   2.5240000e+01   1.7632889e-01
   2.5270000e+01   1.7633011e-01
   2.5300000e+01   1.7633133e-01
   2.5330000e+01   1.7633253e-01
   2.5360000e+01   1.7633373e-01
   2.5390000e+01   1.7633491e-01
   2.5420000e+01   1.7633609e-01
   2.5450000e+01   1.7633725e-01
   2.5480000e+01   1.7633840e-01
   2.5510000e+01   1.7633955e-01
   2.5540000e+01   1.7634068e-01
   2.5570000e+01   1.7634180e-01
   2.5600000e+01   1.7634292e-01
   2.5630000e+01   1.7634402e-01
   2.5660000e+01   1.7634512e-01
   2.5690000e+01   1.7634620e-01
   2.5720000e+01   1.7634728e-01
   2.5750000e+01   1.7634834e-01
   2.5780000e+01   1.7634940e-01
   2.5810000e+01   1.7635045e-01
   2.5840000e+01   1.7635149e-01
   2.5870000e+01   1.7635252e-01
   2.5900000e+01   1.7635354e-01
   2.5930000e+01   1.7635455e-01
   2.5960000e+01   1.7635555e-01
   2.5990000e+01   1.7635655e-01
   2.6020000e+01   1.7635753e-01
   2.6050000e+01   1.7635851e-01
   2.6080000e+01   1.7635948e-01
   2.6110000e+01   1.7636044e-01
   2.6140000e+01   1.7636139e-01
   2.6170000e+01   1.7636234e-01
   2.6200000e+01   1.7636327e-01
   2.6230000e+01   1.7636420e-01
   2.6260000e+01   1.7636512e-01
   2.6290000e+01   1.7636603e-01
   2.6320000e+01   1.7636693e-01
   2.6350000e+01   1.7636783e-01
   2.6380000e+01   1.7636872e-01
   2.6410000e+01   1.7636960e-01
   2.6440000e+01   1.7637047e-01
   2.6470000e+01   1.7637133e-01
   2.6500000e+01   1.7637219e-01
   2.6530000e+01   1.7637304e-01
   2.6560000e+01   1.7637388e-01
   2.6590000e+01   1.7637472e-01
   2.6620000e+01   1.7637555e-01
   2.6650000e+01   1.7637637e-01
   2.6680000e+01   1.7637718e-01
   2.6710000e+01   1.7637799e-01
   2.6740000e+01   1.7637879e-01
   2.6770000e+01   1.7637958e-01
   2.6800000e+01   1.7638037e-01
   2.6830000e+01   1.7638115e-01
   2.6860000e+01   1.7638192e-01
   2.6890000e+01   1.7638269e-01
   2.6920000e+01   1.7638345e-01
   2.6950000e+01   1.7638420e-01
   2.6980000e+01   1.7638494e-01
   2.7010000e+01   1.7638568e-01
   2.7040000e+01   1.7638642e-01
   2.7070000e+01   1.7638714e-01
   2.7100000e+01   1.7638786e-01
   2.7130000e+01   1.7638858e-01
   2.7160000e+01   1.7638929e-01
   2.7190000e+01   1.7638999e-01
   2.7220000e+01   1.7639068e-01
   2.7250000e+01   1.7639137e-01
   2.7280000e+01   1.7639206e-01
   2.7310000e+01   1.7639274e-01
   2.7340000e+01   1.7639341e-01
   2.7370000e+01   1.7639407e-01
   2.7400000e+01   1.7639474e-01
   2.7430000e+01   1.7639539e-01
   2.7460000e+01   1.7639604e-01
   2.7490000e+01   1.7639668e-01
   2.7520000e+01   1.7639732e-01
   2.7550000e+01   1.7639795e-01
   2.7580000e+01   1.7639858e-01
   2.7610000e+01   1.7639920e-01
   2.7640000e+01   1.7639982e-01
   2.7670000e+01   1.7640043e-01
   2.7700000e+01   1.7640103e-01
   2.7730000e+01   1.7640163e-01
   2.7760000e+01   1.7640223e-01
   2.7790000e+01   1.7640282e-01
   2.7820000e+01   1.7640340e-01
   2.7850000e+01   1.7640398e-01
   2.7880000e+01   1.7640456e-01
   2.7910000e+01   1.7640513e-01
   2.7940000e+01   1.7640569e-01
   2.7970000e+01   1.7640625e-01
   2.8000000e+01   1.7640681e-01
   2.8030000e+01   1.7640736e-01
   2.8060000e+01   1.7640790e-01
   2.8090000e+01   1.7640844e-01
   2.8120000e+01   1.7640898e-01
   2.8150000e+01   1.7640951e-01
   2.8180000e+01   1.7641004e-01
   2.8210000e+01   1.7641056e-01
   2.8240000e+01   1.7641108e-01
   2.8270000e+01   1.7641159e-01
   2.8300000e+01   1.7641210e-01
   2.8330000e+01   1.7641261e-01
   2.8360000e+01   1.7641311e-01
   2.8390000e+01   1.7641360e-01
   2.8420000e+01   1.7641409e-01
   2.8450000e+01   1.7641458e-01
   2.8480000e+01   1.7641506e-01
   2.8510000e+01   1.7641554e-01
   2.8540000e+01   1.7641602e-01
   2.8570000e+01   1.7641649e-01
   2.8600000e+01   1.7641695e-01
   2.8630000e+01   1.7641742e-01
   2.8660000e+01   1.7641788e-01
   2.8690000e+01   1.7641833e-01
   2.8720000e+01   1.7641878e-01
   2.8750000e+01   1.7641923e-01
   2.8780000e+01   1.7641967e-01
   2.8810000e+01   1.7642011e-01
   2.8840000e+01   1.7642054e-01
   2.8870000e+01   1.7642098e-01
   2.8900000e+01   1.7642140e-01
   2.8930000e+01   1.7642183e-01
   2.8960000e+01   1.7642225e-01
   2.8990000e+01   1.7642266e-01
   2.9020000e+01   1.7642308e-01
   2.9050000e+01   1.7642349e-01
   2.9080000e+01   1.7642389e-01
   2.9110000e+01   1.7642430e-01
   2.9140000e+01   1.7642470e-01
   2.9170000e+01   1.7642509e-01
   2.9200000e+01   1.7642548e-01
   2.9230000e+01   1.7642587e-01
   2.9260000e+01   1.7642626e-01
   2.9290000e+01   1.7642664e-01
   2.9320000e+01   1.7642702e-01
   2.9350000e+01   1.7642739e-01
   2.9380000e+01   1.7642777e-01
   2.9410000e+01   1.7642814e-01
   2.9440000e+01   1.7642850e-01
   2.9470000e+01   1.7642886e-01
   2.9500000e+01   1.7642922e-01
   2.9530000e+01   1.7642958e-01
   2.9560000e+01   1.7642993e-01
   2.9590000e+01   1.7643028e-01
   2.9620000e+01   1.7643063e-01
   2.9650000e+01   1.7643098e-01
   2.9680000e+01   1.7643132e-01
   2.9710000e+01   1.7643166e-01
   2.9740000e+01   1.7643199e-01
   2.9770000e+01   1.7643232e-01
   2.9800000e+01   1.7643265e-01
   2.9830000e+01   1.7643298e-01
   2.9860000e+01   1.7643330e-01
   2.9890000e+01   1.7643363e-01
   2.9920000e+01   1.7643394e-01
   2.9950000e+01   1.7643426e-01
   2.9980000e+01   1.7643457e-01
   3.0010000e+01   1.7643488e-01
   3.0040000e+01   1.7643519e-01
   3.0070000e+01   1.7643550e-01
   3.0100000e+01   1.7643580e-01
   3.0130000e+01   1.7643610e-01
   3.0160000e+01   1.7643640e-01
   3.0190000e+01   1.7643669e-01
   3.0220000e+01   1.7643698e-01
   3.0250000e+01   1.7643727e-01
   3.0280000e+01   1.7643756e-01
   3.0310000e+01   1.7643784e-01
   3.0340000e+01   1.7643813e-01
   3.0370000e+01   1.7643840e-01
   3.0400000e+01   1.7643868e-01
   3.0430000e+01   1.7643896e-01
   3.0460000e+01   1.7643923e-01
   3.0490000e+01   1.7643950e-01
   3.0520000e+01   1.7643977e-01
   3.0550000e+01   1.7644003e-01
   3.0580000e+01   1.7644030e-01
   3.0610000e+01   1.7644056e-01
   3.0640000e+01   1.7644082e-01
   3.0670000e+01   1.7644107e-01
   3.0700000e+01   1.7644133e-01
   3.0730000e+01   1.7644158e-01
   3.0760000e+01   1.7644183e-01
   3.0790000e+01   1.7644208e-01
   3.0820000e+01   1.7644232e-01
   3.0850000e+01   1.7644256e-01
   3.0880000e+01   1.7644281e-01
   3.0910000e+01   1.7644305e-01
   3.0940000e+01   1.7644328e-01
   3.0970000e+01   1.7644352e-01
   3.1000000e+01   1.7644375e-01
   3.1030000e+01   1.7644398e-01
   3.1060000e+01   1.7644421e-01
   3.1090000e+01   1.7644444e-01
   3.1120000e+01   1.7644466e-01
   3.1150000e+01   1.7644489e-01
   3.1180000e+01   1.7644511e-01
   3.1210000e+01   1.7644533e-01
   3.1240000e+01   1.7644555e-01
   3.1270000e+01   1.7644576e-01
   3.1300000e+01   1.7644597e-01
   3.1330000e+01   1.7644619e-01
   3.1360000e+01   1.7644640e-01
   3.1390000e+01   1.7644660e-01
   3.1420000e+01   1.7644681e-01
   3.1450000e+01   1.7644702e-01
   3.1480000e+01   1.7644722e-01
   3.1510000e+01   1.7644742e-01
   3.1540000e+01   1.7644762e-01
   3.1570000e+01   1.7644782e-01
   3.1600000e+01   1.7644801e-01
   3.1630000e+01   1.7644821e-01
   3.1660000e+01   1.7644840e-01
   3.1690000e+01   1.7644859e-01
   3.1720000e+01   1.7644878e-01
   3.1750000e+01   1.7644897e-01
   3.1780000e+01   1.7644916e-01
   3.1810000e+01   1.7644934e-01
   3.1840000e+01   1.7644952e-01
   3.1870000e+01   1.7644970e-01
   3.1900000e+01   1.7644988e-01
   3.1930000e+01   1.7645006e-01
   3.1960000e+01   1.7645024e-01
   3.1990000e+01   1.7645041e-01
   3.2020000e+01   1.7645059e-01
   3.2050000e+01   1.7645076e-01
   3.2080000e+01   1.7645093e-01
   3.2110000e+01   1.7645110e-01
   3.2140000e+01   1.7645127e-01
   3.2170000e+01   1.7645143e-01
   3.2200000e+01   1.7645160e-01
   3.2230000e+01   1.7645176e-01
   3.2260000e+01   1.7645192e-01
   3.2290000e+01   1.7645208e-01
   3.2320000e+01   1.7645224e-01
   3.2350000e+01   1.7645240e-01
   3.2380000e+01   1.7645256e-01
   3.2410000e+01   1.7645271e-01
   3.2440000e+01   1.7645287e-01
   3.2470000e+01   1.7645302e-01
   3.2500000e+01   1.7645317e-01
   3.2530000e+01   1.7645332e-01
   3.2560000e+01   1.7645347e-01
   3.2590000e+01   1.7645362e-01
   3.2620000e+01   1.7645376e-01
   3.2650000e+01   1.7645391e-01
   3.2680000e+01   1.7645405e-01
   3.2710000e+01   1.7645419e-01
   3.2740000e+01   1.7645433e-01
   3.2770000e+01   1.7645447e-01
   3.2800000e+01   1.7645461e-01
   3.2830000e+01   1.7645475e-01
   3.2860000e+01   1.7645489e-01
   3.2890000e+01   1.7645502e-01
   3.2920000e+01   1.7645516e-01
   3.2950000e+01   1.7645529e-01
   3.2980000e+01   1.7645542e-01
   3.3010000e+01   1.7645555e-01
   3.3040000e+01   1.7645568e-01
   3.3070000e+01   1.7645581e-01
   3.3100000e+01   1.7645594e-01
   3.3130000e+01   1.7645606e-01
   3.3160000e+01   1.7645619e-01
   3.3190000e+01   1.7645631e-01
   3.3220000e+01   1.7645643e-01
   3.3250000e+01   1.7645656e-01
   3.3280000e+01   1.7645668e-01
   3.3310000e+01   1.7645680e-01
   3.3340000e+01   1.7645691e-01
   3.3370000e+01   1.7645703e-01
   3.3400000e+01   1.7645715e-01
   3.3430000e+01   1.7645726e-01
   3.3460000e+01   1.7645738e-01
   3.3490000e+01   1.7645749e-01
   3.3520000e+01   1.7645761e-01
   3.3550000e+01   1.7645772e-01
   3.3580000e+01   1.7645783e-01
   3.3610000e+01   1.7645794e-01
   3.3640000e+01   1.7645805e-01
   3.3670000e+01   1.7645815e-01
   3.3700000e+01   1.7645826e-01
   3.3730000e+01   1.7645837e-01
   3.3760000e+01   1.7645847e-01
   3.3790000e+01   1.7645858e-01
   3.3820000e+01   1.7645868e-01
   3.3850000e+01   1.7645878e-01
   3.3880000e+01   1.7645888e-01
   3.3910000e+01   1.7645899e-01
   3.3940000e+01   1.7645909e-01
   3.3970000e+01   1.7645918e-01
   3.4000000e+01   1.7645928e-01
   3.4030000e+01   1.7645938e-01
   3.4060000e+01   1.7645948e-01
   3.4090000e+01   1.7645957e-01
   3.4120000e+01   1.7645967e-01
   3.4150000e+01   1.7645976e-01
   3.4180000e+01   1.7645985e-01
   3.4210000e+01   1.7645995e-01
   3.4240000e+01   1.7646004e-01
   3.4270000e+01   1.7646013e-01
   3.4300000e+01   1.7646022e-01
   3.4330000e+01   1.7646031e-01
   3.4360000e+01   1.7646040e-01
   3.4390000e+01   1.7646048e-01
   3.4420000e+01   1.7646057e-01
   3.4450000e+01   1.7646066e-01
   3.4480000e+01   1.7646074e-01
   3.4510000e+01   1.7646083e-01
   3.4540000e+01   1.7646091e-01
   3.4570000e+01   1.7646099e-01
   3.4600000e+01   1.7646108e-01
   3.4630000e+01   1.7646116e-01
   3.4660000e+01   1.7646124e-01
   3.4690000e+01   1.7646132e-01
   3.4720000e+01   1.7646140e-01
   3.4750000e+01   1.7646148e-01
   3.4780000e+01   1.7646156e-01
   3.4810000e+01   1.7646163e-01
   3.4840000e+01   1.7646171e-01
   3.4870000e+01   1.7646179e-01
   3.4900000e+01   1.7646186e-01
   3.4930000e+01   1.7646194e-01
   3.4960000e+01   1.7646201e-01
   3.4990000e+01   1.7646209e-01
   3.5020000e+01   1.7646216e-01
   3.5050000e+01   1.7646223e-01
   3.5080000e+01   1.7646230e-01
   3.5110000e+01   1.7646238e-01
   3.5140000e+01   1.7646245e-01
   3.5170000e+01   1.7646252e-01
   3.5200000e+01   1.7646259e-01
   3.5230000e+01   1.7646265e-01
   3.5260000e+01   1.7646272e-01
   3.5290000e+01   1.7646279e-01
   3.5320000e+01   1.7646286e-01
   3.5350000e+01   1.7646292e-01
   3.5380000e+01   1.7646299e-01
   3.5410000e+01   1.7646306e-01
   3.5440000e+01   1.7646312e-01
   3.5470000e+01   1.7646318e-01
   3.5500000e+01   1.7646325e-01
   3.5530000e+01   1.7646331e-01
   3.5560000e+01   1.7646337e-01
   3.5590000e+01   1.7646344e-01
   3.5620000e+01   1.7646350e-01
   3.5650000e+01   1.7646356e-01
   3.5680000e+01   1.7646362e-01
   3.5710000e+01   1.7646368e-01
   3.5740000e+01   1.7646374e-01
   3.5770000e+01   1.7646380e-01
   3.5800000e+01   1.7646386e-01
   3.5830000e+01   1.7646391e-01
   3.5860000e+01   1.7646397e-01
   3.5890000e+01   1.7646403e-01
   3.5920000e+01   1.7646408e-01
   3.5950000e+01   1.7646414e-01
   3.5980000e+01   1.7646420e-01
   3.6010000e+01   1.7646425e-01
   3.6040000e+01   1.7646430e-01
   3.6070000e+01   1.7646436e-01
   3.6100000e+01   1.7646441e-01
   3.6130000e+01   1.7646447e-01
   3.6160000e+01   1.7646452e-01
   3.6190000e+01   1.7646457e-01
   3.6220000e+01   1.7646462e-01
   3.6250000e+01   1.7646467e-01
   3.6280000e+01   1.7646472e-01
   3.6310000e+01   1.7646477e-01
   3.6340000e+01   1.7646482e-01
   3.6370000e+01   1.7646487e-01
   3.6400000e+01   1.7646492e-01
   3.6430000e+01   1.7646497e-01
   3.6460000e+01   1.7646502e-01
   3.6490000e+01   1.7646507e-01
   3.6520000e+01   1.7646512e-01
   3.6550000e+01   1.7646516e-01
   3.6580000e+01   1.7646521e-01
   3.6610000e+01   1.7646526e-01
   3.6640000e+01   1.7646530e-01
   3.6670000e+01   1.7646535e-01
   3.6700000e+01   1.7646539e-01
   3.6730000e+01   1.7646544e-01
   3.6760000e+01   1.7646548e-01
   3.6790000e+01   1.7646553e-01
   3.6820000e+01   1.7646557e-01
   3.6850000e+01   1.7646561e-01
   3.6880000e+01   1.7646565e-01
   3.6910000e+01   1.7646570e-01
   3.6940000e+01   1.7646574e-01
   3.6970000e+01   1.7646578e-01
   3.7000000e+01   1.7646582e-01
   3.7030000e+01   1.7646586e-01
   3.7060000e+01   1.7646590e-01
   3.7090000e+01   1.7646594e-01
   3.7120000e+01   1.7646598e-01
   3.7150000e+01   1.7646602e-01
   3.7180000e+01   1.7646606e-01
   3.7210000e+01   1.7646610e-01
   3.7240000e+01   1.7646614e-01
   3.7270000e+01   1.7646618e-01
   3.7300000e+01   1.7646622e-01
   3.7330000e+01   1.7646625e-01
   3.7360000e+01   1.7646629e-01
   3.7390000e+01   1.7646633e-01
   3.7420000e+01   1.7646636e-01
   3.7450000e+01   1.7646640e-01
   3.7480000e+01   1.7646644e-01
   3.7510000e+01   1.7646647e-01
   3.7540000e+01   1.7646651e-01
   3.7570000e+01   1.7646654e-01
   3.7600000e+01   1.7646658e-01
   3.7630000e+01   1.7646661e-01
   3.7660000e+01   1.7646665e-01
   3.7690000e+01   1.7646668e-01
   3.7720000e+01   1.7646671e-01
   3.7750000e+01   1.7646675e-01
   3.7780000e+01   1.7646678e-01
   3.7810000e+01   1.7646681e-01
   3.7840000e+01   1.7646685e-01
   3.7870000e+01   1.7646688e-01
   3.7900000e+01   1.7646691e-01
   3.7930000e+01   1.7646694e-01
   3.7960000e+01   1.7646697e-01
   3.7990000e+01   1.7646700e-01
   3.8020000e+01   1.7646703e-01
   3.8050000e+01   1.7646707e-01
   3.8080000e+01   1.7646710e-01
   3.8110000e+01   1.7646713e-01
   3.8140000e+01   1.7646716e-01
   3.8170000e+01   1.7646718e-01
   3.8200000e+01   1.7646721e-01
   3.8230000e+01   1.7646724e-01
   3.8260000e+01   1.7646727e-01
   3.8290000e+01   1.7646730e-01
   3.8320000e+01   1.7646733e-01
   3.8350000e+01   1.7646736e-01
   3.8380000e+01   1.7646738e-01
   3.8410000e+01   1.7646741e-01
   3.8440000e+01   1.7646744e-01
   3.8470000e+01   1.7646747e-01
   3.8500000e+01   1.7646749e-01
   3.8530000e+01   1.7646752e-01
   3.8560000e+01   1.7646755e-01
   3.8590000e+01   1.7646757e-01
   3.8620000e+01   1.7646760e-01
   3.8650000e+01   1.7646762e-01
   3.8680000e+01   1.7646765e-01
   3.8710000e+01   1.7646767e-01
   3.8740000e+01   1.7646770e-01
   3.8770000e+01   1.7646772e-01
   3.8800000e+01   1.7646775e-01
   3.8830000e+01   1.7646777e-01
   3.8860000e+01   1.7646780e-01
   3.8890000e+01   1.7646782e-01
   3.8920000e+01   1.7646785e-01
   3.8950000e+01   1.7646787e-01
   3.8980000e+01   1.7646789e-01
   3.9010000e+01   1.7646792e-01
   3.9040000e+01   1.7646794e-01
   3.9070000e+01   1.7646796e-01
   3.9100000e+01   1.7646798e-01
   3.9130000e+01   1.7646801e-01
   3.9160000e+01   1.7646803e-01
   3.9190000e+01   1.7646805e-01
   3.9220000e+01   1.7646807e-01
   3.9250000e+01   1.7646809e-01
   3.9280000e+01   1.7646812e-01
   3.9310000e+01   1.7646814e-01
   3.9340000e+01   1.7646816e-01
   3.9370000e+01   1.7646818e-01
   3.9400000e+01   1.7646820e-01
   3.9430000e+01   1.7646822e-01
   3.9460000e+01   1.7646824e-01
   3.9490000e+01   1.7646826e-01
   3.9520000e+01   1.7646828e-01
   3.9550000e+01   1.7646830e-01
   3.9580000e+01   1.7646832e-01
   3.9610000e+01   1.7646834e-01
   3.9640000e+01   1.7646836e-01
   3.9670000e+01   1.7646838e-01
   3.9700000e+01   1.7646840e-01
   3.9730000e+01   1.7646842e-01
   3.9760000e+01   1.7646843e-01
   3.9790000e+01   1.7646845e-01
   3.9820000e+01   1.7646847e-01
   3.9850000e+01   1.7646849e-01
   3.9880000e+01   1.7646851e-01
   3.9910000e+01   1.7646853e-01
   3.9940000e+01   1.7646854e-01
   3.9970000e+01   1.7646856e-01
   4.0000000e+01   1.7646858e-01
