   2.	0
   2.66666666666	0
   2.66666666666	1
   5.0000000e+00             1
   5.0000000e+00             1
   5.0050000e+00   9.7090668e-01
   5.0100000e+00   9.4376549e-01
   5.0150000e+00   9.1838765e-01
   5.0200000e+00   8.9460797e-01
   5.0250000e+00   8.7228123e-01
   5.0300000e+00   8.5127929e-01
   5.0350000e+00   8.3148864e-01
   5.0400000e+00   8.1280836e-01
   5.0450000e+00   7.9514844e-01
   5.0500000e+00   7.7842832e-01
   5.0550000e+00   7.6257571e-01
   5.0600000e+00   7.4752553e-01
   5.0650000e+00   7.3321905e-01
   5.0700000e+00   7.1960313e-01
   5.0750000e+00   7.0662956e-01
   5.0800000e+00   6.9425452e-01
   5.0850000e+00   6.8243808e-01
   5.0900000e+00   6.7114377e-01
   5.0950000e+00   6.6033824e-01
   5.1000000e+00   6.4999089e-01
   5.1050000e+00   6.4007365e-01
   5.1100000e+00   6.3056067e-01
   5.1150000e+00   6.2142814e-01
   5.1200000e+00   6.1265407e-01
   5.1250000e+00   6.0421813e-01
   5.1300000e+00   5.9610150e-01
   5.1350000e+00   5.8828674e-01
   5.1400000e+00   5.8075763e-01
   5.1450000e+00   5.7349911e-01
   5.1500000e+00   5.6649713e-01
   5.1550000e+00   5.5973864e-01
   5.1600000e+00   5.5321141e-01
   5.1650000e+00   5.4690403e-01
   5.1700000e+00   5.4080585e-01
   5.1750000e+00   5.3490686e-01
   5.1800000e+00   5.2919770e-01
   5.1850000e+00   5.2366956e-01
   5.1900000e+00   5.1831420e-01
   5.1950000e+00   5.1312385e-01
   5.2000000e+00   5.0809119e-01
   5.2050000e+00   5.0320935e-01
   5.2100000e+00   4.9847182e-01
   5.2150000e+00   4.9387249e-01
   5.2200000e+00   4.8940556e-01
   5.2250000e+00   4.8506557e-01
   5.2300000e+00   4.8084735e-01
   5.2350000e+00   4.7674600e-01
   5.2400000e+00   4.7275688e-01
   5.2450000e+00   4.6887559e-01
   5.2500000e+00   4.6509796e-01
   5.2550000e+00   4.6142003e-01
   5.2600000e+00   4.5783804e-01
   5.2650000e+00   4.5434841e-01
   5.2700000e+00   4.5094774e-01
   5.2750000e+00   4.4763279e-01
   5.2800000e+00   4.4440047e-01
   5.2850000e+00   4.4124786e-01
   5.2900000e+00   4.3817215e-01
   5.2950000e+00   4.3517066e-01
   5.3000000e+00   4.3224084e-01
   5.3050000e+00   4.2938027e-01
   5.3100000e+00   4.2658661e-01
   5.3150000e+00   4.2385763e-01
   5.3200000e+00   4.2119121e-01
   5.3250000e+00   4.1858532e-01
   5.3300000e+00   4.1603799e-01
   5.3350000e+00   4.1354737e-01
   5.3400000e+00   4.1111167e-01
   5.3450000e+00   4.0872916e-01
   5.3500000e+00   4.0639821e-01
   5.3550000e+00   4.0411724e-01
   5.3600000e+00   4.0188472e-01
   5.3650000e+00   3.9969921e-01
   5.3700000e+00   3.9755931e-01
   5.3750000e+00   3.9546367e-01
   5.3800000e+00   3.9341099e-01
   5.3850000e+00   3.9140005e-01
   5.3900000e+00   3.8942964e-01
   5.3950000e+00   3.8749860e-01
   5.4000000e+00   3.8560585e-01
   5.4050000e+00   3.8375030e-01
   5.4100000e+00   3.8193092e-01
   5.4150000e+00   3.8014673e-01
   5.4200000e+00   3.7839678e-01
   5.4250000e+00   3.7668013e-01
   5.4300000e+00   3.7499590e-01
   5.4350000e+00   3.7334323e-01
   5.4400000e+00   3.7172130e-01
   5.4450000e+00   3.7012929e-01
   5.4500000e+00   3.6856645e-01
   5.4550000e+00   3.6703202e-01
   5.4600000e+00   3.6552528e-01
   5.4650000e+00   3.6404553e-01
   5.4700000e+00   3.6259210e-01
   5.4750000e+00   3.6116434e-01
   5.4800000e+00   3.5976161e-01
   5.4850000e+00   3.5838330e-01
   5.4900000e+00   3.5702882e-01
   5.4950000e+00   3.5569760e-01
   5.5000000e+00   3.5438907e-01
   5.5050000e+00   3.5310271e-01
   5.5100000e+00   3.5183800e-01
   5.5150000e+00   3.5059442e-01
   5.5200000e+00   3.4937148e-01
   5.5250000e+00   3.4816872e-01
   5.5300000e+00   3.4698566e-01
   5.5350000e+00   3.4582187e-01
   5.5400000e+00   3.4467691e-01
   5.5450000e+00   3.4355036e-01
   5.5500000e+00   3.4244180e-01
   5.5550000e+00   3.4135085e-01
   5.5600000e+00   3.4027711e-01
   5.5650000e+00   3.3922022e-01
   5.5700000e+00   3.3817980e-01
   5.5750000e+00   3.3715550e-01
   5.5800000e+00   3.3614699e-01
   5.5850000e+00   3.3515392e-01
   5.5900000e+00   3.3417597e-01
   5.5950000e+00   3.3321282e-01
   5.6000000e+00   3.3226417e-01
   5.6050000e+00   3.3132971e-01
   5.6100000e+00   3.3040916e-01
   5.6150000e+00   3.2950224e-01
   5.6200000e+00   3.2860865e-01
   5.6250000e+00   3.2772815e-01
   5.6300000e+00   3.2686046e-01
   5.6350000e+00   3.2600533e-01
   5.6400000e+00   3.2516251e-01
   5.6450000e+00   3.2433176e-01
   5.6500000e+00   3.2351284e-01
   5.6550000e+00   3.2270553e-01
   5.6600000e+00   3.2190960e-01
   5.6650000e+00   3.2112483e-01
   5.6700000e+00   3.2035101e-01
   5.6750000e+00   3.1958793e-01
   5.6800000e+00   3.1883539e-01
   5.6850000e+00   3.1809319e-01
   5.6900000e+00   3.1736113e-01
   5.6950000e+00   3.1663904e-01
   5.7000000e+00   3.1592672e-01
   5.7050000e+00   3.1522400e-01
   5.7100000e+00   3.1453069e-01
   5.7150000e+00   3.1384664e-01
   5.7200000e+00   3.1317168e-01
   5.7250000e+00   3.1250563e-01
   5.7300000e+00   3.1184835e-01
   5.7350000e+00   3.1119967e-01
   5.7400000e+00   3.1055944e-01
   5.7450000e+00   3.0992752e-01
   5.7500000e+00   3.0930376e-01
   5.7550000e+00   3.0868802e-01
   5.7600000e+00   3.0808016e-01
   5.7650000e+00   3.0748004e-01
   5.7700000e+00   3.0688753e-01
   5.7750000e+00   3.0630251e-01
   5.7800000e+00   3.0572484e-01
   5.7850000e+00   3.0515440e-01
   5.7900000e+00   3.0459107e-01
   5.7950000e+00   3.0403474e-01
   5.8000000e+00   3.0348528e-01
   5.8050000e+00   3.0294257e-01
   5.8100000e+00   3.0240652e-01
   5.8150000e+00   3.0187701e-01
   5.8200000e+00   3.0135394e-01
   5.8250000e+00   3.0083720e-01
   5.8300000e+00   3.0032668e-01
   5.8350000e+00   2.9982229e-01
   5.8400000e+00   2.9932393e-01
   5.8450000e+00   2.9883151e-01
   5.8500000e+00   2.9834493e-01
   5.8550000e+00   2.9786409e-01
   5.8600000e+00   2.9738891e-01
   5.8650000e+00   2.9691931e-01
   5.8700000e+00   2.9645518e-01
   5.8750000e+00   2.9599645e-01
   5.8800000e+00   2.9554304e-01
   5.8850000e+00   2.9509486e-01
   5.8900000e+00   2.9465184e-01
   5.8950000e+00   2.9421388e-01
   5.9000000e+00   2.9378093e-01
   5.9050000e+00   2.9335290e-01
   5.9100000e+00   2.9292972e-01
   5.9150000e+00   2.9251132e-01
   5.9200000e+00   2.9209762e-01
   5.9250000e+00   2.9168855e-01
   5.9300000e+00   2.9128405e-01
   5.9350000e+00   2.9088406e-01
   5.9400000e+00   2.9048850e-01
   5.9450000e+00   2.9009730e-01
   5.9500000e+00   2.8971041e-01
   5.9550000e+00   2.8932777e-01
   5.9600000e+00   2.8894931e-01
   5.9650000e+00   2.8857497e-01
   5.9700000e+00   2.8820470e-01
   5.9750000e+00   2.8783843e-01
   5.9800000e+00   2.8747611e-01
   5.9850000e+00   2.8711769e-01
   5.9900000e+00   2.8676310e-01
   5.9950000e+00   2.8641230e-01
   6.0000000e+00   2.8606523e-01
   6.0050000e+00   2.8572185e-01
   6.0100000e+00   2.8538209e-01
   6.0150000e+00   2.8504591e-01
   6.0200000e+00   2.8471327e-01
   6.0250000e+00   2.8438410e-01
   6.0300000e+00   2.8405837e-01
   6.0350000e+00   2.8373603e-01
   6.0400000e+00   2.8341703e-01
   6.0450000e+00   2.8310133e-01
   6.0500000e+00   2.8278888e-01
   6.0550000e+00   2.8247964e-01
   6.0600000e+00   2.8217357e-01
   6.0650000e+00   2.8187062e-01
   6.0700000e+00   2.8157076e-01
   6.0750000e+00   2.8127394e-01
   6.0800000e+00   2.8098013e-01
   6.0850000e+00   2.8068927e-01
   6.0900000e+00   2.8040134e-01
   6.0950000e+00   2.8011630e-01
   6.1000000e+00   2.7983411e-01
   6.1050000e+00   2.7955474e-01
   6.1100000e+00   2.7927813e-01
   6.1150000e+00   2.7900427e-01
   6.1200000e+00   2.7873312e-01
   6.1250000e+00   2.7846464e-01
   6.1300000e+00   2.7819880e-01
   6.1350000e+00   2.7793556e-01
   6.1400000e+00   2.7767489e-01
   6.1450000e+00   2.7741677e-01
   6.1500000e+00   2.7716115e-01
   6.1550000e+00   2.7690801e-01
   6.1600000e+00   2.7665731e-01
   6.1650000e+00   2.7640903e-01
   6.1700000e+00   2.7616314e-01
   6.1750000e+00   2.7591960e-01
   6.1800000e+00   2.7567839e-01
   6.1850000e+00   2.7543948e-01
   6.1900000e+00   2.7520285e-01
   6.1950000e+00   2.7496845e-01
   6.2000000e+00   2.7473627e-01
   6.2050000e+00   2.7450628e-01
   6.2100000e+00   2.7427846e-01
   6.2150000e+00   2.7405277e-01
   6.2200000e+00   2.7382920e-01
   6.2250000e+00   2.7360771e-01
   6.2300000e+00   2.7338829e-01
   6.2350000e+00   2.7317090e-01
   6.2400000e+00   2.7295552e-01
   6.2450000e+00   2.7274214e-01
   6.2500000e+00   2.7253072e-01
   6.2550000e+00   2.7232125e-01
   6.2600000e+00   2.7211370e-01
   6.2650000e+00   2.7190805e-01
   6.2700000e+00   2.7170427e-01
   6.2750000e+00   2.7150235e-01
   6.2800000e+00   2.7130227e-01
   6.2850000e+00   2.7110399e-01
   6.2900000e+00   2.7090751e-01
   6.2950000e+00   2.7071280e-01
   6.3000000e+00   2.7051984e-01
   6.3050000e+00   2.7032861e-01
   6.3100000e+00   2.7013910e-01
   6.3150000e+00   2.6995128e-01
   6.3200000e+00   2.6976513e-01
   6.3250000e+00   2.6958064e-01
   6.3300000e+00   2.6939778e-01
   6.3350000e+00   2.6921654e-01
   6.3400000e+00   2.6903690e-01
   6.3450000e+00   2.6885885e-01
   6.3500000e+00   2.6868236e-01
   6.3550000e+00   2.6850742e-01
   6.3600000e+00   2.6833400e-01
   6.3650000e+00   2.6816211e-01
   6.3700000e+00   2.6799171e-01
   6.3750000e+00   2.6782279e-01
   6.3800000e+00   2.6765533e-01
   6.3850000e+00   2.6748933e-01
   6.3900000e+00   2.6732476e-01
   6.3950000e+00   2.6716160e-01
   6.4000000e+00   2.6699985e-01
   6.4050000e+00   2.6683949e-01
   6.4100000e+00   2.6668050e-01
   6.4150000e+00   2.6652287e-01
   6.4200000e+00   2.6636658e-01
   6.4250000e+00   2.6621162e-01
   6.4300000e+00   2.6605798e-01
   6.4350000e+00   2.6590564e-01
   6.4400000e+00   2.6575459e-01
   6.4450000e+00   2.6560481e-01
   6.4500000e+00   2.6545629e-01
   6.4550000e+00   2.6530902e-01
   6.4600000e+00   2.6516299e-01
   6.4650000e+00   2.6501818e-01
   6.4700000e+00   2.6487457e-01
   6.4750000e+00   2.6473217e-01
   6.4800000e+00   2.6459095e-01
   6.4850000e+00   2.6445090e-01
   6.4900000e+00   2.6431201e-01
   6.4950000e+00   2.6417427e-01
   6.5000000e+00   2.6403767e-01
   6.5050000e+00   2.6390219e-01
   6.5100000e+00   2.6376782e-01
   6.5150000e+00   2.6363456e-01
   6.5200000e+00   2.6350239e-01
   6.5250000e+00   2.6337130e-01
   6.5300000e+00   2.6324128e-01
   6.5350000e+00   2.6311232e-01
   6.5400000e+00   2.6298440e-01
   6.5450000e+00   2.6285753e-01
   6.5500000e+00   2.6273168e-01
   6.5550000e+00   2.6260685e-01
   6.5600000e+00   2.6248302e-01
   6.5650000e+00   2.6236020e-01
   6.5700000e+00   2.6223836e-01
   6.5750000e+00   2.6211749e-01
   6.5800000e+00   2.6199760e-01
   6.5850000e+00   2.6187866e-01
   6.5900000e+00   2.6176067e-01
   6.5950000e+00   2.6164363e-01
   6.6000000e+00   2.6152751e-01
   6.6050000e+00   2.6141231e-01
   6.6100000e+00   2.6129803e-01
   6.6150000e+00   2.6118465e-01
   6.6200000e+00   2.6107217e-01
   6.6250000e+00   2.6096057e-01
   6.6300000e+00   2.6084985e-01
   6.6350000e+00   2.6074000e-01
   6.6400000e+00   2.6063102e-01
   6.6450000e+00   2.6052288e-01
   6.6500000e+00   2.6041559e-01
   6.6550000e+00   2.6030914e-01
   6.6600000e+00   2.6020351e-01
   6.6650000e+00   2.6009871e-01
   6.6700000e+00   2.5999472e-01
   6.6750000e+00   2.5989154e-01
   6.6800000e+00   2.5978915e-01
   6.6850000e+00   2.5968756e-01
   6.6900000e+00   2.5958675e-01
   6.6950000e+00   2.5948671e-01
   6.7000000e+00   2.5938744e-01
   6.7050000e+00   2.5928894e-01
   6.7100000e+00   2.5919119e-01
   6.7150000e+00   2.5909418e-01
   6.7200000e+00   2.5899792e-01
   6.7250000e+00   2.5890239e-01
   6.7300000e+00   2.5880759e-01
   6.7350000e+00   2.5871351e-01
   6.7400000e+00   2.5862015e-01
   6.7450000e+00   2.5852749e-01
   6.7500000e+00   2.5843553e-01
   6.7550000e+00   2.5834426e-01
   6.7600000e+00   2.5825369e-01
   6.7650000e+00   2.5816379e-01
   6.7700000e+00   2.5807457e-01
   6.7750000e+00   2.5798603e-01
   6.7800000e+00   2.5789814e-01
   6.7850000e+00   2.5781091e-01
   6.7900000e+00   2.5772434e-01
   6.7950000e+00   2.5763841e-01
   6.8000000e+00   2.5755312e-01
   6.8050000e+00   2.5746846e-01
   6.8100000e+00   2.5738444e-01
   6.8150000e+00   2.5730103e-01
   6.8200000e+00   2.5721825e-01
   6.8250000e+00   2.5713607e-01
   6.8300000e+00   2.5705451e-01
   6.8350000e+00   2.5697354e-01
   6.8400000e+00   2.5689317e-01
   6.8450000e+00   2.5681340e-01
   6.8500000e+00   2.5673420e-01
   6.8550000e+00   2.5665559e-01
   6.8600000e+00   2.5657756e-01
   6.8650000e+00   2.5650009e-01
   6.8700000e+00   2.5642319e-01
   6.8750000e+00   2.5634685e-01
   6.8800000e+00   2.5627107e-01
   6.8850000e+00   2.5619583e-01
   6.8900000e+00   2.5612115e-01
   6.8950000e+00   2.5604700e-01
   6.9000000e+00   2.5597339e-01
   6.9050000e+00   2.5590032e-01
   6.9100000e+00   2.5582777e-01
   6.9150000e+00   2.5575574e-01
   6.9200000e+00   2.5568424e-01
   6.9250000e+00   2.5561324e-01
   6.9300000e+00   2.5554276e-01
   6.9350000e+00   2.5547279e-01
   6.9400000e+00   2.5540331e-01
   6.9450000e+00   2.5533433e-01
   6.9500000e+00   2.5526584e-01
   6.9550000e+00   2.5519785e-01
   6.9600000e+00   2.5513033e-01
   6.9650000e+00   2.5506330e-01
   6.9700000e+00   2.5499675e-01
   6.9750000e+00   2.5493066e-01
   6.9800000e+00   2.5486505e-01
   6.9850000e+00   2.5479990e-01
   6.9900000e+00   2.5473521e-01
   6.9950000e+00   2.5467097e-01
   7.0000000e+00   2.5460719e-01
   7.0050000e+00   2.5454386e-01
   7.0100000e+00   2.5448098e-01
   7.0150000e+00   2.5441853e-01
   7.0200000e+00   2.5435653e-01
   7.0250000e+00   2.5429496e-01
   7.0300000e+00   2.5423382e-01
   7.0350000e+00   2.5417311e-01
   7.0400000e+00   2.5411282e-01
   7.0450000e+00   2.5405295e-01
   7.0500000e+00   2.5399350e-01
   7.0550000e+00   2.5393446e-01
   7.0600000e+00   2.5387584e-01
   7.0650000e+00   2.5381762e-01
   7.0700000e+00   2.5375980e-01
   7.0750000e+00   2.5370239e-01
   7.0800000e+00   2.5364537e-01
   7.0850000e+00   2.5358874e-01
   7.0900000e+00   2.5353251e-01
   7.0950000e+00   2.5347667e-01
   7.1000000e+00   2.5342120e-01
   7.1050000e+00   2.5336612e-01
   7.1100000e+00   2.5331142e-01
   7.1150000e+00   2.5325710e-01
   7.1200000e+00   2.5320314e-01
   7.1250000e+00   2.5314956e-01
   7.1300000e+00   2.5309634e-01
   7.1350000e+00   2.5304349e-01
   7.1400000e+00   2.5299099e-01
   7.1450000e+00   2.5293886e-01
   7.1500000e+00   2.5288707e-01
   7.1550000e+00   2.5283565e-01
   7.1600000e+00   2.5278457e-01
   7.1650000e+00   2.5273383e-01
   7.1700000e+00   2.5268344e-01
   7.1750000e+00   2.5263340e-01
   7.1800000e+00   2.5258369e-01
   7.1850000e+00   2.5253431e-01
   7.1900000e+00   2.5248527e-01
   7.1950000e+00   2.5243656e-01
   7.2000000e+00   2.5238818e-01
   7.2050000e+00   2.5234012e-01
   7.2100000e+00   2.5229239e-01
   7.2150000e+00   2.5224498e-01
   7.2200000e+00   2.5219788e-01
   7.2250000e+00   2.5215110e-01
   7.2300000e+00   2.5210464e-01
   7.2350000e+00   2.5205848e-01
   7.2400000e+00   2.5201263e-01
   7.2450000e+00   2.5196709e-01
   7.2500000e+00   2.5192185e-01
   7.2550000e+00   2.5187691e-01
   7.2600000e+00   2.5183228e-01
   7.2650000e+00   2.5178793e-01
   7.2700000e+00   2.5174389e-01
   7.2750000e+00   2.5170013e-01
   7.2800000e+00   2.5165667e-01
   7.2850000e+00   2.5161349e-01
   7.2900000e+00   2.5157060e-01
   7.2950000e+00   2.5152799e-01
   7.3000000e+00   2.5148566e-01
   7.3050000e+00   2.5144361e-01
   7.3100000e+00   2.5140184e-01
   7.3150000e+00   2.5136034e-01
   7.3200000e+00   2.5131912e-01
   7.3250000e+00   2.5127816e-01
   7.3300000e+00   2.5123748e-01
   7.3350000e+00   2.5119706e-01
   7.3400000e+00   2.5115691e-01
   7.3450000e+00   2.5111702e-01
   7.3500000e+00   2.5107739e-01
   7.3550000e+00   2.5103801e-01
   7.3600000e+00   2.5099890e-01
   7.3650000e+00   2.5096004e-01
   7.3700000e+00   2.5092143e-01
   7.3750000e+00   2.5088308e-01
   7.3800000e+00   2.5084497e-01
   7.3850000e+00   2.5080711e-01
   7.3900000e+00   2.5076950e-01
   7.3950000e+00   2.5073213e-01
   7.4000000e+00   2.5069500e-01
   7.4050000e+00   2.5065811e-01
   7.4100000e+00   2.5062146e-01
   7.4150000e+00   2.5058505e-01
   7.4200000e+00   2.5054887e-01
   7.4250000e+00   2.5051293e-01
   7.4300000e+00   2.5047722e-01
   7.4350000e+00   2.5044173e-01
   7.4400000e+00   2.5040648e-01
   7.4450000e+00   2.5037145e-01
   7.4500000e+00   2.5033665e-01
   7.4550000e+00   2.5030207e-01
   7.4600000e+00   2.5026771e-01
   7.4650000e+00   2.5023357e-01
   7.4700000e+00   2.5019965e-01
   7.4750000e+00   2.5016594e-01
   7.4800000e+00   2.5013246e-01
   7.4850000e+00   2.5009918e-01
   7.4900000e+00   2.5006612e-01
   7.4950000e+00   2.5003327e-01
   7.5000000e+00   2.5000062e-01
   7.5050000e+00   2.4996819e-01
   7.5100000e+00   2.4993596e-01
   7.5150000e+00   2.4990393e-01
   7.5200000e+00   2.4987211e-01
   7.5250000e+00   2.4984049e-01
   7.5300000e+00   2.4980907e-01
   7.5350000e+00   2.4977785e-01
   7.5400000e+00   2.4974683e-01
   7.5450000e+00   2.4971600e-01
   7.5500000e+00   2.4968537e-01
   7.5550000e+00   2.4965493e-01
   7.5600000e+00   2.4962468e-01
   7.5650000e+00   2.4959462e-01
   7.5700000e+00   2.4956475e-01
   7.5750000e+00   2.4953507e-01
   7.5800000e+00   2.4950558e-01
   7.5850000e+00   2.4947627e-01
   7.5900000e+00   2.4944714e-01
   7.5950000e+00   2.4941820e-01
   7.6000000e+00   2.4938944e-01
   7.6050000e+00   2.4936086e-01
   7.6100000e+00   2.4933246e-01
   7.6150000e+00   2.4930423e-01
   7.6200000e+00   2.4927618e-01
   7.6250000e+00   2.4924831e-01
   7.6300000e+00   2.4922061e-01
   7.6350000e+00   2.4919308e-01
   7.6400000e+00   2.4916572e-01
   7.6450000e+00   2.4913854e-01
   7.6500000e+00   2.4911152e-01
   7.6550000e+00   2.4908467e-01
   7.6600000e+00   2.4905799e-01
   7.6650000e+00   2.4903147e-01
   7.6700000e+00   2.4900512e-01
   7.6750000e+00   2.4897893e-01
   7.6800000e+00   2.4895290e-01
   7.6850000e+00   2.4892703e-01
   7.6900000e+00   2.4890133e-01
   7.6950000e+00   2.4887578e-01
   7.7000000e+00   2.4885039e-01
   7.7050000e+00   2.4882515e-01
   7.7100000e+00   2.4880008e-01
   7.7150000e+00   2.4877515e-01
   7.7200000e+00   2.4875038e-01
   7.7250000e+00   2.4872576e-01
   7.7300000e+00   2.4870130e-01
   7.7350000e+00   2.4867698e-01
   7.7400000e+00   2.4865281e-01
   7.7450000e+00   2.4862879e-01
   7.7500000e+00   2.4860492e-01
   7.7550000e+00   2.4858119e-01
   7.7600000e+00   2.4855761e-01
   7.7650000e+00   2.4853418e-01
   7.7700000e+00   2.4851088e-01
   7.7750000e+00   2.4848773e-01
   7.7800000e+00   2.4846472e-01
   7.7850000e+00   2.4844185e-01
   7.7900000e+00   2.4841912e-01
   7.7950000e+00   2.4839653e-01
   7.8000000e+00   2.4837408e-01
   7.8050000e+00   2.4835176e-01
   7.8100000e+00   2.4832958e-01
   7.8150000e+00   2.4830753e-01
   7.8200000e+00   2.4828562e-01
   7.8250000e+00   2.4826384e-01
   7.8300000e+00   2.4824219e-01
   7.8350000e+00   2.4822067e-01
   7.8400000e+00   2.4819928e-01
   7.8450000e+00   2.4817803e-01
   7.8500000e+00   2.4815690e-01
   7.8550000e+00   2.4813590e-01
   7.8600000e+00   2.4811502e-01
   7.8650000e+00   2.4809427e-01
   7.8700000e+00   2.4807365e-01
   7.8750000e+00   2.4805315e-01
   7.8800000e+00   2.4803278e-01
   7.8850000e+00   2.4801252e-01
   7.8900000e+00   2.4799239e-01
   7.8950000e+00   2.4797238e-01
   7.9000000e+00   2.4795250e-01
   7.9050000e+00   2.4793273e-01
   7.9100000e+00   2.4791307e-01
   7.9150000e+00   2.4789354e-01
   7.9200000e+00   2.4787413e-01
   7.9250000e+00   2.4785483e-01
   7.9300000e+00   2.4783564e-01
   7.9350000e+00   2.4781657e-01
   7.9400000e+00   2.4779762e-01
   7.9450000e+00   2.4777877e-01
   7.9500000e+00   2.4776005e-01
   7.9550000e+00   2.4774143e-01
   7.9600000e+00   2.4772292e-01
   7.9650000e+00   2.4770453e-01
   7.9700000e+00   2.4768624e-01
   7.9750000e+00   2.4766806e-01
   7.9800000e+00   2.4764999e-01
   7.9850000e+00   2.4763203e-01
   7.9900000e+00   2.4761418e-01
   7.9950000e+00   2.4759643e-01
   8.0000000e+00   2.4757878e-01
   8.0050000e+00   2.4756125e-01
   8.0100000e+00   2.4754381e-01
   8.0150000e+00   2.4752648e-01
   8.0200000e+00   2.4750925e-01
   8.0250000e+00   2.4749213e-01
   8.0300000e+00   2.4747510e-01
   8.0350000e+00   2.4745818e-01
   8.0400000e+00   2.4744135e-01
   8.0450000e+00   2.4742463e-01
   8.0500000e+00   2.4740800e-01
   8.0550000e+00   2.4739147e-01
   8.0600000e+00   2.4737504e-01
   8.0650000e+00   2.4735871e-01
   8.0700000e+00   2.4734248e-01
   8.0750000e+00   2.4732633e-01
   8.0800000e+00   2.4731029e-01
   8.0850000e+00   2.4729434e-01
   8.0900000e+00   2.4727848e-01
   8.0950000e+00   2.4726271e-01
   8.1000000e+00   2.4724704e-01
   8.1050000e+00   2.4723146e-01
   8.1100000e+00   2.4721597e-01
   8.1150000e+00   2.4720058e-01
   8.1200000e+00   2.4718527e-01
   8.1250000e+00   2.4717005e-01
   8.1300000e+00   2.4715492e-01
   8.1350000e+00   2.4713988e-01
   8.1400000e+00   2.4712493e-01
   8.1450000e+00   2.4711007e-01
   8.1500000e+00   2.4709529e-01
   8.1550000e+00   2.4708060e-01
   8.1600000e+00   2.4706599e-01
   8.1650000e+00   2.4705147e-01
   8.1700000e+00   2.4703704e-01
   8.1750000e+00   2.4702269e-01
   8.1800000e+00   2.4700842e-01
   8.1850000e+00   2.4699424e-01
   8.1900000e+00   2.4698014e-01
   8.1950000e+00   2.4696612e-01
   8.2000000e+00   2.4695218e-01
   8.2050000e+00   2.4693832e-01
   8.2100000e+00   2.4692455e-01
   8.2150000e+00   2.4691085e-01
   8.2200000e+00   2.4689723e-01
   8.2250000e+00   2.4688370e-01
   8.2300000e+00   2.4687024e-01
   8.2350000e+00   2.4685685e-01
   8.2400000e+00   2.4684355e-01
   8.2450000e+00   2.4683032e-01
   8.2500000e+00   2.4681718e-01
   8.2550000e+00   2.4680410e-01
   8.2600000e+00   2.4679110e-01
   8.2650000e+00   2.4677818e-01
   8.2700000e+00   2.4676533e-01
   8.2750000e+00   2.4675256e-01
   8.2800000e+00   2.4673986e-01
   8.2850000e+00   2.4672723e-01
   8.2900000e+00   2.4671468e-01
   8.2950000e+00   2.4670220e-01
   8.3000000e+00   2.4668979e-01
   8.3050000e+00   2.4667745e-01
   8.3100000e+00   2.4666518e-01
   8.3150000e+00   2.4665298e-01
   8.3200000e+00   2.4664086e-01
   8.3250000e+00   2.4662880e-01
   8.3300000e+00   2.4661681e-01
   8.3350000e+00   2.4660489e-01
   8.3400000e+00   2.4659304e-01
   8.3450000e+00   2.4658126e-01
   8.3500000e+00   2.4656955e-01
   8.3550000e+00   2.4655790e-01
   8.3600000e+00   2.4654632e-01
   8.3650000e+00   2.4653481e-01
   8.3700000e+00   2.4652336e-01
   8.3750000e+00   2.4651198e-01
   8.3800000e+00   2.4650066e-01
   8.3850000e+00   2.4648941e-01
   8.3900000e+00   2.4647822e-01
   8.3950000e+00   2.4646709e-01
   8.4000000e+00   2.4645603e-01
   8.4050000e+00   2.4644504e-01
   8.4100000e+00   2.4643410e-01
   8.4150000e+00   2.4642323e-01
   8.4200000e+00   2.4641242e-01
   8.4250000e+00   2.4640167e-01
   8.4300000e+00   2.4639098e-01
   8.4350000e+00   2.4638036e-01
   8.4400000e+00   2.4636979e-01
   8.4450000e+00   2.4635928e-01
   8.4500000e+00   2.4634884e-01
   8.4550000e+00   2.4633845e-01
   8.4600000e+00   2.4632812e-01
   8.4650000e+00   2.4631786e-01
   8.4700000e+00   2.4630765e-01
   8.4750000e+00   2.4629749e-01
   8.4800000e+00   2.4628740e-01
   8.4850000e+00   2.4627736e-01
   8.4900000e+00   2.4626738e-01
   8.4950000e+00   2.4625746e-01
   8.5000000e+00   2.4624759e-01
   8.5050000e+00   2.4623778e-01
   8.5100000e+00   2.4622802e-01
   8.5150000e+00   2.4621832e-01
   8.5200000e+00   2.4620867e-01
   8.5250000e+00   2.4619908e-01
   8.5300000e+00   2.4618954e-01
   8.5350000e+00   2.4618006e-01
   8.5400000e+00   2.4617063e-01
   8.5450000e+00   2.4616125e-01
   8.5500000e+00   2.4615193e-01
   8.5550000e+00   2.4614266e-01
   8.5600000e+00   2.4613344e-01
   8.5650000e+00   2.4612427e-01
   8.5700000e+00   2.4611516e-01
   8.5750000e+00   2.4610610e-01
   8.5800000e+00   2.4609708e-01
   8.5850000e+00   2.4608812e-01
   8.5900000e+00   2.4607921e-01
   8.5950000e+00   2.4607035e-01
   8.6000000e+00   2.4606154e-01
   8.6050000e+00   2.4605277e-01
   8.6100000e+00   2.4604406e-01
   8.6150000e+00   2.4603540e-01
   8.6200000e+00   2.4602678e-01
   8.6250000e+00   2.4601822e-01
   8.6300000e+00   2.4600970e-01
   8.6350000e+00   2.4600123e-01
   8.6400000e+00   2.4599280e-01
   8.6450000e+00   2.4598443e-01
   8.6500000e+00   2.4597610e-01
   8.6550000e+00   2.4596782e-01
   8.6600000e+00   2.4595958e-01
   8.6650000e+00   2.4595139e-01
   8.6700000e+00   2.4594325e-01
   8.6750000e+00   2.4593515e-01
   8.6800000e+00   2.4592709e-01
   8.6850000e+00   2.4591909e-01
   8.6900000e+00   2.4591112e-01
   8.6950000e+00   2.4590320e-01
   8.7000000e+00   2.4589533e-01
   8.7050000e+00   2.4588750e-01
   8.7100000e+00   2.4587971e-01
   8.7150000e+00   2.4587197e-01
   8.7200000e+00   2.4586427e-01
   8.7250000e+00   2.4585661e-01
   8.7300000e+00   2.4584899e-01
   8.7350000e+00   2.4584142e-01
   8.7400000e+00   2.4583389e-01
   8.7450000e+00   2.4582640e-01
   8.7500000e+00   2.4581896e-01
   8.7550000e+00   2.4581155e-01
   8.7600000e+00   2.4580419e-01
   8.7650000e+00   2.4579686e-01
   8.7700000e+00   2.4578958e-01
   8.7750000e+00   2.4578234e-01
   8.7800000e+00   2.4577514e-01
   8.7850000e+00   2.4576797e-01
   8.7900000e+00   2.4576085e-01
   8.7950000e+00   2.4575377e-01
   8.8000000e+00   2.4574673e-01
   8.8050000e+00   2.4573972e-01
   8.8100000e+00   2.4573276e-01
   8.8150000e+00   2.4572583e-01
   8.8200000e+00   2.4571894e-01
   8.8250000e+00   2.4571209e-01
   8.8300000e+00   2.4570528e-01
   8.8350000e+00   2.4569850e-01
   8.8400000e+00   2.4569177e-01
   8.8450000e+00   2.4568507e-01
   8.8500000e+00   2.4567840e-01
   8.8550000e+00   2.4567178e-01
   8.8600000e+00   2.4566519e-01
   8.8650000e+00   2.4565863e-01
   8.8700000e+00   2.4565212e-01
   8.8750000e+00   2.4564563e-01
   8.8800000e+00   2.4563919e-01
   8.8850000e+00   2.4563278e-01
   8.8900000e+00   2.4562640e-01
   8.8950000e+00   2.4562006e-01
   8.9000000e+00   2.4561376e-01
   8.9050000e+00   2.4560749e-01
   8.9100000e+00   2.4560126e-01
   8.9150000e+00   2.4559505e-01
   8.9200000e+00   2.4558889e-01
   8.9250000e+00   2.4558275e-01
   8.9300000e+00   2.4557666e-01
   8.9350000e+00   2.4557059e-01
   8.9400000e+00   2.4556456e-01
   8.9450000e+00   2.4555856e-01
   8.9500000e+00   2.4555259e-01
   8.9550000e+00   2.4554666e-01
   8.9600000e+00   2.4554076e-01
   8.9650000e+00   2.4553489e-01
   8.9700000e+00   2.4552905e-01
   8.9750000e+00   2.4552325e-01
   8.9800000e+00   2.4551747e-01
   8.9850000e+00   2.4551173e-01
   8.9900000e+00   2.4550602e-01
   8.9950000e+00   2.4550034e-01
   9.0000000e+00   2.4549470e-01
   9.0050000e+00   2.4548908e-01
   9.0100000e+00   2.4548350e-01
   9.0150000e+00   2.4547794e-01
   9.0200000e+00   2.4547241e-01
   9.0250000e+00   2.4546692e-01
   9.0300000e+00   2.4546146e-01
   9.0350000e+00   2.4545602e-01
   9.0400000e+00   2.4545062e-01
   9.0450000e+00   2.4544524e-01
   9.0500000e+00   2.4543989e-01
   9.0550000e+00   2.4543458e-01
   9.0600000e+00   2.4542929e-01
   9.0650000e+00   2.4542403e-01
   9.0700000e+00   2.4541880e-01
   9.0750000e+00   2.4541360e-01
   9.0800000e+00   2.4540842e-01
   9.0850000e+00   2.4540328e-01
   9.0900000e+00   2.4539816e-01
   9.0950000e+00   2.4539307e-01
   9.1000000e+00   2.4538801e-01
   9.1050000e+00   2.4538297e-01
   9.1100000e+00   2.4537796e-01
   9.1150000e+00   2.4537298e-01
   9.1200000e+00   2.4536803e-01
   9.1250000e+00   2.4536310e-01
   9.1300000e+00   2.4535820e-01
   9.1350000e+00   2.4535333e-01
   9.1400000e+00   2.4534848e-01
   9.1450000e+00   2.4534366e-01
   9.1500000e+00   2.4533887e-01
   9.1550000e+00   2.4533410e-01
   9.1600000e+00   2.4532936e-01
   9.1650000e+00   2.4532464e-01
   9.1700000e+00   2.4531995e-01
   9.1750000e+00   2.4531528e-01
   9.1800000e+00   2.4531064e-01
   9.1850000e+00   2.4530603e-01
   9.1900000e+00   2.4530144e-01
   9.1950000e+00   2.4529687e-01
   9.2000000e+00   2.4529233e-01
   9.2050000e+00   2.4528781e-01
   9.2100000e+00   2.4528332e-01
   9.2150000e+00   2.4527885e-01
   9.2200000e+00   2.4527441e-01
   9.2250000e+00   2.4526999e-01
   9.2300000e+00   2.4526559e-01
   9.2350000e+00   2.4526122e-01
   9.2400000e+00   2.4525687e-01
   9.2450000e+00   2.4525254e-01
   9.2500000e+00   2.4524824e-01
   9.2550000e+00   2.4524396e-01
   9.2600000e+00   2.4523971e-01
   9.2650000e+00   2.4523547e-01
   9.2700000e+00   2.4523126e-01
   9.2750000e+00   2.4522707e-01
   9.2800000e+00   2.4522291e-01
   9.2850000e+00   2.4521877e-01
   9.2900000e+00   2.4521464e-01
   9.2950000e+00   2.4521055e-01
   9.3000000e+00   2.4520647e-01
   9.3050000e+00   2.4520241e-01
   9.3100000e+00   2.4519838e-01
   9.3150000e+00   2.4519437e-01
   9.3200000e+00   2.4519038e-01
   9.3250000e+00   2.4518641e-01
   9.3300000e+00   2.4518246e-01
   9.3350000e+00   2.4517854e-01
   9.3400000e+00   2.4517463e-01
   9.3450000e+00   2.4517075e-01
   9.3500000e+00   2.4516688e-01
   9.3550000e+00   2.4516304e-01
   9.3600000e+00   2.4515922e-01
   9.3650000e+00   2.4515541e-01
   9.3700000e+00   2.4515163e-01
   9.3750000e+00   2.4514787e-01
   9.3800000e+00   2.4514413e-01
   9.3850000e+00   2.4514041e-01
   9.3900000e+00   2.4513670e-01
   9.3950000e+00   2.4513302e-01
   9.4000000e+00   2.4512936e-01
   9.4050000e+00   2.4512572e-01
   9.4100000e+00   2.4512209e-01
   9.4150000e+00   2.4511849e-01
   9.4200000e+00   2.4511490e-01
   9.4250000e+00   2.4511134e-01
   9.4300000e+00   2.4510779e-01
   9.4350000e+00   2.4510426e-01
   9.4400000e+00   2.4510075e-01
   9.4450000e+00   2.4509726e-01
   9.4500000e+00   2.4509379e-01
   9.4550000e+00   2.4509033e-01
   9.4600000e+00   2.4508690e-01
   9.4650000e+00   2.4508348e-01
   9.4700000e+00   2.4508008e-01
   9.4750000e+00   2.4507670e-01
   9.4800000e+00   2.4507333e-01
   9.4850000e+00   2.4506999e-01
   9.4900000e+00   2.4506666e-01
   9.4950000e+00   2.4506335e-01
   9.5000000e+00   2.4506006e-01
   9.5050000e+00   2.4505678e-01
   9.5100000e+00   2.4505352e-01
   9.5150000e+00   2.4505028e-01
   9.5200000e+00   2.4504706e-01
   9.5250000e+00   2.4504385e-01
   9.5300000e+00   2.4504066e-01
   9.5350000e+00   2.4503749e-01
   9.5400000e+00   2.4503433e-01
   9.5450000e+00   2.4503119e-01
   9.5500000e+00   2.4502806e-01
   9.5550000e+00   2.4502496e-01
   9.5600000e+00   2.4502187e-01
   9.5650000e+00   2.4501879e-01
   9.5700000e+00   2.4501573e-01
   9.5750000e+00   2.4501269e-01
   9.5800000e+00   2.4500966e-01
   9.5850000e+00   2.4500665e-01
   9.5900000e+00   2.4500366e-01
   9.5950000e+00   2.4500068e-01
   9.6000000e+00   2.4499772e-01
   9.6050000e+00   2.4499477e-01
   9.6100000e+00   2.4499184e-01
   9.6150000e+00   2.4498892e-01
   9.6200000e+00   2.4498602e-01
   9.6250000e+00   2.4498313e-01
   9.6300000e+00   2.4498026e-01
   9.6350000e+00   2.4497740e-01
   9.6400000e+00   2.4497456e-01
   9.6450000e+00   2.4497173e-01
   9.6500000e+00   2.4496892e-01
   9.6550000e+00   2.4496612e-01
   9.6600000e+00   2.4496334e-01
   9.6650000e+00   2.4496057e-01
   9.6700000e+00   2.4495782e-01
   9.6750000e+00   2.4495508e-01
   9.6800000e+00   2.4495235e-01
   9.6850000e+00   2.4494964e-01
   9.6900000e+00   2.4494694e-01
   9.6950000e+00   2.4494426e-01
   9.7000000e+00   2.4494159e-01
   9.7050000e+00   2.4493893e-01
   9.7100000e+00   2.4493629e-01
   9.7150000e+00   2.4493366e-01
   9.7200000e+00   2.4493105e-01
   9.7250000e+00   2.4492845e-01
   9.7300000e+00   2.4492586e-01
   9.7350000e+00   2.4492329e-01
   9.7400000e+00   2.4492073e-01
   9.7450000e+00   2.4491818e-01
   9.7500000e+00   2.4491565e-01
   9.7550000e+00   2.4491312e-01
   9.7600000e+00   2.4491062e-01
   9.7650000e+00   2.4490812e-01
   9.7700000e+00   2.4490564e-01
   9.7750000e+00   2.4490317e-01
   9.7800000e+00   2.4490071e-01
   9.7850000e+00   2.4489827e-01
   9.7900000e+00   2.4489584e-01
   9.7950000e+00   2.4489342e-01
   9.8000000e+00   2.4489101e-01
   9.8050000e+00   2.4488861e-01
   9.8100000e+00   2.4488623e-01
   9.8150000e+00   2.4488386e-01
   9.8200000e+00   2.4488150e-01
   9.8250000e+00   2.4487916e-01
   9.8300000e+00   2.4487683e-01
   9.8350000e+00   2.4487450e-01
   9.8400000e+00   2.4487219e-01
   9.8450000e+00   2.4486990e-01
   9.8500000e+00   2.4486761e-01
   9.8550000e+00   2.4486533e-01
   9.8600000e+00   2.4486307e-01
   9.8650000e+00   2.4486082e-01
   9.8700000e+00   2.4485858e-01
   9.8750000e+00   2.4485635e-01
   9.8800000e+00   2.4485413e-01
   9.8850000e+00   2.4485193e-01
   9.8900000e+00   2.4484973e-01
   9.8950000e+00   2.4484755e-01
   9.9000000e+00   2.4484538e-01
   9.9050000e+00   2.4484322e-01
   9.9100000e+00   2.4484107e-01
   9.9150000e+00   2.4483893e-01
   9.9200000e+00   2.4483680e-01
   9.9250000e+00   2.4483468e-01
   9.9300000e+00   2.4483257e-01
   9.9350000e+00   2.4483047e-01
   9.9400000e+00   2.4482839e-01
   9.9450000e+00   2.4482631e-01
   9.9500000e+00   2.4482425e-01
   9.9550000e+00   2.4482219e-01
   9.9600000e+00   2.4482015e-01
   9.9650000e+00   2.4481812e-01
   9.9700000e+00   2.4481609e-01
   9.9750000e+00   2.4481408e-01
   9.9800000e+00   2.4481207e-01
   9.9850000e+00   2.4481008e-01
   9.9900000e+00   2.4480810e-01
   9.9950000e+00   2.4480612e-01
   1.0000000e+01   2.4338018e-01
   1.0030000e+01   2.4340955e-01
   1.0060000e+01   2.4343811e-01
   1.0090000e+01   2.4346587e-01
   1.0120000e+01   2.4349287e-01
   1.0150000e+01   2.4351912e-01
   1.0180000e+01   2.4354463e-01
   1.0210000e+01   2.4356943e-01
   1.0240000e+01   2.4359353e-01
   1.0270000e+01   2.4361695e-01
   1.0300000e+01   2.4363970e-01
   1.0330000e+01   2.4366182e-01
   1.0360000e+01   2.4368330e-01
   1.0390000e+01   2.4370417e-01
   1.0420000e+01   2.4372444e-01
   1.0450000e+01   2.4374412e-01
   1.0480000e+01   2.4376324e-01
   1.0510000e+01   2.4378180e-01
   1.0540000e+01   2.4379982e-01
   1.0570000e+01   2.4381732e-01
   1.0600000e+01   2.4383430e-01
   1.0630000e+01   2.4385078e-01
   1.0660000e+01   2.4386677e-01
   1.0690000e+01   2.4388229e-01
   1.0720000e+01   2.4389735e-01
   1.0750000e+01   2.4391195e-01
   1.0780000e+01   2.4392611e-01
   1.0810000e+01   2.4393984e-01
   1.0840000e+01   2.4395316e-01
   1.0870000e+01   2.4396607e-01
   1.0900000e+01   2.4397858e-01
   1.0930000e+01   2.4399070e-01
   1.0960000e+01   2.4400245e-01
   1.0990000e+01   2.4401382e-01
   1.1020000e+01   2.4402484e-01
   1.1050000e+01   2.4403552e-01
   1.1080000e+01   2.4404585e-01
   1.1110000e+01   2.4405585e-01
   1.1140000e+01   2.4406552e-01
   1.1170000e+01   2.4407488e-01
   1.1200000e+01   2.4408394e-01
   1.1230000e+01   2.4409269e-01
   1.1260000e+01   2.4410116e-01
   1.1290000e+01   2.4410934e-01
   1.1320000e+01   2.4411724e-01
   1.1350000e+01   2.4412487e-01
   1.1380000e+01   2.4413224e-01
   1.1410000e+01   2.4413936e-01
   1.1440000e+01   2.4414622e-01
   1.1470000e+01   2.4415284e-01
   1.1500000e+01   2.4415923e-01
   1.1530000e+01   2.4416538e-01
   1.1560000e+01   2.4417131e-01
   1.1590000e+01   2.4417701e-01
   1.1620000e+01   2.4418251e-01
   1.1650000e+01   2.4418779e-01
   1.1680000e+01   2.4419288e-01
   1.1710000e+01   2.4419776e-01
   1.1740000e+01   2.4420245e-01
   1.1770000e+01   2.4420695e-01
   1.1800000e+01   2.4421127e-01
   1.1830000e+01   2.4421541e-01
   1.1860000e+01   2.4421938e-01
   1.1890000e+01   2.4422318e-01
   1.1920000e+01   2.4422681e-01
   1.1950000e+01   2.4423028e-01
   1.1980000e+01   2.4423359e-01
   1.2010000e+01   2.4423675e-01
   1.2040000e+01   2.4423976e-01
   1.2070000e+01   2.4424262e-01
   1.2100000e+01   2.4424534e-01
   1.2130000e+01   2.4424793e-01
   1.2160000e+01   2.4425037e-01
   1.2190000e+01   2.4425269e-01
   1.2220000e+01   2.4425488e-01
   1.2250000e+01   2.4425694e-01
   1.2280000e+01   2.4425888e-01
   1.2310000e+01   2.4426070e-01
   1.2340000e+01   2.4426240e-01
   1.2370000e+01   2.4426400e-01
   1.2400000e+01   2.4426548e-01
   1.2430000e+01   2.4426685e-01
   1.2460000e+01   2.4426812e-01
   1.2490000e+01   2.4426928e-01
   1.2520000e+01   2.4427035e-01
   1.2550000e+01   2.4427132e-01
   1.2580000e+01   2.4427219e-01
   1.2610000e+01   2.4427297e-01
   1.2640000e+01   2.4427366e-01
   1.2670000e+01   2.4427426e-01
   1.2700000e+01   2.4427478e-01
   1.2730000e+01   2.4427521e-01
   1.2760000e+01   2.4427556e-01
   1.2790000e+01   2.4427583e-01
   1.2820000e+01   2.4427602e-01
   1.2850000e+01   2.4427614e-01
   1.2880000e+01   2.4427618e-01
   1.2910000e+01   2.4427615e-01
   1.2940000e+01   2.4427605e-01
   1.2970000e+01   2.4427588e-01
   1.3000000e+01   2.4427564e-01
   1.3030000e+01   2.4427534e-01
   1.3060000e+01   2.4427497e-01
   1.3090000e+01   2.4427454e-01
   1.3120000e+01   2.4427405e-01
   1.3150000e+01   2.4427350e-01
   1.3180000e+01   2.4427289e-01
   1.3210000e+01   2.4427223e-01
   1.3240000e+01   2.4427151e-01
   1.3270000e+01   2.4427073e-01
   1.3300000e+01   2.4426991e-01
   1.3330000e+01   2.4426903e-01
   1.3360000e+01   2.4426810e-01
   1.3390000e+01   2.4426712e-01
   1.3420000e+01   2.4426609e-01
   1.3450000e+01   2.4426502e-01
   1.3480000e+01   2.4426390e-01
   1.3510000e+01   2.4426274e-01
   1.3540000e+01   2.4426154e-01
   1.3570000e+01   2.4426029e-01
   1.3600000e+01   2.4425900e-01
   1.3630000e+01   2.4425767e-01
   1.3660000e+01   2.4425630e-01
   1.3690000e+01   2.4425489e-01
   1.3720000e+01   2.4425345e-01
   1.3750000e+01   2.4425196e-01
   1.3780000e+01   2.4425045e-01
   1.3810000e+01   2.4424889e-01
   1.3840000e+01   2.4424731e-01
   1.3870000e+01   2.4424569e-01
   1.3900000e+01   2.4424403e-01
   1.3930000e+01   2.4424235e-01
   1.3960000e+01   2.4424063e-01
   1.3990000e+01   2.4423889e-01
   1.4020000e+01   2.4423711e-01
   1.4050000e+01   2.4423531e-01
   1.4080000e+01   2.4423348e-01
   1.4110000e+01   2.4423162e-01
   1.4140000e+01   2.4422973e-01
   1.4170000e+01   2.4422782e-01
   1.4200000e+01   2.4422588e-01
   1.4230000e+01   2.4422392e-01
   1.4260000e+01   2.4422193e-01
   1.4290000e+01   2.4421992e-01
   1.4320000e+01   2.4421789e-01
   1.4350000e+01   2.4421583e-01
   1.4380000e+01   2.4421376e-01
   1.4410000e+01   2.4421166e-01
   1.4440000e+01   2.4420954e-01
   1.4470000e+01   2.4420740e-01
   1.4500000e+01   2.4420524e-01
   1.4530000e+01   2.4420306e-01
   1.4560000e+01   2.4420086e-01
   1.4590000e+01   2.4419864e-01
   1.4620000e+01   2.4419641e-01
   1.4650000e+01   2.4419415e-01
   1.4680000e+01   2.4419189e-01
   1.4710000e+01   2.4418960e-01
   1.4740000e+01   2.4418730e-01
   1.4770000e+01   2.4418498e-01
   1.4800000e+01   2.4418265e-01
   1.4830000e+01   2.4418030e-01
   1.4860000e+01   2.4417794e-01
   1.4890000e+01   2.4417556e-01
   1.4920000e+01   2.4417317e-01
   1.4950000e+01   2.4417077e-01
   1.4980000e+01   2.4416835e-01
   1.5010000e+01   2.4416593e-01
   1.5040000e+01   2.4416348e-01
   1.5070000e+01   2.4416103e-01
   1.5100000e+01   2.4415857e-01
   1.5130000e+01   2.4415609e-01
   1.5160000e+01   2.4415360e-01
   1.5190000e+01   2.4415111e-01
   1.5220000e+01   2.4414860e-01
   1.5250000e+01   2.4414608e-01
   1.5280000e+01   2.4414355e-01
   1.5310000e+01   2.4414102e-01
   1.5340000e+01   2.4413847e-01
   1.5370000e+01   2.4413592e-01
   1.5400000e+01   2.4413336e-01
   1.5430000e+01   2.4413078e-01
   1.5460000e+01   2.4412820e-01
   1.5490000e+01   2.4412562e-01
   1.5520000e+01   2.4412302e-01
   1.5550000e+01   2.4412042e-01
   1.5580000e+01   2.4411781e-01
   1.5610000e+01   2.4411520e-01
   1.5640000e+01   2.4411258e-01
   1.5670000e+01   2.4410995e-01
   1.5700000e+01   2.4410731e-01
   1.5730000e+01   2.4410467e-01
   1.5760000e+01   2.4410203e-01
   1.5790000e+01   2.4409938e-01
   1.5820000e+01   2.4409672e-01
   1.5850000e+01   2.4409406e-01
   1.5880000e+01   2.4409140e-01
   1.5910000e+01   2.4408873e-01
   1.5940000e+01   2.4408605e-01
   1.5970000e+01   2.4408338e-01
   1.6000000e+01   2.4408069e-01
   1.6030000e+01   2.4407801e-01
   1.6060000e+01   2.4407532e-01
   1.6090000e+01   2.4407263e-01
   1.6120000e+01   2.4406993e-01
   1.6150000e+01   2.4406723e-01
   1.6180000e+01   2.4406453e-01
   1.6210000e+01   2.4406183e-01
   1.6240000e+01   2.4405912e-01
   1.6270000e+01   2.4405642e-01
   1.6300000e+01   2.4405371e-01
   1.6330000e+01   2.4405099e-01
   1.6360000e+01   2.4404828e-01
   1.6390000e+01   2.4404556e-01
   1.6420000e+01   2.4404285e-01
   1.6450000e+01   2.4404013e-01
   1.6480000e+01   2.4403741e-01
   1.6510000e+01   2.4403469e-01
   1.6540000e+01   2.4403197e-01
   1.6570000e+01   2.4402925e-01
   1.6600000e+01   2.4402653e-01
   1.6630000e+01   2.4402380e-01
   1.6660000e+01   2.4402108e-01
   1.6690000e+01   2.4401836e-01
   1.6720000e+01   2.4401564e-01
   1.6750000e+01   2.4401291e-01
   1.6780000e+01   2.4401019e-01
   1.6810000e+01   2.4400747e-01
   1.6840000e+01   2.4400475e-01
   1.6870000e+01   2.4400203e-01
   1.6900000e+01   2.4399931e-01
   1.6930000e+01   2.4399659e-01
   1.6960000e+01   2.4399387e-01
   1.6990000e+01   2.4399115e-01
   1.7020000e+01   2.4398844e-01
   1.7050000e+01   2.4398572e-01
   1.7080000e+01   2.4398301e-01
   1.7110000e+01   2.4398030e-01
   1.7140000e+01   2.4397759e-01
   1.7170000e+01   2.4397488e-01
   1.7200000e+01   2.4397218e-01
   1.7230000e+01   2.4396947e-01
   1.7260000e+01   2.4396677e-01
   1.7290000e+01   2.4396407e-01
   1.7320000e+01   2.4396138e-01
   1.7350000e+01   2.4395868e-01
   1.7380000e+01   2.4395599e-01
   1.7410000e+01   2.4395330e-01
   1.7440000e+01   2.4395061e-01
   1.7470000e+01   2.4394793e-01
   1.7500000e+01   2.4394525e-01
   1.7530000e+01   2.4394257e-01
   1.7560000e+01   2.4393989e-01
   1.7590000e+01   2.4393722e-01
   1.7620000e+01   2.4393455e-01
   1.7650000e+01   2.4393189e-01
   1.7680000e+01   2.4392923e-01
   1.7710000e+01   2.4392657e-01
   1.7740000e+01   2.4392391e-01
   1.7770000e+01   2.4392126e-01
   1.7800000e+01   2.4391861e-01
   1.7830000e+01   2.4391597e-01
   1.7860000e+01   2.4391333e-01
   1.7890000e+01   2.4391069e-01
   1.7920000e+01   2.4390806e-01
   1.7950000e+01   2.4390543e-01
   1.7980000e+01   2.4390281e-01
   1.8010000e+01   2.4390019e-01
   1.8040000e+01   2.4389757e-01
   1.8070000e+01   2.4389496e-01
   1.8100000e+01   2.4389235e-01
   1.8130000e+01   2.4388975e-01
   1.8160000e+01   2.4388715e-01
   1.8190000e+01   2.4388456e-01
   1.8220000e+01   2.4388197e-01
   1.8250000e+01   2.4387938e-01
   1.8280000e+01   2.4387680e-01
   1.8310000e+01   2.4387423e-01
   1.8340000e+01   2.4387166e-01
   1.8370000e+01   2.4386909e-01
   1.8400000e+01   2.4386653e-01
   1.8430000e+01   2.4386398e-01
   1.8460000e+01   2.4386143e-01
   1.8490000e+01   2.4385888e-01
   1.8520000e+01   2.4385634e-01
   1.8550000e+01   2.4385381e-01
   1.8580000e+01   2.4385128e-01
   1.8610000e+01   2.4384875e-01
   1.8640000e+01   2.4384623e-01
   1.8670000e+01   2.4384372e-01
   1.8700000e+01   2.4384121e-01
   1.8730000e+01   2.4383871e-01
   1.8760000e+01   2.4383621e-01
   1.8790000e+01   2.4383372e-01
   1.8820000e+01   2.4383124e-01
   1.8850000e+01   2.4382876e-01
   1.8880000e+01   2.4382628e-01
   1.8910000e+01   2.4382381e-01
   1.8940000e+01   2.4382135e-01
   1.8970000e+01   2.4381889e-01
   1.9000000e+01   2.4381644e-01
   1.9030000e+01   2.4381400e-01
   1.9060000e+01   2.4381156e-01
   1.9090000e+01   2.4380912e-01
   1.9120000e+01   2.4380670e-01
   1.9150000e+01   2.4380427e-01
   1.9180000e+01   2.4380186e-01
   1.9210000e+01   2.4379945e-01
   1.9240000e+01   2.4379705e-01
   1.9270000e+01   2.4379465e-01
   1.9300000e+01   2.4379226e-01
   1.9330000e+01   2.4378987e-01
   1.9360000e+01   2.4378749e-01
   1.9390000e+01   2.4378512e-01
   1.9420000e+01   2.4378276e-01
   1.9450000e+01   2.4378040e-01
   1.9480000e+01   2.4377804e-01
   1.9510000e+01   2.4377570e-01
   1.9540000e+01   2.4377336e-01
   1.9570000e+01   2.4377102e-01
   1.9600000e+01   2.4376869e-01
   1.9630000e+01   2.4376637e-01
   1.9660000e+01   2.4376406e-01
   1.9690000e+01   2.4376175e-01
   1.9720000e+01   2.4375945e-01
   1.9750000e+01   2.4375715e-01
   1.9780000e+01   2.4375487e-01
   1.9810000e+01   2.4375258e-01
   1.9840000e+01   2.4375031e-01
   1.9870000e+01   2.4374804e-01
   1.9900000e+01   2.4374578e-01
   1.9930000e+01   2.4374352e-01
   1.9960000e+01   2.4374127e-01
   1.9990000e+01   2.4373903e-01
   2.0020000e+01   2.4373680e-01
   2.0050000e+01   2.4373457e-01
   2.0080000e+01   2.4373235e-01
   2.0110000e+01   2.4373013e-01
   2.0140000e+01   2.4372792e-01
   2.0170000e+01   2.4372572e-01
   2.0200000e+01   2.4372353e-01
   2.0230000e+01   2.4372134e-01
   2.0260000e+01   2.4371916e-01
   2.0290000e+01   2.4371698e-01
   2.0320000e+01   2.4371482e-01
   2.0350000e+01   2.4371266e-01
   2.0380000e+01   2.4371050e-01
   2.0410000e+01   2.4370835e-01
   2.0440000e+01   2.4370621e-01
   2.0470000e+01   2.4370408e-01
   2.0500000e+01   2.4370196e-01
   2.0530000e+01   2.4369984e-01
   2.0560000e+01   2.4369772e-01
   2.0590000e+01   2.4369562e-01
   2.0620000e+01   2.4369352e-01
   2.0650000e+01   2.4369143e-01
   2.0680000e+01   2.4368934e-01
   2.0710000e+01   2.4368727e-01
   2.0740000e+01   2.4368519e-01
   2.0770000e+01   2.4368313e-01
   2.0800000e+01   2.4368107e-01
   2.0830000e+01   2.4367902e-01
   2.0860000e+01   2.4367698e-01
   2.0890000e+01   2.4367495e-01
   2.0920000e+01   2.4367292e-01
   2.0950000e+01   2.4367089e-01
   2.0980000e+01   2.4366888e-01
   2.1010000e+01   2.4366687e-01
   2.1040000e+01   2.4366487e-01
   2.1070000e+01   2.4366288e-01
   2.1100000e+01   2.4366089e-01
   2.1130000e+01   2.4365891e-01
   2.1160000e+01   2.4365693e-01
   2.1190000e+01   2.4365497e-01
   2.1220000e+01   2.4365301e-01
   2.1250000e+01   2.4365106e-01
   2.1280000e+01   2.4364911e-01
   2.1310000e+01   2.4364717e-01
   2.1340000e+01   2.4364524e-01
   2.1370000e+01   2.4364332e-01
   2.1400000e+01   2.4364140e-01
   2.1430000e+01   2.4363949e-01
   2.1460000e+01   2.4363759e-01
   2.1490000e+01   2.4363569e-01
   2.1520000e+01   2.4363380e-01
   2.1550000e+01   2.4363192e-01
   2.1580000e+01   2.4363004e-01
   2.1610000e+01   2.4362817e-01
   2.1640000e+01   2.4362631e-01
   2.1670000e+01   2.4362446e-01
   2.1700000e+01   2.4362261e-01
   2.1730000e+01   2.4362077e-01
   2.1760000e+01   2.4361893e-01
   2.1790000e+01   2.4361710e-01
   2.1820000e+01   2.4361528e-01
   2.1850000e+01   2.4361347e-01
   2.1880000e+01   2.4361166e-01
   2.1910000e+01   2.4360986e-01
   2.1940000e+01   2.4360807e-01
   2.1970000e+01   2.4360629e-01
   2.2000000e+01   2.4360451e-01
   2.2030000e+01   2.4360273e-01
   2.2060000e+01   2.4360097e-01
   2.2090000e+01   2.4359921e-01
   2.2120000e+01   2.4359746e-01
   2.2150000e+01   2.4359571e-01
   2.2180000e+01   2.4359397e-01
   2.2210000e+01   2.4359224e-01
   2.2240000e+01   2.4359052e-01
   2.2270000e+01   2.4358880e-01
   2.2300000e+01   2.4358709e-01
   2.2330000e+01   2.4358539e-01
   2.2360000e+01   2.4358369e-01
   2.2390000e+01   2.4358200e-01
   2.2420000e+01   2.4358031e-01
   2.2450000e+01   2.4357864e-01
   2.2480000e+01   2.4357697e-01
   2.2510000e+01   2.4357530e-01
   2.2540000e+01   2.4357364e-01
   2.2570000e+01   2.4357199e-01
   2.2600000e+01   2.4357035e-01
   2.2630000e+01   2.4356871e-01
   2.2660000e+01   2.4356708e-01
   2.2690000e+01   2.4356546e-01
   2.2720000e+01   2.4356384e-01
   2.2750000e+01   2.4356223e-01
   2.2780000e+01   2.4356063e-01
   2.2810000e+01   2.4355903e-01
   2.2840000e+01   2.4355744e-01
   2.2870000e+01   2.4355585e-01
   2.2900000e+01   2.4355428e-01
   2.2930000e+01   2.4355270e-01
   2.2960000e+01   2.4355114e-01
   2.2990000e+01   2.4354958e-01
   2.3020000e+01   2.4354803e-01
   2.3050000e+01   2.4354648e-01
   2.3080000e+01   2.4354495e-01
   2.3110000e+01   2.4354341e-01
   2.3140000e+01   2.4354189e-01
   2.3170000e+01   2.4354037e-01
   2.3200000e+01   2.4353885e-01
   2.3230000e+01   2.4353735e-01
   2.3260000e+01   2.4353585e-01
   2.3290000e+01   2.4353435e-01
   2.3320000e+01   2.4353287e-01
   2.3350000e+01   2.4353138e-01
   2.3380000e+01   2.4352991e-01
   2.3410000e+01   2.4352844e-01
   2.3440000e+01   2.4352698e-01
   2.3470000e+01   2.4352552e-01
   2.3500000e+01   2.4352407e-01
   2.3530000e+01   2.4352263e-01
   2.3560000e+01   2.4352119e-01
   2.3590000e+01   2.4351976e-01
   2.3620000e+01   2.4351834e-01
   2.3650000e+01   2.4351692e-01
   2.3680000e+01   2.4351550e-01
   2.3710000e+01   2.4351410e-01
   2.3740000e+01   2.4351270e-01
   2.3770000e+01   2.4351130e-01
   2.3800000e+01   2.4350991e-01
   2.3830000e+01   2.4350853e-01
   2.3860000e+01   2.4350716e-01
   2.3890000e+01   2.4350579e-01
   2.3920000e+01   2.4350442e-01
   2.3950000e+01   2.4350306e-01
   2.3980000e+01   2.4350171e-01
   2.4010000e+01   2.4350037e-01
   2.4040000e+01   2.4349903e-01
   2.4070000e+01   2.4349769e-01
   2.4100000e+01   2.4349637e-01
   2.4130000e+01   2.4349504e-01
   2.4160000e+01   2.4349373e-01
   2.4190000e+01   2.4349242e-01
   2.4220000e+01   2.4349111e-01
   2.4250000e+01   2.4348981e-01
   2.4280000e+01   2.4348852e-01
   2.4310000e+01   2.4348723e-01
   2.4340000e+01   2.4348595e-01
   2.4370000e+01   2.4348468e-01
   2.4400000e+01   2.4348341e-01
   2.4430000e+01   2.4348214e-01
   2.4460000e+01   2.4348089e-01
   2.4490000e+01   2.4347963e-01
   2.4520000e+01   2.4347839e-01
   2.4550000e+01   2.4347715e-01
   2.4580000e+01   2.4347591e-01
   2.4610000e+01   2.4347468e-01
   2.4640000e+01   2.4347346e-01
   2.4670000e+01   2.4347224e-01
   2.4700000e+01   2.4347103e-01
   2.4730000e+01   2.4346982e-01
   2.4760000e+01   2.4346862e-01
   2.4790000e+01   2.4346742e-01
   2.4820000e+01   2.4346623e-01
   2.4850000e+01   2.4346505e-01
   2.4880000e+01   2.4346387e-01
   2.4910000e+01   2.4346269e-01
   2.4940000e+01   2.4346152e-01
   2.4970000e+01   2.4346036e-01
   2.5000000e+01   2.4345920e-01
   2.5030000e+01   2.4345805e-01
   2.5060000e+01   2.4345690e-01
   2.5090000e+01   2.4345576e-01
   2.5120000e+01   2.4345462e-01
   2.5150000e+01   2.4345349e-01
   2.5180000e+01   2.4345237e-01
   2.5210000e+01   2.4345125e-01
   2.5240000e+01   2.4345013e-01
   2.5270000e+01   2.4344902e-01
   2.5300000e+01   2.4344792e-01
   2.5330000e+01   2.4344682e-01
   2.5360000e+01   2.4344572e-01
   2.5390000e+01   2.4344464e-01
   2.5420000e+01   2.4344355e-01
   2.5450000e+01   2.4344247e-01
   2.5480000e+01   2.4344140e-01
   2.5510000e+01   2.4344033e-01
   2.5540000e+01   2.4343927e-01
   2.5570000e+01   2.4343821e-01
   2.5600000e+01   2.4343716e-01
   2.5630000e+01   2.4343611e-01
   2.5660000e+01   2.4343506e-01
   2.5690000e+01   2.4343403e-01
   2.5720000e+01   2.4343299e-01
   2.5750000e+01   2.4343196e-01
   2.5780000e+01   2.4343094e-01
   2.5810000e+01   2.4342992e-01
   2.5840000e+01   2.4342891e-01
   2.5870000e+01   2.4342790e-01
   2.5900000e+01   2.4342690e-01
   2.5930000e+01   2.4342590e-01
   2.5960000e+01   2.4342490e-01
   2.5990000e+01   2.4342392e-01
   2.6020000e+01   2.4342293e-01
   2.6050000e+01   2.4342195e-01
   2.6080000e+01   2.4342098e-01
   2.6110000e+01   2.4342001e-01
   2.6140000e+01   2.4341904e-01
   2.6170000e+01   2.4341808e-01
   2.6200000e+01   2.4341712e-01
   2.6230000e+01   2.4341617e-01
   2.6260000e+01   2.4341523e-01
   2.6290000e+01   2.4341428e-01
   2.6320000e+01   2.4341335e-01
   2.6350000e+01   2.4341241e-01
   2.6380000e+01   2.4341149e-01
   2.6410000e+01   2.4341056e-01
   2.6440000e+01   2.4340964e-01
   2.6470000e+01   2.4340873e-01
   2.6500000e+01   2.4340782e-01
   2.6530000e+01   2.4340691e-01
   2.6560000e+01   2.4340601e-01
   2.6590000e+01   2.4340512e-01
   2.6620000e+01   2.4340423e-01
   2.6650000e+01   2.4340334e-01
   2.6680000e+01   2.4340245e-01
   2.6710000e+01   2.4340158e-01
   2.6740000e+01   2.4340070e-01
   2.6770000e+01   2.4339983e-01
   2.6800000e+01   2.4339897e-01
   2.6830000e+01   2.4339810e-01
   2.6860000e+01   2.4339725e-01
   2.6890000e+01   2.4339639e-01
   2.6920000e+01   2.4339555e-01
   2.6950000e+01   2.4339470e-01
   2.6980000e+01   2.4339386e-01
   2.7010000e+01   2.4339303e-01
   2.7040000e+01   2.4339219e-01
   2.7070000e+01   2.4339137e-01
   2.7100000e+01   2.4339054e-01
   2.7130000e+01   2.4338973e-01
   2.7160000e+01   2.4338891e-01
   2.7190000e+01   2.4338810e-01
   2.7220000e+01   2.4338729e-01
   2.7250000e+01   2.4338649e-01
   2.7280000e+01   2.4338569e-01
   2.7310000e+01   2.4338490e-01
   2.7340000e+01   2.4338411e-01
   2.7370000e+01   2.4338332e-01
   2.7400000e+01   2.4338254e-01
   2.7430000e+01   2.4338176e-01
   2.7460000e+01   2.4338099e-01
   2.7490000e+01   2.4338021e-01
   2.7520000e+01   2.4337945e-01
   2.7550000e+01   2.4337869e-01
   2.7580000e+01   2.4337793e-01
   2.7610000e+01   2.4337717e-01
   2.7640000e+01   2.4337642e-01
   2.7670000e+01   2.4337567e-01
   2.7700000e+01   2.4337493e-01
   2.7730000e+01   2.4337419e-01
   2.7760000e+01   2.4337346e-01
   2.7790000e+01   2.4337272e-01
   2.7820000e+01   2.4337200e-01
   2.7850000e+01   2.4337127e-01
   2.7880000e+01   2.4337055e-01
   2.7910000e+01   2.4336983e-01
   2.7940000e+01   2.4336912e-01
   2.7970000e+01   2.4336841e-01
   2.8000000e+01   2.4336770e-01
   2.8030000e+01   2.4336700e-01
   2.8060000e+01   2.4336630e-01
   2.8090000e+01   2.4336561e-01
   2.8120000e+01   2.4336492e-01
   2.8150000e+01   2.4336423e-01
   2.8180000e+01   2.4336355e-01
   2.8210000e+01   2.4336287e-01
   2.8240000e+01   2.4336219e-01
   2.8270000e+01   2.4336151e-01
   2.8300000e+01   2.4336084e-01
   2.8330000e+01   2.4336018e-01
   2.8360000e+01   2.4335952e-01
   2.8390000e+01   2.4335886e-01
   2.8420000e+01   2.4335820e-01
   2.8450000e+01   2.4335755e-01
   2.8480000e+01   2.4335690e-01
   2.8510000e+01   2.4335625e-01
   2.8540000e+01   2.4335561e-01
   2.8570000e+01   2.4335497e-01
   2.8600000e+01   2.4335433e-01
   2.8630000e+01   2.4335370e-01
   2.8660000e+01   2.4335307e-01
   2.8690000e+01   2.4335245e-01
   2.8720000e+01   2.4335183e-01
   2.8750000e+01   2.4335121e-01
   2.8780000e+01   2.4335059e-01
   2.8810000e+01   2.4334998e-01
   2.8840000e+01   2.4334937e-01
   2.8870000e+01   2.4334876e-01
   2.8900000e+01   2.4334816e-01
   2.8930000e+01   2.4334756e-01
   2.8960000e+01   2.4334696e-01
   2.8990000e+01   2.4334637e-01
   2.9020000e+01   2.4334578e-01
   2.9050000e+01   2.4334519e-01
   2.9080000e+01   2.4334461e-01
   2.9110000e+01   2.4334403e-01
   2.9140000e+01   2.4334345e-01
   2.9170000e+01   2.4334288e-01
   2.9200000e+01   2.4334230e-01
   2.9230000e+01   2.4334173e-01
   2.9260000e+01   2.4334117e-01
   2.9290000e+01   2.4334061e-01
   2.9320000e+01   2.4334005e-01
   2.9350000e+01   2.4333949e-01
   2.9380000e+01   2.4333894e-01
   2.9410000e+01   2.4333839e-01
   2.9440000e+01   2.4333784e-01
   2.9470000e+01   2.4333729e-01
   2.9500000e+01   2.4333675e-01
   2.9530000e+01   2.4333621e-01
   2.9560000e+01   2.4333568e-01
   2.9590000e+01   2.4333514e-01
   2.9620000e+01   2.4333461e-01
   2.9650000e+01   2.4333409e-01
   2.9680000e+01   2.4333356e-01
   2.9710000e+01   2.4333304e-01
   2.9740000e+01   2.4333252e-01
   2.9770000e+01   2.4333201e-01
   2.9800000e+01   2.4333149e-01
   2.9830000e+01   2.4333098e-01
   2.9860000e+01   2.4333047e-01
   2.9890000e+01   2.4332997e-01
   2.9920000e+01   2.4332947e-01
   2.9950000e+01   2.4332897e-01
   2.9980000e+01   2.4332847e-01
   3.0010000e+01   2.4332798e-01
   3.0040000e+01   2.4332749e-01
   3.0070000e+01   2.4332700e-01
   3.0100000e+01   2.4332651e-01
   3.0130000e+01   2.4332603e-01
   3.0160000e+01   2.4332555e-01
   3.0190000e+01   2.4332507e-01
   3.0220000e+01   2.4332459e-01
   3.0250000e+01   2.4332412e-01
   3.0280000e+01   2.4332365e-01
   3.0310000e+01   2.4332318e-01
   3.0340000e+01   2.4332272e-01
   3.0370000e+01   2.4332225e-01
   3.0400000e+01   2.4332179e-01
   3.0430000e+01   2.4332134e-01
   3.0460000e+01   2.4332088e-01
   3.0490000e+01   2.4332043e-01
   3.0520000e+01   2.4331998e-01
   3.0550000e+01   2.4331953e-01
   3.0580000e+01   2.4331908e-01
   3.0610000e+01   2.4331864e-01
   3.0640000e+01   2.4331820e-01
   3.0670000e+01   2.4331776e-01
   3.0700000e+01   2.4331733e-01
   3.0730000e+01   2.4331690e-01
   3.0760000e+01   2.4331646e-01
   3.0790000e+01   2.4331604e-01
   3.0820000e+01   2.4331561e-01
   3.0850000e+01   2.4331519e-01
   3.0880000e+01   2.4331476e-01
   3.0910000e+01   2.4331435e-01
   3.0940000e+01   2.4331393e-01
   3.0970000e+01   2.4331351e-01
   3.1000000e+01   2.4331310e-01
   3.1030000e+01   2.4331269e-01
   3.1060000e+01   2.4331229e-01
   3.1090000e+01   2.4331188e-01
   3.1120000e+01   2.4331148e-01
   3.1150000e+01   2.4331108e-01
   3.1180000e+01   2.4331068e-01
   3.1210000e+01   2.4331028e-01
   3.1240000e+01   2.4330989e-01
   3.1270000e+01   2.4330949e-01
   3.1300000e+01   2.4330911e-01
   3.1330000e+01   2.4330872e-01
   3.1360000e+01   2.4330833e-01
   3.1390000e+01   2.4330795e-01
   3.1420000e+01   2.4330757e-01
   3.1450000e+01   2.4330719e-01
   3.1480000e+01   2.4330681e-01
   3.1510000e+01   2.4330644e-01
   3.1540000e+01   2.4330606e-01
   3.1570000e+01   2.4330569e-01
   3.1600000e+01   2.4330532e-01
   3.1630000e+01   2.4330496e-01
   3.1660000e+01   2.4330459e-01
   3.1690000e+01   2.4330423e-01
   3.1720000e+01   2.4330387e-01
   3.1750000e+01   2.4330351e-01
   3.1780000e+01   2.4330316e-01
   3.1810000e+01   2.4330280e-01
   3.1840000e+01   2.4330245e-01
   3.1870000e+01   2.4330210e-01
   3.1900000e+01   2.4330175e-01
   3.1930000e+01   2.4330140e-01
   3.1960000e+01   2.4330106e-01
   3.1990000e+01   2.4330072e-01
   3.2020000e+01   2.4330038e-01
   3.2050000e+01   2.4330004e-01
   3.2080000e+01   2.4329970e-01
   3.2110000e+01   2.4329937e-01
   3.2140000e+01   2.4329903e-01
   3.2170000e+01   2.4329870e-01
   3.2200000e+01   2.4329837e-01
   3.2230000e+01   2.4329804e-01
   3.2260000e+01   2.4329772e-01
   3.2290000e+01   2.4329739e-01
   3.2320000e+01   2.4329707e-01
   3.2350000e+01   2.4329675e-01
   3.2380000e+01   2.4329643e-01
   3.2410000e+01   2.4329612e-01
   3.2440000e+01   2.4329580e-01
   3.2470000e+01   2.4329549e-01
   3.2500000e+01   2.4329518e-01
   3.2530000e+01   2.4329487e-01
   3.2560000e+01   2.4329456e-01
   3.2590000e+01   2.4329426e-01
   3.2620000e+01   2.4329395e-01
   3.2650000e+01   2.4329365e-01
   3.2680000e+01   2.4329335e-01
   3.2710000e+01   2.4329305e-01
   3.2740000e+01   2.4329275e-01
   3.2770000e+01   2.4329246e-01
   3.2800000e+01   2.4329216e-01
   3.2830000e+01   2.4329187e-01
   3.2860000e+01   2.4329158e-01
   3.2890000e+01   2.4329129e-01
   3.2920000e+01   2.4329100e-01
   3.2950000e+01   2.4329072e-01
   3.2980000e+01   2.4329043e-01
   3.3010000e+01   2.4329015e-01
   3.3040000e+01   2.4328987e-01
   3.3070000e+01   2.4328959e-01
   3.3100000e+01   2.4328932e-01
   3.3130000e+01   2.4328904e-01
   3.3160000e+01   2.4328876e-01
   3.3190000e+01   2.4328849e-01
   3.3220000e+01   2.4328822e-01
   3.3250000e+01   2.4328795e-01
   3.3280000e+01   2.4328768e-01
   3.3310000e+01   2.4328742e-01
   3.3340000e+01   2.4328715e-01
   3.3370000e+01   2.4328689e-01
   3.3400000e+01   2.4328663e-01
   3.3430000e+01   2.4328637e-01
   3.3460000e+01   2.4328611e-01
   3.3490000e+01   2.4328585e-01
   3.3520000e+01   2.4328559e-01
   3.3550000e+01   2.4328534e-01
   3.3580000e+01   2.4328508e-01
   3.3610000e+01   2.4328483e-01
   3.3640000e+01   2.4328458e-01
   3.3670000e+01   2.4328433e-01
   3.3700000e+01   2.4328409e-01
   3.3730000e+01   2.4328384e-01
   3.3760000e+01   2.4328360e-01
   3.3790000e+01   2.4328335e-01
   3.3820000e+01   2.4328311e-01
   3.3850000e+01   2.4328287e-01
   3.3880000e+01   2.4328263e-01
   3.3910000e+01   2.4328239e-01
   3.3940000e+01   2.4328216e-01
   3.3970000e+01   2.4328192e-01
   3.4000000e+01   2.4328169e-01
   3.4030000e+01   2.4328146e-01
   3.4060000e+01   2.4328123e-01
   3.4090000e+01   2.4328100e-01
   3.4120000e+01   2.4328077e-01
   3.4150000e+01   2.4328054e-01
   3.4180000e+01   2.4328032e-01
   3.4210000e+01   2.4328009e-01
   3.4240000e+01   2.4327987e-01
   3.4270000e+01   2.4327965e-01
   3.4300000e+01   2.4327943e-01
   3.4330000e+01   2.4327921e-01
   3.4360000e+01   2.4327899e-01
   3.4390000e+01   2.4327878e-01
   3.4420000e+01   2.4327856e-01
   3.4450000e+01   2.4327835e-01
   3.4480000e+01   2.4327813e-01
   3.4510000e+01   2.4327792e-01
   3.4540000e+01   2.4327771e-01
   3.4570000e+01   2.4327750e-01
   3.4600000e+01   2.4327730e-01
   3.4630000e+01   2.4327709e-01
   3.4660000e+01   2.4327688e-01
   3.4690000e+01   2.4327668e-01
   3.4720000e+01   2.4327648e-01
   3.4750000e+01   2.4327628e-01
   3.4780000e+01   2.4327608e-01
   3.4810000e+01   2.4327588e-01
   3.4840000e+01   2.4327568e-01
   3.4870000e+01   2.4327548e-01
   3.4900000e+01   2.4327528e-01
   3.4930000e+01   2.4327509e-01
   3.4960000e+01   2.4327490e-01
   3.4990000e+01   2.4327470e-01
   3.5020000e+01   2.4327451e-01
   3.5050000e+01   2.4327432e-01
   3.5080000e+01   2.4327413e-01
   3.5110000e+01   2.4327395e-01
   3.5140000e+01   2.4327376e-01
   3.5170000e+01   2.4327357e-01
   3.5200000e+01   2.4327339e-01
   3.5230000e+01   2.4327320e-01
   3.5260000e+01   2.4327302e-01
   3.5290000e+01   2.4327284e-01
   3.5320000e+01   2.4327266e-01
   3.5350000e+01   2.4327248e-01
   3.5380000e+01   2.4327230e-01
   3.5410000e+01   2.4327212e-01
   3.5440000e+01   2.4327195e-01
   3.5470000e+01   2.4327177e-01
   3.5500000e+01   2.4327160e-01
   3.5530000e+01   2.4327143e-01
   3.5560000e+01   2.4327125e-01
   3.5590000e+01   2.4327108e-01
   3.5620000e+01   2.4327091e-01
   3.5650000e+01   2.4327074e-01
   3.5680000e+01   2.4327058e-01
   3.5710000e+01   2.4327041e-01
   3.5740000e+01   2.4327024e-01
   3.5770000e+01   2.4327008e-01
   3.5800000e+01   2.4326991e-01
   3.5830000e+01   2.4326975e-01
   3.5860000e+01   2.4326959e-01
   3.5890000e+01   2.4326943e-01
   3.5920000e+01   2.4326927e-01
   3.5950000e+01   2.4326911e-01
   3.5980000e+01   2.4326895e-01
   3.6010000e+01   2.4326879e-01
   3.6040000e+01   2.4326863e-01
   3.6070000e+01   2.4326848e-01
   3.6100000e+01   2.4326832e-01
   3.6130000e+01   2.4326817e-01
   3.6160000e+01   2.4326802e-01
   3.6190000e+01   2.4326787e-01
   3.6220000e+01   2.4326771e-01
   3.6250000e+01   2.4326756e-01
   3.6280000e+01   2.4326742e-01
   3.6310000e+01   2.4326727e-01
   3.6340000e+01   2.4326712e-01
   3.6370000e+01   2.4326697e-01
   3.6400000e+01   2.4326683e-01
   3.6430000e+01   2.4326668e-01
   3.6460000e+01   2.4326654e-01
   3.6490000e+01   2.4326640e-01
   3.6520000e+01   2.4326625e-01
   3.6550000e+01   2.4326611e-01
   3.6580000e+01   2.4326597e-01
   3.6610000e+01   2.4326583e-01
   3.6640000e+01   2.4326569e-01
   3.6670000e+01   2.4326555e-01
   3.6700000e+01   2.4326542e-01
   3.6730000e+01   2.4326528e-01
   3.6760000e+01   2.4326514e-01
   3.6790000e+01   2.4326501e-01
   3.6820000e+01   2.4326488e-01
   3.6850000e+01   2.4326474e-01
   3.6880000e+01   2.4326461e-01
   3.6910000e+01   2.4326448e-01
   3.6940000e+01   2.4326435e-01
   3.6970000e+01   2.4326422e-01
   3.7000000e+01   2.4326409e-01
   3.7030000e+01   2.4326396e-01
   3.7060000e+01   2.4326383e-01
   3.7090000e+01   2.4326371e-01
   3.7120000e+01   2.4326358e-01
   3.7150000e+01   2.4326345e-01
   3.7180000e+01   2.4326333e-01
   3.7210000e+01   2.4326320e-01
   3.7240000e+01   2.4326308e-01
   3.7270000e+01   2.4326296e-01
   3.7300000e+01   2.4326284e-01
   3.7330000e+01   2.4326272e-01
   3.7360000e+01   2.4326260e-01
   3.7390000e+01   2.4326248e-01
   3.7420000e+01   2.4326236e-01
   3.7450000e+01   2.4326224e-01
   3.7480000e+01   2.4326212e-01
   3.7510000e+01   2.4326201e-01
   3.7540000e+01   2.4326189e-01
   3.7570000e+01   2.4326177e-01
   3.7600000e+01   2.4326166e-01
   3.7630000e+01   2.4326155e-01
   3.7660000e+01   2.4326143e-01
   3.7690000e+01   2.4326132e-01
   3.7720000e+01   2.4326121e-01
   3.7750000e+01   2.4326110e-01
   3.7780000e+01   2.4326099e-01
   3.7810000e+01   2.4326088e-01
   3.7840000e+01   2.4326077e-01
   3.7870000e+01   2.4326066e-01
   3.7900000e+01   2.4326055e-01
   3.7930000e+01   2.4326044e-01
   3.7960000e+01   2.4326034e-01
   3.7990000e+01   2.4326023e-01
   3.8020000e+01   2.4326012e-01
   3.8050000e+01   2.4326002e-01
   3.8080000e+01   2.4325992e-01
   3.8110000e+01   2.4325981e-01
   3.8140000e+01   2.4325971e-01
   3.8170000e+01   2.4325961e-01
   3.8200000e+01   2.4325951e-01
   3.8230000e+01   2.4325940e-01
   3.8260000e+01   2.4325930e-01
   3.8290000e+01   2.4325920e-01
   3.8320000e+01   2.4325911e-01
   3.8350000e+01   2.4325901e-01
   3.8380000e+01   2.4325891e-01
   3.8410000e+01   2.4325881e-01
   3.8440000e+01   2.4325871e-01
   3.8470000e+01   2.4325862e-01
   3.8500000e+01   2.4325852e-01
   3.8530000e+01   2.4325843e-01
   3.8560000e+01   2.4325833e-01
   3.8590000e+01   2.4325824e-01
   3.8620000e+01   2.4325815e-01
   3.8650000e+01   2.4325805e-01
   3.8680000e+01   2.4325796e-01
   3.8710000e+01   2.4325787e-01
   3.8740000e+01   2.4325778e-01
   3.8770000e+01   2.4325769e-01
   3.8800000e+01   2.4325760e-01
   3.8830000e+01   2.4325751e-01
   3.8860000e+01   2.4325742e-01
   3.8890000e+01   2.4325733e-01
   3.8920000e+01   2.4325724e-01
   3.8950000e+01   2.4325716e-01
   3.8980000e+01   2.4325707e-01
   3.9010000e+01   2.4325698e-01
   3.9040000e+01   2.4325690e-01
   3.9070000e+01   2.4325681e-01
   3.9100000e+01   2.4325673e-01
   3.9130000e+01   2.4325664e-01
   3.9160000e+01   2.4325656e-01
   3.9190000e+01   2.4325648e-01
   3.9220000e+01   2.4325639e-01
   3.9250000e+01   2.4325631e-01
   3.9280000e+01   2.4325623e-01
   3.9310000e+01   2.4325615e-01
   3.9340000e+01   2.4325607e-01
   3.9370000e+01   2.4325599e-01
   3.9400000e+01   2.4325591e-01
   3.9430000e+01   2.4325583e-01
   3.9460000e+01   2.4325575e-01
   3.9490000e+01   2.4325567e-01
   3.9520000e+01   2.4325560e-01
   3.9550000e+01   2.4325552e-01
   3.9580000e+01   2.4325544e-01
   3.9610000e+01   2.4325537e-01
   3.9640000e+01   2.4325529e-01
   3.9670000e+01   2.4325521e-01
   3.9700000e+01   2.4325514e-01
   3.9730000e+01   2.4325506e-01
   3.9760000e+01   2.4325499e-01
   3.9790000e+01   2.4325492e-01
   3.9820000e+01   2.4325484e-01
   3.9850000e+01   2.4325477e-01
   3.9880000e+01   2.4325470e-01
   3.9910000e+01   2.4325463e-01
   3.9940000e+01   2.4325456e-01
   3.9970000e+01   2.4325449e-01
   4.0000000e+01   2.4325442e-01
