   0.0000000e+00   0.0000000e+00
   1.0000000e-02   2.7419748e-02
   2.0000000e-02   5.0432684e-02
   3.0000000e-02   6.9943436e-02
   4.0000000e-02   8.6630294e-02
   5.0000000e-02   1.0101144e-01
   6.0000000e-02   1.1348924e-01
   7.0000000e-02   1.2438063e-01
   8.0000000e-02   1.3393841e-01
   9.0000000e-02   1.4236652e-01
   1.0000000e-01   1.4983113e-01
   1.1000000e-01   1.5646888e-01
   1.2000000e-01   1.6239305e-01
   1.3000000e-01   1.6769822e-01
   1.4000000e-01   1.7246396e-01
   1.5000000e-01   1.7675755e-01
   1.6000000e-01   1.8063628e-01
   1.7000000e-01   1.8414913e-01
   1.8000000e-01   1.8733820e-01
   1.9000000e-01   1.9023986e-01
   2.0000000e-01   1.9288562e-01
   2.1000000e-01   1.9530292e-01
   2.2000000e-01   1.9751573e-01
   2.3000000e-01   1.9954506e-01
   2.4000000e-01   2.0140939e-01
   2.5000000e-01   2.0312500e-01
   2.6000000e-01   2.0470631e-01
   2.7000000e-01   2.0616611e-01
   2.8000000e-01   2.0751575e-01
   2.9000000e-01   2.0876537e-01
   3.0000000e-01   2.0992400e-01
   3.1000000e-01   2.1099974e-01
   3.2000000e-01   2.1199987e-01
   3.3000000e-01   2.1293089e-01
   3.4000000e-01   2.1379869e-01
   3.5000000e-01   2.1460857e-01
   3.6000000e-01   2.1536532e-01
   3.7000000e-01   2.1607327e-01
   3.8000000e-01   2.1673634e-01
   3.9000000e-01   2.1735810e-01
   4.0000000e-01   2.1794178e-01
   4.1000000e-01   2.1849034e-01
   4.2000000e-01   2.1900647e-01
   4.3000000e-01   2.1949261e-01
   4.4000000e-01   2.1995100e-01
   4.5000000e-01   2.2038370e-01
   4.6000000e-01   2.2079257e-01
   4.7000000e-01   2.2117935e-01
   4.8000000e-01   2.2154560e-01
   4.9000000e-01   2.2189278e-01
   5.0000000e-01   2.2222222e-01
   5.1000000e-01   2.2253515e-01
   5.2000000e-01   2.2283269e-01
   5.3000000e-01   2.2311590e-01
   5.4000000e-01   2.2338572e-01
   5.5000000e-01   2.2364306e-01
   5.6000000e-01   2.2388873e-01
   5.7000000e-01   2.2412348e-01
   5.8000000e-01   2.2434803e-01
   5.9000000e-01   2.2456303e-01
   6.0000000e-01   2.2476907e-01
   6.1000000e-01   2.2496673e-01
   6.2000000e-01   2.2515651e-01
   6.3000000e-01   2.2533891e-01
   6.4000000e-01   2.2551437e-01
   6.5000000e-01   2.2568332e-01
   6.6000000e-01   2.2584613e-01
   6.7000000e-01   2.2600318e-01
   6.8000000e-01   2.2615480e-01
   6.9000000e-01   2.2630131e-01
   7.0000000e-01   2.2644300e-01
   7.1000000e-01   2.2658015e-01
   7.2000000e-01   2.2671300e-01
   7.3000000e-01   2.2684181e-01
   7.4000000e-01   2.2696680e-01
   7.5000000e-01   2.2708817e-01
   7.6000000e-01   2.2720612e-01
   7.7000000e-01   2.2732084e-01
   7.8000000e-01   2.2743249e-01
   7.9000000e-01   2.2754125e-01
   8.0000000e-01   2.2764725e-01
   8.1000000e-01   2.2775065e-01
   8.2000000e-01   2.2785158e-01
   8.3000000e-01   2.2795015e-01
   8.4000000e-01   2.2804650e-01
   8.5000000e-01   2.2814072e-01
   8.6000000e-01   2.2823293e-01
   8.7000000e-01   2.2832322e-01
   8.8000000e-01   2.2841168e-01
   8.9000000e-01   2.2849840e-01
   9.0000000e-01   2.2858347e-01
   9.1000000e-01   2.2866695e-01
   9.2000000e-01   2.2874892e-01
   9.3000000e-01   2.2882945e-01
   9.4000000e-01   2.2890861e-01
   9.5000000e-01   2.2898645e-01
   9.6000000e-01   2.2906303e-01
   9.7000000e-01   2.2913840e-01
   9.8000000e-01   2.2921262e-01
   9.9000000e-01   2.2928574e-01
   1.0000000e+00   2.2935780e-01
