   0.0000000e+00   0.0000000e+00
   1.0000000e-02   2.8387338e-02
   2.0000000e-02   5.3865005e-02
   3.0000000e-02   7.6841099e-02
   4.0000000e-02   9.7651861e-02
   5.0000000e-02   1.1657679e-01
   6.0000000e-02   1.3385011e-01
   7.0000000e-02   1.4966952e-01
   8.0000000e-02   1.6420308e-01
   9.0000000e-02   1.7759448e-01
   1.0000000e-01   1.8996733e-01
   1.1000000e-01   2.0142851e-01
   1.2000000e-01   2.1207088e-01
   1.3000000e-01   2.2197553e-01
   1.4000000e-01   2.3121353e-01
   1.5000000e-01   2.3984744e-01
   1.6000000e-01   2.4793253e-01
   1.7000000e-01   2.5551781e-01
   1.8000000e-01   2.6264687e-01
   1.9000000e-01   2.6935860e-01
   2.0000000e-01   2.7568782e-01
   2.1000000e-01   2.8166575e-01
   2.2000000e-01   2.8732049e-01
   2.3000000e-01   2.9267740e-01
   2.4000000e-01   2.9775937e-01
   2.5000000e-01   3.0258718e-01
   2.6000000e-01   3.0717966e-01
   2.7000000e-01   3.1155396e-01
   2.8000000e-01   3.1572571e-01
   2.9000000e-01   3.1970918e-01
   3.0000000e-01   3.2351742e-01
   3.1000000e-01   3.2716239e-01
   3.2000000e-01   3.3065506e-01
   3.3000000e-01   3.3400551e-01
   3.4000000e-01   3.3722303e-01
   3.5000000e-01   3.4031616e-01
   3.6000000e-01   3.4329280e-01
   3.7000000e-01   3.4616025e-01
   3.8000000e-01   3.4892524e-01
   3.9000000e-01   3.5159403e-01
   4.0000000e-01   3.5417240e-01
   4.1000000e-01   3.5666574e-01
   4.2000000e-01   3.5907904e-01
   4.3000000e-01   3.6141694e-01
   4.4000000e-01   3.6368376e-01
   4.5000000e-01   3.6588355e-01
   4.6000000e-01   3.6802005e-01
   4.7000000e-01   3.7009677e-01
   4.8000000e-01   3.7211700e-01
   4.9000000e-01   3.7408378e-01
   5.0000000e-01   3.7600000e-01
   5.1000000e-01   3.7786833e-01
   5.2000000e-01   3.7969129e-01
   5.3000000e-01   3.8147123e-01
   5.4000000e-01   3.8321036e-01
   5.5000000e-01   3.8491077e-01
   5.6000000e-01   3.8657441e-01
   5.7000000e-01   3.8820310e-01
   5.8000000e-01   3.8979857e-01
   5.9000000e-01   3.9136245e-01
   6.0000000e-01   3.9289626e-01
   6.1000000e-01   3.9440145e-01
   6.2000000e-01   3.9587936e-01
   6.3000000e-01   3.9733129e-01
   6.4000000e-01   3.9875844e-01
   6.5000000e-01   4.0016194e-01
   6.6000000e-01   4.0154288e-01
   6.7000000e-01   4.0290228e-01
   6.8000000e-01   4.0424109e-01
   6.9000000e-01   4.0556022e-01
   7.0000000e-01   4.0686054e-01
   7.1000000e-01   4.0814285e-01
   7.2000000e-01   4.0940794e-01
   7.3000000e-01   4.1065652e-01
   7.4000000e-01   4.1188930e-01
   7.5000000e-01   4.1310692e-01
   7.6000000e-01   4.1431002e-01
   7.7000000e-01   4.1549917e-01
   7.8000000e-01   4.1667495e-01
   7.9000000e-01   4.1783787e-01
   8.0000000e-01   4.1898845e-01
   8.1000000e-01   4.2012716e-01
   8.2000000e-01   4.2125446e-01
   8.3000000e-01   4.2237078e-01
   8.4000000e-01   4.2347654e-01
   8.5000000e-01   4.2457212e-01
   8.6000000e-01   4.2565790e-01
   8.7000000e-01   4.2673422e-01
   8.8000000e-01   4.2780144e-01
   8.9000000e-01   4.2885986e-01
   9.0000000e-01   4.2990979e-01
   9.1000000e-01   4.3095153e-01
   9.2000000e-01   4.3198534e-01
   9.3000000e-01   4.3301150e-01
   9.4000000e-01   4.3403026e-01
   9.5000000e-01   4.3504185e-01
   9.6000000e-01   4.3604651e-01
   9.7000000e-01   4.3704445e-01
   9.8000000e-01   4.3803588e-01
   9.9000000e-01   4.3902100e-01
   1.0000000e+00   4.4000000e-01
