   0.0000000e+00   0.0000000e+00
   1.0000000e-02   2.1286088e-02
   2.0000000e-02   3.2233654e-02
   3.0000000e-02   3.8257448e-02
   4.0000000e-02   4.1672850e-02
   5.0000000e-02   4.3602362e-02
   6.0000000e-02   4.4640139e-02
   7.0000000e-02   4.5121908e-02
   8.0000000e-02   4.5247230e-02
   9.0000000e-02   4.5139614e-02
   1.0000000e-01   4.4878049e-02
   1.1000000e-01   4.4514425e-02
   1.2000000e-01   4.4083596e-02
   1.3000000e-01   4.3609398e-02
   1.4000000e-01   4.3108372e-02
   1.5000000e-01   4.2592125e-02
   1.6000000e-01   4.2068870e-02
   1.7000000e-01   4.1544445e-02
   1.8000000e-01   4.1023004e-02
   1.9000000e-01   4.0507498e-02
   2.0000000e-01   4.0000000e-02
   2.1000000e-01   3.9501948e-02
   2.2000000e-01   3.9014311e-02
   2.3000000e-01   3.8537710e-02
   2.4000000e-01   3.8072510e-02
   2.5000000e-01   3.7618886e-02
   2.6000000e-01   3.7176872e-02
   2.7000000e-01   3.6746398e-02
   2.8000000e-01   3.6327317e-02
   2.9000000e-01   3.5919426e-02
   3.0000000e-01   3.5522485e-02
   3.1000000e-01   3.5136222e-02
   3.2000000e-01   3.4760353e-02
   3.3000000e-01   3.4394577e-02
   3.4000000e-01   3.4038592e-02
   3.5000000e-01   3.3692091e-02
   3.6000000e-01   3.3354771e-02
   3.7000000e-01   3.3026331e-02
   3.8000000e-01   3.2706477e-02
   3.9000000e-01   3.2394919e-02
   4.0000000e-01   3.2091379e-02
   4.1000000e-01   3.1795583e-02
   4.2000000e-01   3.1507267e-02
   4.3000000e-01   3.1226177e-02
   4.4000000e-01   3.0952067e-02
   4.5000000e-01   3.0684698e-02
   4.6000000e-01   3.0423844e-02
   4.7000000e-01   3.0169282e-02
   4.8000000e-01   2.9920803e-02
   4.9000000e-01   2.9678202e-02
   5.0000000e-01   2.9441285e-02
   5.1000000e-01   2.9209862e-02
   5.2000000e-01   2.8983754e-02
   5.3000000e-01   2.8762788e-02
   5.4000000e-01   2.8546796e-02
   5.5000000e-01   2.8335620e-02
   5.6000000e-01   2.8129104e-02
   5.7000000e-01   2.7927102e-02
   5.8000000e-01   2.7729473e-02
   5.9000000e-01   2.7536078e-02
   6.0000000e-01   2.7346789e-02
   6.1000000e-01   2.7161478e-02
   6.2000000e-01   2.6980026e-02
   6.3000000e-01   2.6802315e-02
   6.4000000e-01   2.6628233e-02
   6.5000000e-01   2.6457673e-02
   6.6000000e-01   2.6290532e-02
   6.7000000e-01   2.6126709e-02
   6.8000000e-01   2.5966109e-02
   6.9000000e-01   2.5808639e-02
   7.0000000e-01   2.5654211e-02
   7.1000000e-01   2.5502737e-02
   7.2000000e-01   2.5354137e-02
   7.3000000e-01   2.5208329e-02
   7.4000000e-01   2.5065237e-02
   7.5000000e-01   2.4924788e-02
   7.6000000e-01   2.4786909e-02
   7.7000000e-01   2.4651531e-02
   7.8000000e-01   2.4518589e-02
   7.9000000e-01   2.4388017e-02
   8.0000000e-01   2.4259753e-02
   8.1000000e-01   2.4133738e-02
   8.2000000e-01   2.4009914e-02
   8.3000000e-01   2.3888224e-02
   8.4000000e-01   2.3768615e-02
   8.5000000e-01   2.3651033e-02
   8.6000000e-01   2.3535429e-02
   8.7000000e-01   2.3421754e-02
   8.8000000e-01   2.3309959e-02
   8.9000000e-01   2.3199999e-02
   9.0000000e-01   2.3091831e-02
   9.1000000e-01   2.2985409e-02
   9.2000000e-01   2.2880694e-02
   9.3000000e-01   2.2777644e-02
   9.4000000e-01   2.2676221e-02
   9.5000000e-01   2.2576387e-02
   9.6000000e-01   2.2478104e-02
   9.7000000e-01   2.2381337e-02
   9.8000000e-01   2.2286052e-02
   9.9000000e-01   2.2192215e-02
   1.0000000e+00   2.2099793e-02
