   0.0000000e+00   0.0000000e+00
   1.0000000e-02   2.6504714e-02
   2.0000000e-02   4.7341226e-02
   3.0000000e-02   6.3992715e-02
   4.0000000e-02   7.7480559e-02
   5.0000000e-02   8.8529536e-02
   6.0000000e-02   9.7667019e-02
   7.0000000e-02   1.0528501e-01
   8.0000000e-02   1.1168024e-01
   9.0000000e-02   1.1708096e-01
   1.0000000e-01   1.2166515e-01
   1.1000000e-01   1.2557334e-01
   1.2000000e-01   1.2891768e-01
   1.3000000e-01   1.3178856e-01
   1.4000000e-01   1.3425948e-01
   1.5000000e-01   1.3639067e-01
   1.6000000e-01   1.3823185e-01
   1.7000000e-01   1.3982434e-01
   1.8000000e-01   1.4120266e-01
   1.9000000e-01   1.4239586e-01
   2.0000000e-01   1.4342847e-01
   2.1000000e-01   1.4432131e-01
   2.2000000e-01   1.4509215e-01
   2.3000000e-01   1.4575619e-01
   2.4000000e-01   1.4632652e-01
   2.5000000e-01   1.4681440e-01
   2.6000000e-01   1.4722961e-01
   2.7000000e-01   1.4758062e-01
   2.8000000e-01   1.4787482e-01
   2.9000000e-01   1.4811866e-01
   3.0000000e-01   1.4831777e-01
   3.1000000e-01   1.4847714e-01
   3.2000000e-01   1.4860111e-01
   3.3000000e-01   1.4869355e-01
   3.4000000e-01   1.4875784e-01
   3.5000000e-01   1.4879702e-01
   3.6000000e-01   1.4881374e-01
   3.7000000e-01   1.4881040e-01
   3.8000000e-01   1.4878910e-01
   3.9000000e-01   1.4875175e-01
   4.0000000e-01   1.4870002e-01
   4.1000000e-01   1.4863542e-01
   4.2000000e-01   1.4855932e-01
   4.3000000e-01   1.4847292e-01
   4.4000000e-01   1.4837731e-01
   4.5000000e-01   1.4827348e-01
   4.6000000e-01   1.4816232e-01
   4.7000000e-01   1.4804461e-01
   4.8000000e-01   1.4792107e-01
   4.9000000e-01   1.4779236e-01
   5.0000000e-01   1.4765906e-01
   5.1000000e-01   1.4752171e-01
   5.2000000e-01   1.4738078e-01
   5.3000000e-01   1.4723670e-01
   5.4000000e-01   1.4708988e-01
   5.5000000e-01   1.4694068e-01
   5.6000000e-01   1.4678941e-01
   5.7000000e-01   1.4663637e-01
   5.8000000e-01   1.4648183e-01
   5.9000000e-01   1.4632604e-01
   6.0000000e-01   1.4616922e-01
   6.1000000e-01   1.4601156e-01
   6.2000000e-01   1.4585325e-01
   6.3000000e-01   1.4569446e-01
   6.4000000e-01   1.4553534e-01
   6.5000000e-01   1.4537603e-01
   6.6000000e-01   1.4521664e-01
   6.7000000e-01   1.4505731e-01
   6.8000000e-01   1.4489813e-01
   6.9000000e-01   1.4473918e-01
   7.0000000e-01   1.4458057e-01
   7.1000000e-01   1.4442237e-01
   7.2000000e-01   1.4426464e-01
   7.3000000e-01   1.4410745e-01
   7.4000000e-01   1.4395087e-01
   7.5000000e-01   1.4379493e-01
   7.6000000e-01   1.4363969e-01
   7.7000000e-01   1.4348519e-01
   7.8000000e-01   1.4333146e-01
   7.9000000e-01   1.4317855e-01
   8.0000000e-01   1.4302648e-01
   8.1000000e-01   1.4287528e-01
   8.2000000e-01   1.4272497e-01
   8.3000000e-01   1.4257558e-01
   8.4000000e-01   1.4242712e-01
   8.5000000e-01   1.4227961e-01
   8.6000000e-01   1.4213307e-01
   8.7000000e-01   1.4198750e-01
   8.8000000e-01   1.4184292e-01
   8.9000000e-01   1.4169934e-01
   9.0000000e-01   1.4155676e-01
   9.1000000e-01   1.4141519e-01
   9.2000000e-01   1.4127463e-01
   9.3000000e-01   1.4113510e-01
   9.4000000e-01   1.4099658e-01
   9.5000000e-01   1.4085908e-01
   9.6000000e-01   1.4072261e-01
   9.7000000e-01   1.4058716e-01
   9.8000000e-01   1.4045273e-01
   9.9000000e-01   1.4031931e-01
   1.0000000e+00   1.4018692e-01
