   0.0000000e+00   0.0000000e+00
   1.0000000e-02   2.5638359e-02
   2.0000000e-02   4.4545635e-02
   3.0000000e-02   5.8819096e-02
   4.0000000e-02   6.9793281e-02
   5.0000000e-02   7.8354002e-02
   6.0000000e-02   8.5109649e-02
   7.0000000e-02   9.0490009e-02
   8.0000000e-02   9.4805968e-02
   9.0000000e-02   9.8286974e-02
   1.0000000e-01   1.0110533e-01
   1.1000000e-01   1.0339241e-01
   1.2000000e-01   1.0524969e-01
   1.3000000e-01   1.0675652e-01
   1.4000000e-01   1.0797556e-01
   1.5000000e-01   1.0895682e-01
   1.6000000e-01   1.0974047e-01
   1.7000000e-01   1.1035912e-01
   1.8000000e-01   1.1083937e-01
   1.9000000e-01   1.1120306e-01
   2.0000000e-01   1.1146826e-01
   2.1000000e-01   1.1164998e-01
   2.2000000e-01   1.1176077e-01
   2.3000000e-01   1.1181113e-01
   2.4000000e-01   1.1180994e-01
   2.5000000e-01   1.1176471e-01
   2.6000000e-01   1.1168179e-01
   2.7000000e-01   1.1156664e-01
   2.8000000e-01   1.1142388e-01
   2.9000000e-01   1.1125751e-01
   3.0000000e-01   1.1107095e-01
   3.1000000e-01   1.1086715e-01
   3.2000000e-01   1.1064866e-01
   3.3000000e-01   1.1041771e-01
   3.4000000e-01   1.1017619e-01
   3.5000000e-01   1.0992579e-01
   3.6000000e-01   1.0966796e-01
   3.7000000e-01   1.0940396e-01
   3.8000000e-01   1.0913491e-01
   3.9000000e-01   1.0886177e-01
   4.0000000e-01   1.0858538e-01
   4.1000000e-01   1.0830650e-01
   4.2000000e-01   1.0802577e-01
   4.3000000e-01   1.0774377e-01
   4.4000000e-01   1.0746099e-01
   4.5000000e-01   1.0717787e-01
   4.6000000e-01   1.0689481e-01
   4.7000000e-01   1.0661213e-01
   4.8000000e-01   1.0633015e-01
   4.9000000e-01   1.0604910e-01
   5.0000000e-01   1.0576923e-01
   5.1000000e-01   1.0549073e-01
   5.2000000e-01   1.0521378e-01
   5.3000000e-01   1.0493852e-01
   5.4000000e-01   1.0466508e-01
   5.5000000e-01   1.0439358e-01
   5.6000000e-01   1.0412412e-01
   5.7000000e-01   1.0385677e-01
   5.8000000e-01   1.0359161e-01
   5.9000000e-01   1.0332870e-01
   6.0000000e-01   1.0306808e-01
   6.1000000e-01   1.0280980e-01
   6.2000000e-01   1.0255388e-01
   6.3000000e-01   1.0230036e-01
   6.4000000e-01   1.0204926e-01
   6.5000000e-01   1.0180058e-01
   6.6000000e-01   1.0155434e-01
   6.7000000e-01   1.0131055e-01
   6.8000000e-01   1.0106919e-01
   6.9000000e-01   1.0083028e-01
   7.0000000e-01   1.0059379e-01
   7.1000000e-01   1.0035974e-01
   7.2000000e-01   1.0012809e-01
   7.3000000e-01   9.9898853e-02
   7.4000000e-01   9.9671998e-02
   7.5000000e-01   9.9447514e-02
   7.6000000e-01   9.9225381e-02
   7.7000000e-01   9.9005581e-02
   7.8000000e-01   9.8788094e-02
   7.9000000e-01   9.8572897e-02
   8.0000000e-01   9.8359970e-02
   8.1000000e-01   9.8149289e-02
   8.2000000e-01   9.7940831e-02
   8.3000000e-01   9.7734573e-02
   8.4000000e-01   9.7530489e-02
   8.5000000e-01   9.7328556e-02
   8.6000000e-01   9.7128749e-02
   8.7000000e-01   9.6931042e-02
   8.8000000e-01   9.6735411e-02
   8.9000000e-01   9.6541830e-02
   9.0000000e-01   9.6350275e-02
   9.1000000e-01   9.6160719e-02
   9.2000000e-01   9.5973139e-02
   9.3000000e-01   9.5787509e-02
   9.4000000e-01   9.5603803e-02
   9.5000000e-01   9.5421997e-02
   9.6000000e-01   9.5242067e-02
   9.7000000e-01   9.5063988e-02
   9.8000000e-01   9.4887735e-02
   9.9000000e-01   9.4713284e-02
   1.0000000e+00   9.4540613e-02
