# Analytical C(K) for STC model with ER backbone
# c = 4.000000
# f = 0.100000
# <K> = 5.600000
# Kmax = 100000000
# Npoints = 200 (log-spaced)
# PK_min = 0.00e+00
# C(K->inf) = f/alpha^2 = 0.051020
# Saddle-point equation: y + log(y) + log(y-1) = log(Kf) + fc + 1
# C_asymp computed by evaluating triangle formula at k* = K/y
#
# K      P(K)             C(K)           C_asymp        E[k|K]         E[tri|K]
     2   8.54817202e-02   0.30682047   -nan   1.77019948   0.30682047
     3   1.15442484e-01   0.24208534   0.26589271   2.47568801   0.72625601
     4   1.31647890e-01   0.20570926   0.21438329   3.13162430   1.23425554
     5   1.32299998e-01   0.18101679   0.18405919   3.75352461   1.81016793
     6   1.20319329e-01   0.16284814   0.16331176   4.34908887   2.44272207
     7   1.00801634e-01   0.14876933   0.14919957   4.92352789   3.12415595
     8   7.87919443e-02   0.13746030   0.13730453   5.48045483   3.84888830
     9   5.80108236e-02   0.12813064   0.12764920   6.02251639   4.61270294
    10   4.05270744e-02   0.12027327   0.11960869   6.55172607   5.41229737
    11   2.70228353e-02   0.11354568   0.11277993   7.06966053   6.24501220
    12   1.72794482e-02   0.10770693   0.10688887   7.57758396   7.10865754
    13   1.06377383e-02   0.10258201   0.10174147   8.07652979   8.00139684
    14   6.32590842e-03   0.09804029   0.09719576   8.56735667   8.92166625
    16   2.03817093e-03   0.09032977   0.08950746   9.52744026   10.83957186
    17   1.10928999e-03   0.08702203   0.08621873   9.99784474   11.83499544
    19   3.04898966e-04   0.08125243   0.08049340   10.92169968   13.89416500
    20   1.54451801e-04   0.07871761   0.07798186   11.37591164   14.95634683
    22   3.72424732e-05   0.07421012   0.07352049   12.27049599   17.14253840
    24   8.32460097e-06   0.07031647   0.06967071   13.14837565   19.40734564
    26   1.73752181e-06   0.06691325   0.06630824   14.01130716   21.74680677
    29   1.47622986e-07   0.06253369   0.06198353   15.28079052   25.38867648
    32   1.10811145e-08   0.05883334   0.05833095   16.52382956   29.18133562
    35   7.44832161e-10   0.05565849   0.05519763   17.74355972   33.11680347
    38   4.53257102e-11   0.05289950   0.05247484   18.94251089   37.18835084
    41   2.51999309e-12   0.05047587   0.05008290   20.12276228   41.39021225
    45   4.70763795e-14   0.04766348   0.04730694   21.67030225   47.18684239
    49   7.70779241e-16   0.04523476   0.04490923   23.19105272   53.19607996
    54   3.82152715e-18   0.04262292   0.04233007   25.05849473   60.99339535
    59   1.60400341e-20   0.04038266   0.04011718   26.89278014   69.09473579
    65   1.85025850e-23   0.03807706   0.03783897   29.05512221   79.20028591
    71   1.75948649e-26   0.03609960   0.03588429   31.17979588   89.70749400
    77   1.40576257e-29   0.03438165   0.03418554   33.27083123   100.60069757
    84   2.80345444e-33   0.03263892   0.03246167   35.67225346   113.77927227
    92   1.30549240e-37   0.03092149   0.03076217   38.37172319   129.43734749
   101   1.33078599e-42   0.02926437   0.02912169   41.35749375   147.78505655
   110   1.04640112e-47   0.02783651   0.02770762   44.29498017   166.87987376
   120   1.69387036e-53   0.02646241   0.02634627   47.50826025   188.94160289
   132   1.35086843e-60   0.02504615   0.02494260   51.30145381   216.54896991
   144   7.68568781e-68   0.02382963   0.02373644   55.03358473   245.34991226
   157   7.72498057e-76   0.02268923   0.02260533   59.01522223   277.85227767
   172   3.06073930e-85   0.02155457   0.02147951   63.53836154   316.98150099
   188   1.86995016e-95   0.02051301   0.02044569   68.28807336   360.57767512
   206   3.76284317e-107   0.01950470   0.01944453   73.54901876   411.84163753
   225   1.03901941e-119   0.01858813   0.01853416   79.01764093   468.42095177
   246   8.06562237e-134   0.01771402   0.01766569   84.97164658   533.81212084
   268   7.79311511e-149   0.01692204   0.01687857   91.11817686   605.43688384
   293   3.69789837e-166   0.01614354   0.01610461   98.00171914   690.58815553
   321   7.37179875e-186   0.01539262   0.01535786   105.59705271   790.56508478
   351   2.78889752e-207   0.01469965   0.01466854   113.61530287   902.92578075
   383   1.86919199e-230   0.01406069   0.01403279   122.04619425   1028.58192116
   419   6.93389023e-257   0.01343942   0.01341447   131.39640017   1176.90373612
   458   6.59675899e-286   0.01285837   0.01283604   141.38195427   1345.66717460
   501   2.50540689e-318   0.01230507   0.01228510   152.23667254   1541.20961457
   548   0.00000000e+00   0.01178285   0.01176500   163.93488539   1765.98958028
   599   0.00000000e+00   0.01129306   0.01127708   176.45303849   2022.59774499
   654   0.00000000e+00   0.01083565   0.01082134   189.76961707   2313.74823981
   715   0.00000000e+00   0.01039626   0.01038345   204.33962709   2653.69659074
   782   0.00000000e+00   0.00997865   0.00996720   220.12653349   3047.19029771
   855   0.00000000e+00   0.00958479   0.00957454   237.09662628   3499.26247007
   934   0.00000000e+00   0.00921531   0.00920614   255.21899428   4015.21279224
  1021   0.00000000e+00   0.00886239   0.00885418   274.91532204   4614.73650571
  1117   0.00000000e+00   0.00852487   0.00851753   296.36468065   5313.42952151
  1221   0.00000000e+00   0.00820778   0.00820121   319.29989280   6113.23651384
  1334   0.00000000e+00   0.00790855   0.00790267   343.90144407   7031.57717742
  1459   0.00000000e+00   0.00762104   0.00761578   370.76945141   8105.82247502
  1595   0.00000000e+00   0.00734933   0.00734462   399.63188539   9342.58102937
  1743   0.00000000e+00   0.00709220   0.00708798   430.64850554   10767.04068293
  1906   0.00000000e+00   0.00684585   0.00684208   464.38450354   12428.39745350
  2083   0.00000000e+00   0.00661303   0.00660965   500.56668583   14339.72022635
  2277   0.00000000e+00   0.00639077   0.00638775   539.74010290   16559.93546361
  2489   0.00000000e+00   0.00617914   0.00617643   582.02933780   19132.57442000
  2721   0.00000000e+00   0.00597725   0.00597482   627.75142134   22119.15750298
  2975   0.00000000e+00   0.00578448   0.00578231   677.21104502   25589.52747760
  3252   0.00000000e+00   0.00560104   0.00559909   730.51016095   29607.78030896
  3555   0.00000000e+00   0.00542581   0.00542407   788.12721241   34276.14616006
  3886   0.00000000e+00   0.00525858   0.00525702   850.33500596   39694.67023103
  4248   0.00000000e+00   0.00509869   0.00509729   917.58215142   45993.40373467
  4644   0.00000000e+00   0.00494572   0.00494447   990.30071437   53320.05957196
  5077   0.00000000e+00   0.00479936   0.00479824   1068.90741170   61841.84917179
  5550   0.00000000e+00   0.00465938   0.00465838   1153.80477943   71747.42096364
  6067   0.00000000e+00   0.00452535   0.00452445   1245.55880585   83271.87545581
  6632   0.00000000e+00   0.00439695   0.00439614   1344.71572421   96681.84879389
  7250   0.00000000e+00   0.00427378   0.00427306   1451.97609172   112304.78013689
  7926   0.00000000e+00   0.00415557   0.00415492   1568.01605961   130513.02696906
  8664   0.00000000e+00   0.00404227   0.00404169   1693.32024236   151698.92812343
  9471   0.00000000e+00   0.00393345   0.00393293   1828.86076352   176396.26452531
 10354   0.00000000e+00   0.00382881   0.00382834   1975.57600465   205214.50141479
 11319   0.00000000e+00   0.00372826   0.00372784   2134.20937569   238811.07909428
 12373   0.00000000e+00   0.00363166   0.00363128   2305.64378000   277964.78847950
 13526   0.00000000e+00   0.00353864   0.00353830   2491.21529113   323678.06436936
 14786   0.00000000e+00   0.00344914   0.00344883   2691.89814245   377009.50895317
 16164   0.00000000e+00   0.00336290   0.00336263   2909.10818139   439293.32442018
 17670   0.00000000e+00   0.00327983   0.00327959   3144.06032329   512000.11288873
 19316   0.00000000e+00   0.00319977   0.00319955   3398.24056277   596899.31096456
 21116   0.00000000e+00   0.00312254   0.00312234   3673.39336368   696114.11582265
 23083   0.00000000e+00   0.00304805   0.00304787   3971.05806440   812002.32742359
 25234   0.00000000e+00   0.00297612   0.00297596   4293.32561736   947491.68149650
 27585   0.00000000e+00   0.00290668   0.00290653   4642.07462368   1105851.76883737
 30155   0.00000000e+00   0.00283959   0.00283946   5019.56771932   1291011.27835141
 32965   0.00000000e+00   0.00277474   0.00277463   5428.28967277   1507598.95491398
 36036   0.00000000e+00   0.00271206   0.00271196   5870.65152212   1760884.45166723
 39394   0.00000000e+00   0.00265142   0.00265133   6349.70572273   2057300.96492792
 43064   0.00000000e+00   0.00259276   0.00259267   6868.27372326   2404089.62564780
 47077   0.00000000e+00   0.00253596   0.00253588   7429.93396636   2810093.14736637
 51463   0.00000000e+00   0.00248097   0.00248091   8038.02259185   3285290.25757916
 56258   0.00000000e+00   0.00242770   0.00242764   8696.60400070   3841728.42312804
 61500   0.00000000e+00   0.00237608   0.00237603   9409.89794204   4493400.20187150
 67230   0.00000000e+00   0.00232605   0.00232600   10182.40926715   5256649.97809786
 73493   0.00000000e+00   0.00227754   0.00227750   11019.05084592   6150669.53518308
 80341   0.00000000e+00   0.00223048   0.00223044   11925.52360734   7198416.36637749
 87826   0.00000000e+00   0.00218482   0.00218478   12907.37037207   8426098.23930558
 96009   0.00000000e+00   0.00214050   0.00214046   13971.15139031   9865156.16315274
104955   0.00000000e+00   0.00209746   0.00209743   15123.76185806   11552245.39513298
114733   0.00000000e+00   0.00205567   0.00205565   16372.42143275   13529986.37137673
125423   0.00000000e+00   0.00201508   0.00201505   17725.54691394   15849375.30960395
137109   0.00000000e+00   0.00197562   0.00197560   19191.83071061   18569603.89248177
149884   0.00000000e+00   0.00193727   0.00193725   20780.85360525   21760472.06175277
163849   0.00000000e+00   0.00189999   0.00189997   22502.92973539   25503823.76442580
179115   0.00000000e+00   0.00186372   0.00186371   24369.32516761   29895987.68740335
195803   0.00000000e+00   0.00182845   0.00182843   26392.22445385   35050076.62893481
214046   0.00000000e+00   0.00179412   0.00179411   28584.93879356   41099280.51028470
233989   0.00000000e+00   0.00176071   0.00176070   30961.86695577   48200064.49114329
255791   0.00000000e+00   0.00172819   0.00172818   33538.69418069   56536587.65649302
279623   0.00000000e+00   0.00169652   0.00169651   36332.11498200   66324245.19262596
305676   0.00000000e+00   0.00166567   0.00166566   39360.72810376   77817986.21318683
334156   0.00000000e+00   0.00163562   0.00163561   42644.39573757   91316454.13578068
365290   0.00000000e+00   0.00160633   0.00160633   46204.88759709   107171764.65828605
399324   0.00000000e+00   0.00157779   0.00157779   50065.59100339   125796994.22401434
436530   0.00000000e+00   0.00154997   0.00154997   54252.24460761   147679815.85162470
477202   0.00000000e+00   0.00152284   0.00152284   58792.41516885   173392045.93357748
521664   0.00000000e+00   0.00149639   0.00149638   63716.32401770   203608137.78181517
570268   0.00000000e+00   0.00147058   0.00147058   69056.54149029   239120276.16872048
623401   0.00000000e+00   0.00144540   0.00144540   74848.67435195   280862382.08705610
681484   0.00000000e+00   0.00142084   0.00142083   81131.16079871   329932067.91432923
744979   0.00000000e+00   0.00139686   0.00139685   87945.93190105   387622827.88526070
814390   0.00000000e+00   0.00137345   0.00137345   95338.40786434   455456489.77460206
890268   0.00000000e+00   0.00135059   0.00135059   103357.91752936   535224733.85008305
973215   0.00000000e+00   0.00132828   0.00132828   112057.99643724   629036696.64564538
1063891   0.00000000e+00   0.00130648   0.00130648   121496.98483258   739378228.35888588
1163015   0.00000000e+00   0.00128519   0.00128519   131737.98369008   869173763.01296616
1271375   0.00000000e+00   0.00126438   0.00126438   142849.73484330   1021870140.09097922
1389831   0.00000000e+00   0.00124405   0.00124405   154906.75511075   1201525259.58490539
1519324   0.00000000e+00   0.00122419   0.00122418   167990.07160398   1412920409.60987544
1660881   0.00000000e+00   0.00120476   0.00120476   182187.52847541   1661685249.08687711
1815628   0.00000000e+00   0.00118578   0.00118578   197594.87760637   1954458284.09493732
1984793   0.00000000e+00   0.00116721   0.00116721   214315.84111852   2299055991.87746286
2169719   0.00000000e+00   0.00114905   0.00114905   232463.15327943   2704689745.23370123
2371875   0.00000000e+00   0.00113130   0.00113130   252159.36830897   3182216496.24463511
2592866   0.00000000e+00   0.00111392   0.00111392   273537.54241774   3744429467.33242416
2834447   0.00000000e+00   0.00109693   0.00109693   296742.27528578   4406408143.66476059
3098537   0.00000000e+00   0.00108030   0.00108030   321930.71361963   5185928490.86012745
3387232   0.00000000e+00   0.00106402   0.00106402   349273.42470790   6103939432.34016037
3702825   0.00000000e+00   0.00104809   0.00104809   378955.89665412   7185142799.33951283
4047823   0.00000000e+00   0.00103250   0.00103250   411179.70479739   8458663484.31379700
4424965   0.00000000e+00   0.00101723   0.00101723   446163.73067865   9958836184.83540535
4837245   0.00000000e+00   0.00100228   0.00100228   484145.79899811   11726145627.06393051
5287938   0.00000000e+00   0.00098764   0.00098764   525384.53108920   13808342318.58215141
5780623   0.00000000e+00   0.00097330   0.00097330   570160.86197030   16261735519.69284058
6319213   0.00000000e+00   0.00095926   0.00095926   618780.13729933   19152740646.15066910
6907983   0.00000000e+00   0.00094550   0.00094550   671573.95977148   22559680356.90408707
7551610   0.00000000e+00   0.00093202   0.00093202   728903.04048533   26574964415.04558945
8255205   0.00000000e+00   0.00091881   0.00091881   791159.24610709   31307596185.29520035
9024354   0.00000000e+00   0.00090586   0.00090586   858768.36931452   36886163775.22624969
9865167   0.00000000e+00   0.00089317   0.00089317   932193.50379023   43462406583.77054596
10784319   0.00000000e+00   0.00088073   0.00088073   1011937.61398285   51215331121.76738739
11789110   0.00000000e+00   0.00086854   0.00086854   1098547.65734223   60356189469.92512512
12887518   0.00000000e+00   0.00085658   0.00085658   1192617.97133971   71134255219.61050415
14088267   0.00000000e+00   0.00084486   0.00084486   1294794.82596149   83843736205.68647766
15400892   0.00000000e+00   0.00083336   0.00083336   1405780.57464798   98831847757.31097412
16835816   0.00000000e+00   0.00082209   0.00082209   1526338.67975986   116508405092.86711121
18404434   0.00000000e+00   0.00081103   0.00081103   1657299.16023746   137357157425.71817017
20119202   0.00000000e+00   0.00080018   0.00080018   1799564.27996255   161949141054.60888672
21993738   0.00000000e+00   0.00078953   0.00078953   1954115.04431010   190958504959.94287109
24042927   0.00000000e+00   0.00077909   0.00077909   2122017.81926072   225181126363.12054443
26283042   0.00000000e+00   0.00076884   0.00076884   2304432.04505047   265556699824.30496216
28731872   0.00000000e+00   0.00075878   0.00075878   2502618.27465128   313194769850.33435059
31408863   0.00000000e+00   0.00074891   0.00074891   2717947.00797688   369405505088.95422363
34335273   0.00000000e+00   0.00073922   0.00073922   2951908.37172460   435736080967.54791260
37534341   0.00000000e+00   0.00072970   0.00072970   3206122.61341205   514013667892.61871338
41031471   0.00000000e+00   0.00072036   0.00072036   3482351.45878848   606396215704.42407227
44854434   0.00000000e+00   0.00071119   0.00071119   3782510.53640625   715432492976.43078613
49033587   0.00000000e+00   0.00070219   0.00070219   4108682.75259884   844132992947.46374512
53602119   0.00000000e+00   0.00069334   0.00069334   4463133.35704158   996053950741.21594238
58596308   0.00000000e+00   0.00068466   0.00068466   4848325.40524445   1175396276623.90795898
64055812   0.00000000e+00   0.00067613   0.00067613   5266937.36704594   1387122815116.85009766
70023987   0.00000000e+00   0.00066775   0.00066775   5721882.26918109   1637097002221.30078125
76548225   0.00000000e+00   0.00065951   0.00065951   6216327.78882724   1932246388529.39135742
83680336   0.00000000e+00   0.00065142   0.00065142   6753719.07180741   2280756488008.50634766
91476957   0.00000000e+00   0.00064347   0.00064347   7337802.90569243   2692299610829.09863281
100000000   0.00000000e+00   0.00063566   0.00063566   7972654.09536391   3178305435183.21337891
