# Analytical C(K) for STC model with ER backbone
# c = 3.000000
# f = 0.100000
# <K> = 3.900000
# Kmax = 100000000
# Npoints = 200 (log-spaced)
# PK_min = 0.00e+00
# C(K->inf) = f/alpha^2 = 0.059172
# Saddle-point equation: y + log(y) + log(y-1) = log(Kf) + fc + 1
# C_asymp computed by evaluating triangle formula at k* = K/y
#
# K      P(K)             C(K)           C_asymp        E[k|K]         E[tri|K]
     2   1.56151602e-01   0.29132283   -nan   1.78741908   0.29132283
     3   1.69841880e-01   0.23342184   0.25682130   2.50699730   0.70026553
     4   1.55219951e-01   0.19989603   0.20855736   3.17705205   1.19937620
     5   1.24582475e-01   0.17683347   0.17996482   3.81249301   1.76833465
     6   9.02489197e-02   0.15970844   0.16029370   4.42113407   2.39562663
     7   6.00975726e-02   0.14634929   0.14675261   5.00822617   3.07333509
     8   3.72722037e-02   0.13556247   0.13538249   5.57742602   3.79574905
     9   2.17406815e-02   0.12662620   0.12612165   6.13141984   4.55854325
    10   1.20172587e-02   0.11907387   0.11838674   6.67225490   5.35832399
    11   6.33273599e-03   0.11258827   0.11180041   7.20153690   6.19235459
    12   3.19705700e-03   0.10694514   0.10610539   7.72055501   7.05837895
    13   1.55251190e-03   0.10198081   0.10111904   8.23036421   7.95450321
    14   7.27639796e-04   0.09757268   0.09670742   8.73184186   8.87911346
    16   1.45311745e-04   0.09006998   0.08922801   9.71265255   10.80839707
    17   6.22034265e-05   0.08684400   0.08602158   10.19316038   11.81078375
    19   1.05583732e-05   0.08120626   0.08042921   11.13675810   13.88627001
    20   4.19981599e-06   0.07872501   0.07797176   11.60062853   14.95775120
    22   6.23532178e-07   0.07430608   0.07360000   12.51414469   17.16470526
    24   8.56704890e-08   0.07048197   0.06982073   13.41048825   19.45302421
    26   1.09745631e-08   0.06713417   0.06651456   14.29146237   21.81860410
    29   4.47195501e-10   0.06281841   0.06225487   15.58730378   25.50427565
    32   1.60564157e-11   0.05916528   0.05865056   16.85594842   29.34597719
    35   5.15013512e-13   0.05602594   0.05555369   18.10061876   33.33543417
    38   1.49239775e-14   0.05329398   0.05285876   19.32391569   37.46566808
    41   3.94362296e-16   0.05089110   0.05048829   20.52797726   41.73069886
    45   2.72535395e-18   0.04809920   0.04773368   22.10651541   47.61820813
    49   1.64624187e-20   0.04568502   0.04535124   23.65749639   53.72558084
    54   2.33886341e-23   0.04308545   0.04278513   25.56176734   61.65527230
    59   2.80360617e-26   0.04085287   0.04058059   27.43193333   69.89926608
    65   7.16024169e-30   0.03855236   0.03830814   29.63622433   80.18891060
    71   1.50177774e-33   0.03657692   0.03635605   31.80177385   90.89364769
    77   2.63739156e-37   0.03485893   0.03465773   33.93272924   101.99722257
    84   8.94665550e-42   0.03311439   0.03293253   36.37964475   115.43678010
    92   5.47727373e-47   0.03139340   0.03122992   39.12983542   131.41276689
   101   5.66659667e-53   0.02973111   0.02958470   42.17122799   150.14209254
   110   4.49997473e-59   0.02829739   0.02816511   45.16298281   169.64283055
   120   5.67320526e-66   0.02691638   0.02679718   48.43514847   192.18291780
   132   2.10146699e-74   0.02549164   0.02538537   52.29726043   220.40074185
   144   5.51905897e-83   0.02426673   0.02417108   56.09661988   249.85026917
   157   1.96940110e-92   0.02311747   0.02303136   60.14939416   283.09657963
   172   1.64570415e-103   0.02197304   0.02189600   64.75266652   323.13551250
   188   1.62710883e-115   0.02092162   0.02085253   69.58580870   367.76029684
   206   3.13809484e-129   0.01990294   0.01984119   74.93837524   420.25052785
   225   6.36030958e-144   0.01897621   0.01892082   80.50142521   478.20057521
   246   2.14073123e-160   0.01809174   0.01804213   86.55737530   545.19455083
   268   6.85772375e-178   0.01728978   0.01724516   92.80827464   618.59370949
   293   4.90241412e-198   0.01650090   0.01646095   99.80773190   705.87538714
   321   6.67339287e-221   0.01573943   0.01570376   107.52987355   808.37721104
   351   1.01190920e-245   0.01503622   0.01500430   115.68084894   923.60005343
   383   1.59391274e-272   0.01438740   0.01435877   124.25013133   1052.48169835
   419   4.82345484e-303   0.01375613   0.01373052   133.75253484   1204.63765005
   458   0.00000000e+00   0.01316533   0.01314242   143.89925799   1377.79170308
   501   0.00000000e+00   0.01260240   0.01258192   154.92769941   1578.45083627
   548   0.00000000e+00   0.01207077   0.01205246   166.81155635   1809.14293211
   599   0.00000000e+00   0.01157186   0.01155547   179.52670060   2072.53102158
   654   0.00000000e+00   0.01110567   0.01109098   193.05109972   2371.40430166
   715   0.00000000e+00   0.01065758   0.01064444   207.84661022   2720.40035516
   782   0.00000000e+00   0.01023148   0.01021974   223.87581452   3124.39714333
   855   0.00000000e+00   0.00982940   0.00981889   241.10419820   3588.56468635
   934   0.00000000e+00   0.00945201   0.00944260   259.50012157   4118.34539838
  1021   0.00000000e+00   0.00909136   0.00908294   279.49132092   4733.96245577
  1117   0.00000000e+00   0.00874627   0.00873875   301.25914221   5451.42917024
  1221   0.00000000e+00   0.00842193   0.00841520   324.53207276   6272.73845079
  1334   0.00000000e+00   0.00811571   0.00810969   349.49292547   7215.77132833
  1459   0.00000000e+00   0.00782137   0.00781598   376.75013457   8318.89323812
  1595   0.00000000e+00   0.00754308   0.00753826   406.02724941   9588.87567660
  1743   0.00000000e+00   0.00727961   0.00727529   437.48589197   11051.56353865
  1906   0.00000000e+00   0.00702710   0.00702323   471.69877844   12757.44647727
  2083   0.00000000e+00   0.00678836   0.00678490   508.38830364   14719.90952934
  2277   0.00000000e+00   0.00656037   0.00655728   548.10659883   16999.41275643
  2489   0.00000000e+00   0.00634321   0.00634044   590.97934036   19640.59471959
  2721   0.00000000e+00   0.00613598   0.00613349   637.32725907   22706.54630651
  2975   0.00000000e+00   0.00593805   0.00593582   687.45848152   26268.88074384
  3252   0.00000000e+00   0.00574963   0.00574764   741.47558650   30393.28885220
  3555   0.00000000e+00   0.00556962   0.00556783   799.86265846   35184.57531980
  3886   0.00000000e+00   0.00539776   0.00539616   862.89527625   40745.26556225
  4248   0.00000000e+00   0.00523341   0.00523198   931.02706478   47208.63667942
  4644   0.00000000e+00   0.00507613   0.00507485   1004.69476101   54726.03667660
  5077   0.00000000e+00   0.00492562   0.00492448   1084.31943984   63468.75896197
  5550   0.00000000e+00   0.00478164   0.00478061   1170.30771083   73630.02001095
  6067   0.00000000e+00   0.00464375   0.00464283   1263.23162075   85450.60418572
  6632   0.00000000e+00   0.00451163   0.00451080   1363.64306334   99203.54026707
  7250   0.00000000e+00   0.00438487   0.00438413   1472.25005299   115224.09436212
  7926   0.00000000e+00   0.00426320   0.00426254   1589.73571060   133893.44827009
  8664   0.00000000e+00   0.00414657   0.00414598   1716.58909523   155613.11045258
  9471   0.00000000e+00   0.00403453   0.00403400   1853.79264912   180929.40520886
 10354   0.00000000e+00   0.00392679   0.00392631   2002.29440542   210465.99236396
 11319   0.00000000e+00   0.00382325   0.00382282   2162.84484531   244895.42958393
 12373   0.00000000e+00   0.00372376   0.00372338   2336.33546007   285014.32973732
 13526   0.00000000e+00   0.00362796   0.00362762   2524.11609624   331848.08405654
 14786   0.00000000e+00   0.00353577   0.00353546   2727.17016277   386479.17524678
 16164   0.00000000e+00   0.00344694   0.00344666   2946.92764787   450271.89192044
 17670   0.00000000e+00   0.00336138   0.00336113   3184.61494272   524729.61454034
 19316   0.00000000e+00   0.00327891   0.00327868   3441.73239046   611661.06012657
 21116   0.00000000e+00   0.00319934   0.00319914   3720.04143331   713236.33319530
 23083   0.00000000e+00   0.00312260   0.00312242   4021.09566864   831864.74780607
 25234   0.00000000e+00   0.00304851   0.00304835   4347.00621744   970537.90153904
 27585   0.00000000e+00   0.00297697   0.00297683   4699.66901067   1132595.93516121
 30155   0.00000000e+00   0.00290787   0.00290773   5081.36790610   1322051.94505756
 32965   0.00000000e+00   0.00284107   0.00284095   5494.61087129   1543633.49575651
 36036   0.00000000e+00   0.00277650   0.00277639   5941.83082157   1802721.72346218
 39394   0.00000000e+00   0.00271404   0.00271394   6426.10859545   2105885.49850829
 43064   0.00000000e+00   0.00265361   0.00265353   6950.29089938   2460517.11125795
 47077   0.00000000e+00   0.00259512   0.00259504   7517.98901413   2875643.30125098
 51463   0.00000000e+00   0.00253849   0.00253842   8132.56861539   3361448.39109267
 56258   0.00000000e+00   0.00248363   0.00248357   8798.13071848   3930227.08000522
 61500   0.00000000e+00   0.00243047   0.00243042   9518.93252495   4596256.90374378
 67230   0.00000000e+00   0.00237896   0.00237891   10299.51851490   5376212.82318034
 73493   0.00000000e+00   0.00232901   0.00232897   11144.84457727   6289672.29923404
 80341   0.00000000e+00   0.00228056   0.00228052   12060.66185706   7360051.87138346
 87826   0.00000000e+00   0.00223356   0.00223352   13052.56070795   8614078.64402399
 96009   0.00000000e+00   0.00218794   0.00218791   14127.15825537   10083813.82790795
104955   0.00000000e+00   0.00214365   0.00214362   15291.40875061   11806630.52935676
114733   0.00000000e+00   0.00210065   0.00210062   16552.59293298   13825977.80224606
125423   0.00000000e+00   0.00205887   0.00205885   17919.19933502   16193838.51772674
137109   0.00000000e+00   0.00201828   0.00201826   19399.99333359   18970540.93952693
149884   0.00000000e+00   0.00197883   0.00197881   21004.63590752   22227217.15275073
163849   0.00000000e+00   0.00194047   0.00194045   22743.52690468   26047262.84460857
179115   0.00000000e+00   0.00190317   0.00190316   24628.02558366   30528821.68694392
195803   0.00000000e+00   0.00186690   0.00186688   26670.41664232   35787123.99526662
214046   0.00000000e+00   0.00183160   0.00183159   28884.12018088   41957837.62052665
233989   0.00000000e+00   0.00179725   0.00179724   31283.65201401   49200320.07280770
255791   0.00000000e+00   0.00176381   0.00176380   33884.82423050   57702113.55738403
279623   0.00000000e+00   0.00173126   0.00173125   36704.46513836   67682543.70552145
305676   0.00000000e+00   0.00169956   0.00169955   39761.32237529   79401185.36672761
334156   0.00000000e+00   0.00166868   0.00166867   43075.41578550   93162064.79943410
365290   0.00000000e+00   0.00163859   0.00163858   46668.68719238   109323606.24147758
399324   0.00000000e+00   0.00160927   0.00160926   50564.70745282   128306239.41574845
436530   0.00000000e+00   0.00158069   0.00158068   54789.41654455   150606267.53047332
477202   0.00000000e+00   0.00155282   0.00155282   59370.59515624   176805561.15164411
521664   0.00000000e+00   0.00152565   0.00152565   64338.69824083   207590362.26890087
570268   0.00000000e+00   0.00149916   0.00149915   69726.54621508   243766615.56581008
623401   0.00000000e+00   0.00147331   0.00147330   75570.01805064   286284367.62759686
681484   0.00000000e+00   0.00144809   0.00144808   81907.84390370   336260065.83079779
744979   0.00000000e+00   0.00142347   0.00142347   88782.27184426   395009269.05588019
814390   0.00000000e+00   0.00139945   0.00139945   96239.06344741   464079607.45971066
890268   0.00000000e+00   0.00137600   0.00137600   104327.91630712   545292957.36894310
973215   0.00000000e+00   0.00135310   0.00135310   113102.76397485   640793789.37737870
1063891   0.00000000e+00   0.00133074   0.00133074   122622.37833397   753109354.52293026
1163015   0.00000000e+00   0.00130890   0.00130890   132950.32441736   885212500.13612139
1271375   0.00000000e+00   0.00128757   0.00128756   144155.84715949   1040606794.82249713
1389831   0.00000000e+00   0.00126672   0.00126672   156314.00568338   1223416530.42039919
1519324   0.00000000e+00   0.00124635   0.00124635   169506.41377719   1438500767.13042903
1660881   0.00000000e+00   0.00122644   0.00122644   183821.54810178   1691580199.31145906
1815628   0.00000000e+00   0.00120698   0.00120697   199355.84674546   1989400067.58950996
1984793   0.00000000e+00   0.00118795   0.00118795   216213.77094686   2339901791.07753515
2169719   0.00000000e+00   0.00116934   0.00116934   234508.85421271   2752443136.31267881
2371875   0.00000000e+00   0.00115115   0.00115115   254364.51521735   3238052616.46816874
2592866   0.00000000e+00   0.00113335   0.00113335   275914.74377266   3809724456.89345980
2834447   0.00000000e+00   0.00111594   0.00111594   299305.14899628   4482773722.87819481
3098537   0.00000000e+00   0.00109890   0.00109890   324693.96905471   5275252517.21737289
3387232   0.00000000e+00   0.00108224   0.00108224   352252.94969893   6208433351.23032475
3702825   0.00000000e+00   0.00106592   0.00106592   382168.85425384   7307397479.69250774
4047823   0.00000000e+00   0.00104996   0.00104996   414644.63689717   8601714659.78548241
4424965   0.00000000e+00   0.00103433   0.00103433   449900.66869733   10126241106.07972336
4837245   0.00000000e+00   0.00101903   0.00101903   488176.38466828   11922073068.04319000
5287938   0.00000000e+00   0.00100404   0.00100404   529732.14870697   14037678356.39769554
5780623   0.00000000e+00   0.00098937   0.00098937   574850.77920869   16530207449.01148224
6319213   0.00000000e+00   0.00097500   0.00097500   623839.65874943   19467062530.17133713
6907983   0.00000000e+00   0.00096092   0.00096092   677032.59095672   22927723581.93296432
7551610   0.00000000e+00   0.00094713   0.00094713   734792.66959960   27005958457.30804443
8255205   0.00000000e+00   0.00093362   0.00093362   797514.33696252   31812363804.69970703
9024354   0.00000000e+00   0.00092038   0.00092038   865626.17056920   37477397154.33973694
9865167   0.00000000e+00   0.00090740   0.00090740   939594.27845801   44154992100.61286163
10784319   0.00000000e+00   0.00089469   0.00089469   1019924.88274575   52026729782.34847260
11789110   0.00000000e+00   0.00088222   0.00088222   1107168.46663496   61306884558.92276764
12887518   0.00000000e+00   0.00087000   0.00087000   1201923.18016943   72248277345.38050842
14088267   0.00000000e+00   0.00085802   0.00085802   1304839.41938137   85149280682.80311584
15400892   0.00000000e+00   0.00084627   0.00084627   1416624.00026233   100361999119.43751526
16835816   0.00000000e+00   0.00083474   0.00083474   1538045.21289662   118301988375.50428772
18404434   0.00000000e+00   0.00082344   0.00082344   1669938.30001112   139459738495.76065063
20119202   0.00000000e+00   0.00081236   0.00081236   1813211.17709684   164414201607.17483521
21993738   0.00000000e+00   0.00080148   0.00080148   1968850.96555854   193848823598.08413696
24042927   0.00000000e+00   0.00079082   0.00079082   2137930.64830240   228570400764.58889771
26283042   0.00000000e+00   0.00078035   0.00078035   2321616.82652375   269531453758.10098267
28731872   0.00000000e+00   0.00077008   0.00077008   2521177.80241772   317856594142.63946533
31408863   0.00000000e+00   0.00075999   0.00075999   2737992.46195014   374873691488.17205811
34335273   0.00000000e+00   0.00075010   0.00075010   2973560.00778016   442150718302.77850342
37534341   0.00000000e+00   0.00074039   0.00074039   3229510.51054298   521539281823.28155518
41031471   0.00000000e+00   0.00073085   0.00073085   3507616.32788832   615226047549.68041992
44854434   0.00000000e+00   0.00072149   0.00072149   3809804.59626959   725793530518.58837891
49033587   0.00000000e+00   0.00071230   0.00071230   4138170.67781497   856291885022.55981445
53602119   0.00000000e+00   0.00070328   0.00070328   4494993.30721433   1010323964403.91491699
58596308   0.00000000e+00   0.00069441   0.00069441   4882750.13610533   1192145475602.65869141
64055812   0.00000000e+00   0.00068571   0.00068571   5304135.43558119   1406783679519.47924805
70023987   0.00000000e+00   0.00067716   0.00067716   5762079.34048307   1660177744557.10522461
76548225   0.00000000e+00   0.00066876   0.00066876   6259768.04832891   1959344260335.48559570
83680336   0.00000000e+00   0.00066051   0.00066051   6800666.75802801   2312573436124.73681641
91476957   0.00000000e+00   0.00065240   0.00065240   7388543.96924945   2729660693961.79736328
100000000   0.00000000e+00   0.00064444   0.00064444   8027497.99531180   3222180489242.87744141
