   1.0000000e-02   6.6200426e-01
   2.0000000e-02   6.5737995e-01
   3.0000000e-02   6.5279363e-01
   4.0000000e-02   6.4824517e-01
   5.0000000e-02   6.4373445e-01
   6.0000000e-02   6.3926132e-01
   7.0000000e-02   6.3482565e-01
   8.0000000e-02   6.3042728e-01
   9.0000000e-02   6.2606604e-01
   1.0000000e-01   6.2174175e-01
   1.1000000e-01   6.1745425e-01
   1.2000000e-01   6.1320334e-01
   1.3000000e-01   6.0898883e-01
   1.4000000e-01   6.0481051e-01
   1.5000000e-01   6.0066820e-01
   1.6000000e-01   5.9656166e-01
   1.7000000e-01   5.9249070e-01
   1.8000000e-01   5.8845509e-01
   1.9000000e-01   5.8445459e-01
   2.0000000e-01   5.8048899e-01
   2.1000000e-01   5.7655806e-01
   2.2000000e-01   5.7266154e-01
   2.3000000e-01   5.6879921e-01
   2.4000000e-01   5.6497083e-01
   2.5000000e-01   5.6117614e-01
   2.6000000e-01   5.5741489e-01
   2.7000000e-01   5.5368685e-01
   2.8000000e-01   5.4999175e-01
   2.9000000e-01   5.4632934e-01
   3.0000000e-01   5.4269937e-01
   3.1000000e-01   5.3910158e-01
   3.2000000e-01   5.3553570e-01
   3.3000000e-01   5.3200148e-01
   3.4000000e-01   5.2849867e-01
   3.5000000e-01   5.2502699e-01
   3.6000000e-01   5.2158618e-01
   3.7000000e-01   5.1817600e-01
   3.8000000e-01   5.1479616e-01
   3.9000000e-01   5.1144641e-01
   4.0000000e-01   5.0812648e-01
   4.1000000e-01   5.0483612e-01
   4.2000000e-01   5.0157506e-01
   4.3000000e-01   4.9834304e-01
   4.4000000e-01   4.9513979e-01
   4.5000000e-01   4.9196506e-01
   4.6000000e-01   4.8881859e-01
   4.7000000e-01   4.8570011e-01
   4.8000000e-01   4.8260937e-01
   4.9000000e-01   4.7954611e-01
   5.0000000e-01   4.7651007e-01
   5.1000000e-01   4.7350099e-01
   5.2000000e-01   4.7051863e-01
   5.3000000e-01   4.6756272e-01
   5.4000000e-01   4.6463302e-01
   5.5000000e-01   4.6172928e-01
   5.6000000e-01   4.5885123e-01
   5.7000000e-01   4.5599865e-01
   5.8000000e-01   4.5317127e-01
   5.9000000e-01   4.5036886e-01
   6.0000000e-01   4.4759116e-01
   6.1000000e-01   4.4483795e-01
   6.2000000e-01   4.4210897e-01
   6.3000000e-01   4.3940399e-01
   6.4000000e-01   4.3672277e-01
   6.5000000e-01   4.3406508e-01
   6.6000000e-01   4.3143068e-01
   6.7000000e-01   4.2881933e-01
   6.8000000e-01   4.2623082e-01
   6.9000000e-01   4.2366491e-01
   7.0000000e-01   4.2112137e-01
   7.1000000e-01   4.1859998e-01
   7.2000000e-01   4.1610052e-01
   7.3000000e-01   4.1362277e-01
   7.4000000e-01   4.1116650e-01
   7.5000000e-01   4.0873150e-01
   7.6000000e-01   4.0631755e-01
   7.7000000e-01   4.0392445e-01
   7.8000000e-01   4.0155197e-01
   7.9000000e-01   3.9919991e-01
   8.0000000e-01   3.9686806e-01
   8.1000000e-01   3.9455622e-01
   8.2000000e-01   3.9226418e-01
   8.3000000e-01   3.8999174e-01
   8.4000000e-01   3.8773870e-01
   8.5000000e-01   3.8550485e-01
   8.6000000e-01   3.8329002e-01
   8.7000000e-01   3.8109399e-01
   8.8000000e-01   3.7891658e-01
   8.9000000e-01   3.7675760e-01
   9.0000000e-01   3.7461686e-01
   9.1000000e-01   3.7249417e-01
   9.2000000e-01   3.7038935e-01
   9.3000000e-01   3.6830221e-01
   9.4000000e-01   3.6623257e-01
   9.5000000e-01   3.6418026e-01
   9.6000000e-01   3.6214509e-01
   9.7000000e-01   3.6012690e-01
   9.8000000e-01   3.5812550e-01
   9.9000000e-01   3.5614072e-01
   1.0000000e+00   3.5417240e-01
   1.0100000e+00   3.5222037e-01
   1.0200000e+00   3.5028446e-01
   1.0300000e+00   3.4836450e-01
   1.0400000e+00   3.4646033e-01
   1.0500000e+00   3.4457179e-01
   1.0600000e+00   3.4269872e-01
   1.0700000e+00   3.4084097e-01
   1.0800000e+00   3.3899837e-01
   1.0900000e+00   3.3717077e-01
   1.1000000e+00   3.3535803e-01
   1.1100000e+00   3.3355998e-01
   1.1200000e+00   3.3177648e-01
   1.1300000e+00   3.3000738e-01
   1.1400000e+00   3.2825253e-01
   1.1500000e+00   3.2651179e-01
   1.1600000e+00   3.2478502e-01
   1.1700000e+00   3.2307208e-01
   1.1800000e+00   3.2137282e-01
   1.1900000e+00   3.1968711e-01
   1.2000000e+00   3.1801480e-01
   1.2100000e+00   3.1635577e-01
   1.2200000e+00   3.1470989e-01
   1.2300000e+00   3.1307701e-01
   1.2400000e+00   3.1145700e-01
   1.2500000e+00   3.0984975e-01
   1.2600000e+00   3.0825512e-01
   1.2700000e+00   3.0667297e-01
   1.2800000e+00   3.0510320e-01
   1.2900000e+00   3.0354567e-01
   1.3000000e+00   3.0200027e-01
   1.3100000e+00   3.0046687e-01
   1.3200000e+00   2.9894534e-01
   1.3300000e+00   2.9743559e-01
   1.3400000e+00   2.9593747e-01
   1.3500000e+00   2.9445089e-01
   1.3600000e+00   2.9297573e-01
   1.3700000e+00   2.9151187e-01
   1.3800000e+00   2.9005920e-01
   1.3900000e+00   2.8861761e-01
   1.4000000e+00   2.8718700e-01
   1.4100000e+00   2.8576725e-01
   1.4200000e+00   2.8435825e-01
   1.4300000e+00   2.8295991e-01
   1.4400000e+00   2.8157212e-01
   1.4500000e+00   2.8019477e-01
   1.4600000e+00   2.7882776e-01
   1.4700000e+00   2.7747100e-01
   1.4800000e+00   2.7612437e-01
   1.4900000e+00   2.7478779e-01
   1.5000000e+00   2.7346115e-01
   1.5100000e+00   2.7214436e-01
   1.5200000e+00   2.7083733e-01
   1.5300000e+00   2.6953995e-01
   1.5400000e+00   2.6825214e-01
   1.5500000e+00   2.6697380e-01
   1.5600000e+00   2.6570485e-01
   1.5700000e+00   2.6444519e-01
   1.5800000e+00   2.6319473e-01
   1.5900000e+00   2.6195339e-01
   1.6000000e+00   2.6072108e-01
   1.6100000e+00   2.5949770e-01
   1.6200000e+00   2.5828319e-01
   1.6300000e+00   2.5707745e-01
   1.6400000e+00   2.5588039e-01
   1.6500000e+00   2.5469195e-01
   1.6600000e+00   2.5351203e-01
   1.6700000e+00   2.5234055e-01
   1.6800000e+00   2.5117744e-01
   1.6900000e+00   2.5002262e-01
   1.7000000e+00   2.4887600e-01
   1.7100000e+00   2.4773752e-01
   1.7200000e+00   2.4660710e-01
   1.7300000e+00   2.4548465e-01
   1.7400000e+00   2.4437011e-01
   1.7500000e+00   2.4326340e-01
   1.7600000e+00   2.4216446e-01
   1.7700000e+00   2.4107320e-01
   1.7800000e+00   2.3998955e-01
   1.7900000e+00   2.3891346e-01
   1.8000000e+00   2.3784484e-01
   1.8100000e+00   2.3678363e-01
   1.8200000e+00   2.3572975e-01
   1.8300000e+00   2.3468315e-01
   1.8400000e+00   2.3364376e-01
   1.8500000e+00   2.3261150e-01
   1.8600000e+00   2.3158632e-01
   1.8700000e+00   2.3056815e-01
   1.8800000e+00   2.2955693e-01
   1.8900000e+00   2.2855259e-01
   1.9000000e+00   2.2755507e-01
   1.9100000e+00   2.2656431e-01
   1.9200000e+00   2.2558024e-01
   1.9300000e+00   2.2460282e-01
   1.9400000e+00   2.2363197e-01
   1.9500000e+00   2.2266765e-01
   1.9600000e+00   2.2170978e-01
   1.9700000e+00   2.2075832e-01
   1.9800000e+00   2.1981320e-01
   1.9900000e+00   2.1887437e-01
   2.0000000e+00   2.1794178e-01
   2.0100000e+00   2.1701537e-01
   2.0200000e+00   2.1609507e-01
   2.0300000e+00   2.1518085e-01
   2.0400000e+00   2.1427265e-01
   2.0500000e+00   2.1337040e-01
   2.0600000e+00   2.1247407e-01
   2.0700000e+00   2.1158360e-01
   2.0800000e+00   2.1069893e-01
   2.0900000e+00   2.0982002e-01
   2.1000000e+00   2.0894682e-01
   2.1100000e+00   2.0807927e-01
   2.1200000e+00   2.0721733e-01
   2.1300000e+00   2.0636095e-01
   2.1400000e+00   2.0551008e-01
   2.1500000e+00   2.0466468e-01
   2.1600000e+00   2.0382469e-01
   2.1700000e+00   2.0299007e-01
   2.1800000e+00   2.0216077e-01
   2.1900000e+00   2.0133675e-01
   2.2000000e+00   2.0051797e-01
   2.2100000e+00   1.9970437e-01
   2.2200000e+00   1.9889592e-01
   2.2300000e+00   1.9809256e-01
   2.2400000e+00   1.9729427e-01
   2.2500000e+00   1.9650098e-01
   2.2600000e+00   1.9571267e-01
   2.2700000e+00   1.9492929e-01
   2.2800000e+00   1.9415080e-01
   2.2900000e+00   1.9337715e-01
   2.3000000e+00   1.9260832e-01
   2.3100000e+00   1.9184424e-01
   2.3200000e+00   1.9108490e-01
   2.3300000e+00   1.9033024e-01
   2.3400000e+00   1.8958022e-01
   2.3500000e+00   1.8883482e-01
   2.3600000e+00   1.8809399e-01
   2.3700000e+00   1.8735769e-01
   2.3800000e+00   1.8662589e-01
   2.3900000e+00   1.8589855e-01
   2.4000000e+00   1.8517563e-01
   2.4100000e+00   1.8445709e-01
   2.4200000e+00   1.8374290e-01
   2.4300000e+00   1.8303303e-01
   2.4400000e+00   1.8232744e-01
   2.4500000e+00   1.8162609e-01
   2.4600000e+00   1.8092895e-01
   2.4700000e+00   1.8023599e-01
   2.4800000e+00   1.7954717e-01
   2.4900000e+00   1.7886246e-01
   2.5000000e+00   1.7818182e-01
   2.5100000e+00   1.7750522e-01
   2.5200000e+00   1.7683264e-01
   2.5300000e+00   1.7616403e-01
   2.5400000e+00   1.7549936e-01
   2.5500000e+00   1.7483862e-01
   2.5600000e+00   1.7418175e-01
   2.5700000e+00   1.7352874e-01
   2.5800000e+00   1.7287954e-01
   2.5900000e+00   1.7223414e-01
   2.6000000e+00   1.7159250e-01
   2.6100000e+00   1.7095460e-01
   2.6200000e+00   1.7032039e-01
   2.6300000e+00   1.6968986e-01
   2.6400000e+00   1.6906297e-01
   2.6500000e+00   1.6843969e-01
   2.6600000e+00   1.6782001e-01
   2.6700000e+00   1.6720388e-01
   2.6800000e+00   1.6659128e-01
   2.6900000e+00   1.6598219e-01
   2.7000000e+00   1.6537658e-01
   2.7100000e+00   1.6477441e-01
   2.7200000e+00   1.6417567e-01
   2.7300000e+00   1.6358032e-01
   2.7400000e+00   1.6298835e-01
   2.7500000e+00   1.6239972e-01
   2.7600000e+00   1.6181441e-01
   2.7700000e+00   1.6123239e-01
   2.7800000e+00   1.6065364e-01
   2.7900000e+00   1.6007814e-01
   2.8000000e+00   1.5950585e-01
   2.8100000e+00   1.5893676e-01
   2.8200000e+00   1.5837084e-01
   2.8300000e+00   1.5780806e-01
   2.8400000e+00   1.5724841e-01
   2.8500000e+00   1.5669185e-01
   2.8600000e+00   1.5613837e-01
   2.8700000e+00   1.5558794e-01
   2.8800000e+00   1.5504054e-01
   2.8900000e+00   1.5449615e-01
   2.9000000e+00   1.5395475e-01
   2.9100000e+00   1.5341630e-01
   2.9200000e+00   1.5288080e-01
   2.9300000e+00   1.5234821e-01
   2.9400000e+00   1.5181852e-01
   2.9500000e+00   1.5129170e-01
   2.9600000e+00   1.5076774e-01
   2.9700000e+00   1.5024661e-01
   2.9800000e+00   1.4972830e-01
   2.9900000e+00   1.4921277e-01
   3.0000000e+00   1.4870002e-01
   3.0100000e+00   1.4819001e-01
   3.0200000e+00   1.4768274e-01
   3.0300000e+00   1.4717817e-01
   3.0400000e+00   1.4667630e-01
   3.0500000e+00   1.4617710e-01
   3.0600000e+00   1.4568055e-01
   3.0700000e+00   1.4518663e-01
   3.0800000e+00   1.4469533e-01
   3.0900000e+00   1.4420662e-01
   3.1000000e+00   1.4372049e-01
   3.1100000e+00   1.4323691e-01
   3.1200000e+00   1.4275587e-01
   3.1300000e+00   1.4227736e-01
   3.1400000e+00   1.4180135e-01
   3.1500000e+00   1.4132782e-01
   3.1600000e+00   1.4085676e-01
   3.1700000e+00   1.4038815e-01
   3.1800000e+00   1.3992198e-01
   3.1900000e+00   1.3945822e-01
   3.2000000e+00   1.3899685e-01
   3.2100000e+00   1.3853787e-01
   3.2200000e+00   1.3808126e-01
   3.2300000e+00   1.3762699e-01
   3.2400000e+00   1.3717505e-01
   3.2500000e+00   1.3672543e-01
   3.2600000e+00   1.3627811e-01
   3.2700000e+00   1.3583307e-01
   3.2800000e+00   1.3539029e-01
   3.2900000e+00   1.3494977e-01
   3.3000000e+00   1.3451149e-01
   3.3100000e+00   1.3407542e-01
   3.3200000e+00   1.3364156e-01
   3.3300000e+00   1.3320989e-01
   3.3400000e+00   1.3278039e-01
   3.3500000e+00   1.3235306e-01
   3.3600000e+00   1.3192787e-01
   3.3700000e+00   1.3150480e-01
   3.3800000e+00   1.3108386e-01
   3.3900000e+00   1.3066501e-01
   3.4000000e+00   1.3024825e-01
   3.4100000e+00   1.2983357e-01
   3.4200000e+00   1.2942094e-01
   3.4300000e+00   1.2901036e-01
   3.4400000e+00   1.2860181e-01
   3.4500000e+00   1.2819527e-01
   3.4600000e+00   1.2779074e-01
   3.4700000e+00   1.2738820e-01
   3.4800000e+00   1.2698764e-01
   3.4900000e+00   1.2658903e-01
   3.5000000e+00   1.2619238e-01
   3.5100000e+00   1.2579767e-01
   3.5200000e+00   1.2540488e-01
   3.5300000e+00   1.2501400e-01
   3.5400000e+00   1.2462502e-01
   3.5500000e+00   1.2423793e-01
   3.5600000e+00   1.2385271e-01
   3.5700000e+00   1.2346935e-01
   3.5800000e+00   1.2308784e-01
   3.5900000e+00   1.2270817e-01
   3.6000000e+00   1.2233032e-01
   3.6100000e+00   1.2195428e-01
   3.6200000e+00   1.2158005e-01
   3.6300000e+00   1.2120760e-01
   3.6400000e+00   1.2083693e-01
   3.6500000e+00   1.2046803e-01
   3.6600000e+00   1.2010088e-01
   3.6700000e+00   1.1973547e-01
   3.6800000e+00   1.1937180e-01
   3.6900000e+00   1.1900984e-01
   3.7000000e+00   1.1864960e-01
   3.7100000e+00   1.1829105e-01
   3.7200000e+00   1.1793419e-01
   3.7300000e+00   1.1757901e-01
   3.7400000e+00   1.1722549e-01
   3.7500000e+00   1.1687363e-01
   3.7600000e+00   1.1652341e-01
   3.7700000e+00   1.1617483e-01
   3.7800000e+00   1.1582787e-01
   3.7900000e+00   1.1548252e-01
   3.8000000e+00   1.1513877e-01
   3.8100000e+00   1.1479662e-01
   3.8200000e+00   1.1445605e-01
   3.8300000e+00   1.1411705e-01
   3.8400000e+00   1.1377962e-01
   3.8500000e+00   1.1344374e-01
   3.8600000e+00   1.1310940e-01
   3.8700000e+00   1.1277659e-01
   3.8800000e+00   1.1244531e-01
   3.8900000e+00   1.1211554e-01
   3.9000000e+00   1.1178728e-01
   3.9100000e+00   1.1146051e-01
   3.9200000e+00   1.1113523e-01
   3.9300000e+00   1.1081143e-01
   3.9400000e+00   1.1048909e-01
   3.9500000e+00   1.1016821e-01
   3.9600000e+00   1.0984878e-01
   3.9700000e+00   1.0953079e-01
   3.9800000e+00   1.0921424e-01
   3.9900000e+00   1.0889910e-01
   4.0000000e+00   1.0858538e-01
   4.0100000e+00   1.0827307e-01
   4.0200000e+00   1.0796215e-01
   4.0300000e+00   1.0765262e-01
   4.0400000e+00   1.0734447e-01
   4.0500000e+00   1.0703769e-01
   4.0600000e+00   1.0673228e-01
   4.0700000e+00   1.0642822e-01
   4.0800000e+00   1.0612551e-01
   4.0900000e+00   1.0582413e-01
   4.1000000e+00   1.0552408e-01
   4.1100000e+00   1.0522536e-01
   4.1200000e+00   1.0492795e-01
   4.1300000e+00   1.0463185e-01
   4.1400000e+00   1.0433705e-01
   4.1500000e+00   1.0404353e-01
   4.1600000e+00   1.0375130e-01
   4.1700000e+00   1.0346035e-01
   4.1800000e+00   1.0317066e-01
   4.1900000e+00   1.0288224e-01
   4.2000000e+00   1.0259506e-01
   4.2100000e+00   1.0230913e-01
   4.2200000e+00   1.0202444e-01
   4.2300000e+00   1.0174098e-01
   4.2400000e+00   1.0145875e-01
   4.2500000e+00   1.0117772e-01
   4.2600000e+00   1.0089791e-01
   4.2700000e+00   1.0061930e-01
   4.2800000e+00   1.0034189e-01
   4.2900000e+00   1.0006566e-01
   4.3000000e+00   9.9790612e-02
   4.3100000e+00   9.9516739e-02
   4.3200000e+00   9.9244033e-02
   4.3300000e+00   9.8972486e-02
   4.3400000e+00   9.8702094e-02
   4.3500000e+00   9.8432848e-02
   4.3600000e+00   9.8164742e-02
   4.3700000e+00   9.7897770e-02
   4.3800000e+00   9.7631925e-02
   4.3900000e+00   9.7367200e-02
   4.4000000e+00   9.7103589e-02
   4.4100000e+00   9.6841086e-02
   4.4200000e+00   9.6579684e-02
   4.4300000e+00   9.6319377e-02
   4.4400000e+00   9.6060158e-02
   4.4500000e+00   9.5802022e-02
   4.4600000e+00   9.5544962e-02
   4.4700000e+00   9.5288973e-02
   4.4800000e+00   9.5034047e-02
   4.4900000e+00   9.4780179e-02
   4.5000000e+00   9.4527363e-02
   4.5100000e+00   9.4275593e-02
   4.5200000e+00   9.4024863e-02
   4.5300000e+00   9.3775168e-02
   4.5400000e+00   9.3526501e-02
   4.5500000e+00   9.3278856e-02
   4.5600000e+00   9.3032228e-02
   4.5700000e+00   9.2786611e-02
   4.5800000e+00   9.2542000e-02
   4.5900000e+00   9.2298388e-02
   4.6000000e+00   9.2055771e-02
   4.6100000e+00   9.1814142e-02
   4.6200000e+00   9.1573497e-02
   4.6300000e+00   9.1333829e-02
   4.6400000e+00   9.1095134e-02
   4.6500000e+00   9.0857405e-02
   4.6600000e+00   9.0620638e-02
   4.6700000e+00   9.0384828e-02
   4.6800000e+00   9.0149968e-02
   4.6900000e+00   8.9916053e-02
   4.7000000e+00   8.9683080e-02
   4.7100000e+00   8.9451041e-02
   4.7200000e+00   8.9219933e-02
   4.7300000e+00   8.8989750e-02
   4.7400000e+00   8.8760487e-02
   4.7500000e+00   8.8532139e-02
   4.7600000e+00   8.8304701e-02
   4.7700000e+00   8.8078168e-02
   4.7800000e+00   8.7852535e-02
   4.7900000e+00   8.7627797e-02
   4.8000000e+00   8.7403950e-02
   4.8100000e+00   8.7180988e-02
   4.8200000e+00   8.6958908e-02
   4.8300000e+00   8.6737703e-02
   4.8400000e+00   8.6517369e-02
   4.8500000e+00   8.6297902e-02
   4.8600000e+00   8.6079297e-02
   4.8700000e+00   8.5861549e-02
   4.8800000e+00   8.5644654e-02
   4.8900000e+00   8.5428607e-02
   4.9000000e+00   8.5213404e-02
   4.9100000e+00   8.4999040e-02
   4.9200000e+00   8.4785511e-02
   4.9300000e+00   8.4572811e-02
   4.9400000e+00   8.4360938e-02
   4.9500000e+00   8.4149886e-02
   4.9600000e+00   8.3939651e-02
   4.9700000e+00   8.3730229e-02
   4.9800000e+00   8.3521615e-02
   4.9900000e+00   8.3313806e-02
   5.0000000e+00   8.3106796e-02
   5.0100000e+00   8.2900582e-02
   5.0200000e+00   8.2695160e-02
   5.0300000e+00   8.2490525e-02
   5.0400000e+00   8.2286674e-02
   5.0500000e+00   8.2083601e-02
   5.0600000e+00   8.1881304e-02
   5.0700000e+00   8.1679778e-02
   5.0800000e+00   8.1479019e-02
   5.0900000e+00   8.1279023e-02
   5.1000000e+00   8.1079786e-02
   5.1100000e+00   8.0881304e-02
   5.1200000e+00   8.0683574e-02
   5.1300000e+00   8.0486591e-02
   5.1400000e+00   8.0290352e-02
   5.1500000e+00   8.0094852e-02
   5.1600000e+00   7.9900088e-02
   5.1700000e+00   7.9706056e-02
   5.1800000e+00   7.9512753e-02
   5.1900000e+00   7.9320174e-02
   5.2000000e+00   7.9128316e-02
   5.2100000e+00   7.8937175e-02
   5.2200000e+00   7.8746748e-02
   5.2300000e+00   7.8557031e-02
   5.2400000e+00   7.8368020e-02
   5.2500000e+00   7.8179712e-02
   5.2600000e+00   7.7992103e-02
   5.2700000e+00   7.7805189e-02
   5.2800000e+00   7.7618968e-02
   5.2900000e+00   7.7433435e-02
   5.3000000e+00   7.7248587e-02
   5.3100000e+00   7.7064421e-02
   5.3200000e+00   7.6880933e-02
   5.3300000e+00   7.6698120e-02
   5.3400000e+00   7.6515978e-02
   5.3500000e+00   7.6334505e-02
   5.3600000e+00   7.6153696e-02
   5.3700000e+00   7.5973548e-02
   5.3800000e+00   7.5794059e-02
   5.3900000e+00   7.5615224e-02
   5.4000000e+00   7.5437041e-02
   5.4100000e+00   7.5259506e-02
   5.4200000e+00   7.5082616e-02
   5.4300000e+00   7.4906368e-02
   5.4400000e+00   7.4730759e-02
   5.4500000e+00   7.4555785e-02
   5.4600000e+00   7.4381444e-02
   5.4700000e+00   7.4207732e-02
   5.4800000e+00   7.4034646e-02
   5.4900000e+00   7.3862183e-02
   5.5000000e+00   7.3690340e-02
   5.5100000e+00   7.3519115e-02
   5.5200000e+00   7.3348503e-02
   5.5300000e+00   7.3178502e-02
   5.5400000e+00   7.3009109e-02
   5.5500000e+00   7.2840321e-02
   5.5600000e+00   7.2672135e-02
   5.5700000e+00   7.2504549e-02
   5.5800000e+00   7.2337558e-02
   5.5900000e+00   7.2171161e-02
   5.6000000e+00   7.2005354e-02
   5.6100000e+00   7.1840135e-02
   5.6200000e+00   7.1675501e-02
   5.6300000e+00   7.1511448e-02
   5.6400000e+00   7.1347975e-02
   5.6500000e+00   7.1185078e-02
   5.6600000e+00   7.1022754e-02
   5.6700000e+00   7.0861002e-02
   5.6800000e+00   7.0699817e-02
   5.6900000e+00   7.0539198e-02
   5.7000000e+00   7.0379141e-02
   5.7100000e+00   7.0219644e-02
   5.7200000e+00   7.0060705e-02
   5.7300000e+00   6.9902320e-02
   5.7400000e+00   6.9744487e-02
   5.7500000e+00   6.9587203e-02
   5.7600000e+00   6.9430467e-02
   5.7700000e+00   6.9274274e-02
   5.7800000e+00   6.9118623e-02
   5.7900000e+00   6.8963511e-02
   5.8000000e+00   6.8808935e-02
   5.8100000e+00   6.8654893e-02
   5.8200000e+00   6.8501383e-02
   5.8300000e+00   6.8348402e-02
   5.8400000e+00   6.8195947e-02
   5.8500000e+00   6.8044016e-02
   5.8600000e+00   6.7892606e-02
   5.8700000e+00   6.7741716e-02
   5.8800000e+00   6.7591342e-02
   5.8900000e+00   6.7441482e-02
   5.9000000e+00   6.7292135e-02
   5.9100000e+00   6.7143296e-02
   5.9200000e+00   6.6994965e-02
   5.9300000e+00   6.6847139e-02
   5.9400000e+00   6.6699814e-02
   5.9500000e+00   6.6552990e-02
   5.9600000e+00   6.6406664e-02
   5.9700000e+00   6.6260833e-02
   5.9800000e+00   6.6115495e-02
   5.9900000e+00   6.5970648e-02
   6.0000000e+00   6.5826290e-02
   6.0100000e+00   6.5682418e-02
   6.0200000e+00   6.5539030e-02
   6.0300000e+00   6.5396125e-02
   6.0400000e+00   6.5253698e-02
   6.0500000e+00   6.5111750e-02
   6.0600000e+00   6.4970276e-02
   6.0700000e+00   6.4829276e-02
   6.0800000e+00   6.4688747e-02
   6.0900000e+00   6.4548687e-02
   6.1000000e+00   6.4409093e-02
   6.1100000e+00   6.4269964e-02
   6.1200000e+00   6.4131298e-02
   6.1300000e+00   6.3993091e-02
   6.1400000e+00   6.3855344e-02
   6.1500000e+00   6.3718052e-02
   6.1600000e+00   6.3581215e-02
   6.1700000e+00   6.3444829e-02
   6.1800000e+00   6.3308894e-02
   6.1900000e+00   6.3173407e-02
   6.2000000e+00   6.3038366e-02
   6.2100000e+00   6.2903769e-02
   6.2200000e+00   6.2769615e-02
   6.2300000e+00   6.2635900e-02
   6.2400000e+00   6.2502623e-02
   6.2500000e+00   6.2369783e-02
   6.2600000e+00   6.2237377e-02
   6.2700000e+00   6.2105403e-02
   6.2800000e+00   6.1973859e-02
   6.2900000e+00   6.1842744e-02
   6.3000000e+00   6.1712056e-02
   6.3100000e+00   6.1581792e-02
   6.3200000e+00   6.1451951e-02
   6.3300000e+00   6.1322531e-02
   6.3400000e+00   6.1193530e-02
   6.3500000e+00   6.1064946e-02
   6.3600000e+00   6.0936777e-02
   6.3700000e+00   6.0809023e-02
   6.3800000e+00   6.0681679e-02
   6.3900000e+00   6.0554746e-02
   6.4000000e+00   6.0428221e-02
   6.4100000e+00   6.0302102e-02
   6.4200000e+00   6.0176388e-02
   6.4300000e+00   6.0051077e-02
   6.4400000e+00   5.9926166e-02
   6.4500000e+00   5.9801655e-02
   6.4600000e+00   5.9677542e-02
   6.4700000e+00   5.9553824e-02
   6.4800000e+00   5.9430500e-02
   6.4900000e+00   5.9307569e-02
   6.5000000e+00   5.9185028e-02
   6.5100000e+00   5.9062877e-02
   6.5200000e+00   5.8941113e-02
   6.5300000e+00   5.8819734e-02
   6.5400000e+00   5.8698740e-02
   6.5500000e+00   5.8578128e-02
   6.5600000e+00   5.8457896e-02
   6.5700000e+00   5.8338044e-02
   6.5800000e+00   5.8218569e-02
   6.5900000e+00   5.8099469e-02
   6.6000000e+00   5.7980744e-02
   6.6100000e+00   5.7862392e-02
   6.6200000e+00   5.7744410e-02
   6.6300000e+00   5.7626798e-02
   6.6400000e+00   5.7509554e-02
   6.6500000e+00   5.7392676e-02
   6.6600000e+00   5.7276163e-02
   6.6700000e+00   5.7160013e-02
   6.6800000e+00   5.7044225e-02
   6.6900000e+00   5.6928797e-02
   6.7000000e+00   5.6813727e-02
   6.7100000e+00   5.6699015e-02
   6.7200000e+00   5.6584658e-02
   6.7300000e+00   5.6470655e-02
   6.7400000e+00   5.6357005e-02
   6.7500000e+00   5.6243705e-02
   6.7600000e+00   5.6130756e-02
   6.7700000e+00   5.6018154e-02
   6.7800000e+00   5.5905899e-02
   6.7900000e+00   5.5793990e-02
   6.8000000e+00   5.5682424e-02
   6.8100000e+00   5.5571200e-02
   6.8200000e+00   5.5460318e-02
   6.8300000e+00   5.5349775e-02
   6.8400000e+00   5.5239570e-02
   6.8500000e+00   5.5129702e-02
   6.8600000e+00   5.5020169e-02
   6.8700000e+00   5.4910970e-02
   6.8800000e+00   5.4802103e-02
   6.8900000e+00   5.4693567e-02
   6.9000000e+00   5.4585362e-02
   6.9100000e+00   5.4477484e-02
   6.9200000e+00   5.4369934e-02
   6.9300000e+00   5.4262709e-02
   6.9400000e+00   5.4155809e-02
   6.9500000e+00   5.4049232e-02
   6.9600000e+00   5.3942976e-02
   6.9700000e+00   5.3837041e-02
   6.9800000e+00   5.3731425e-02
   6.9900000e+00   5.3626126e-02
   7.0000000e+00   5.3521144e-02
   7.0100000e+00   5.3416478e-02
   7.0200000e+00   5.3312125e-02
   7.0300000e+00   5.3208084e-02
   7.0400000e+00   5.3104355e-02
   7.0500000e+00   5.3000936e-02
   7.0600000e+00   5.2897826e-02
   7.0700000e+00   5.2795023e-02
   7.0800000e+00   5.2692527e-02
   7.0900000e+00   5.2590335e-02
   7.1000000e+00   5.2488448e-02
   7.1100000e+00   5.2386863e-02
   7.1200000e+00   5.2285579e-02
   7.1300000e+00   5.2184596e-02
   7.1400000e+00   5.2083911e-02
   7.1500000e+00   5.1983525e-02
   7.1600000e+00   5.1883434e-02
   7.1700000e+00   5.1783639e-02
   7.1800000e+00   5.1684139e-02
   7.1900000e+00   5.1584931e-02
   7.2000000e+00   5.1486015e-02
   7.2100000e+00   5.1387390e-02
   7.2200000e+00   5.1289054e-02
   7.2300000e+00   5.1191006e-02
   7.2400000e+00   5.1093246e-02
   7.2500000e+00   5.0995772e-02
   7.2600000e+00   5.0898582e-02
   7.2700000e+00   5.0801677e-02
   7.2800000e+00   5.0705054e-02
   7.2900000e+00   5.0608712e-02
   7.3000000e+00   5.0512651e-02
   7.3100000e+00   5.0416870e-02
   7.3200000e+00   5.0321366e-02
   7.3300000e+00   5.0226140e-02
   7.3400000e+00   5.0131189e-02
   7.3500000e+00   5.0036514e-02
   7.3600000e+00   4.9942112e-02
   7.3700000e+00   4.9847983e-02
   7.3800000e+00   4.9754126e-02
   7.3900000e+00   4.9660539e-02
   7.4000000e+00   4.9567222e-02
   7.4100000e+00   4.9474174e-02
   7.4200000e+00   4.9381393e-02
   7.4300000e+00   4.9288878e-02
   7.4400000e+00   4.9196629e-02
   7.4500000e+00   4.9104644e-02
   7.4600000e+00   4.9012922e-02
   7.4700000e+00   4.8921463e-02
   7.4800000e+00   4.8830265e-02
   7.4900000e+00   4.8739327e-02
   7.5000000e+00   4.8648649e-02
   7.5100000e+00   4.8558228e-02
   7.5200000e+00   4.8468065e-02
   7.5300000e+00   4.8378159e-02
   7.5400000e+00   4.8288507e-02
   7.5500000e+00   4.8199110e-02
   7.5600000e+00   4.8109966e-02
   7.5700000e+00   4.8021074e-02
   7.5800000e+00   4.7932434e-02
   7.5900000e+00   4.7844044e-02
   7.6000000e+00   4.7755904e-02
   7.6100000e+00   4.7668012e-02
   7.6200000e+00   4.7580367e-02
   7.6300000e+00   4.7492970e-02
   7.6400000e+00   4.7405817e-02
   7.6500000e+00   4.7318910e-02
   7.6600000e+00   4.7232246e-02
   7.6700000e+00   4.7145825e-02
   7.6800000e+00   4.7059646e-02
   7.6900000e+00   4.6973708e-02
   7.7000000e+00   4.6888010e-02
   7.7100000e+00   4.6802552e-02
   7.7200000e+00   4.6717331e-02
   7.7300000e+00   4.6632348e-02
   7.7400000e+00   4.6547601e-02
   7.7500000e+00   4.6463090e-02
   7.7600000e+00   4.6378814e-02
   7.7700000e+00   4.6294771e-02
   7.7800000e+00   4.6210962e-02
   7.7900000e+00   4.6127384e-02
   7.8000000e+00   4.6044038e-02
   7.8100000e+00   4.5960921e-02
   7.8200000e+00   4.5878035e-02
   7.8300000e+00   4.5795377e-02
   7.8400000e+00   4.5712946e-02
   7.8500000e+00   4.5630743e-02
   7.8600000e+00   4.5548765e-02
   7.8700000e+00   4.5467013e-02
   7.8800000e+00   4.5385485e-02
   7.8900000e+00   4.5304180e-02
   7.9000000e+00   4.5223099e-02
   7.9100000e+00   4.5142239e-02
   7.9200000e+00   4.5061600e-02
   7.9300000e+00   4.4981181e-02
   7.9400000e+00   4.4900982e-02
   7.9500000e+00   4.4821001e-02
   7.9600000e+00   4.4741238e-02
   7.9700000e+00   4.4661692e-02
   7.9800000e+00   4.4582362e-02
   7.9900000e+00   4.4503248e-02
   8.0000000e+00   4.4424348e-02
   8.0100000e+00   4.4345662e-02
   8.0200000e+00   4.4267188e-02
   8.0300000e+00   4.4188928e-02
   8.0400000e+00   4.4110878e-02
   8.0500000e+00   4.4033039e-02
   8.0600000e+00   4.3955410e-02
   8.0700000e+00   4.3877991e-02
   8.0800000e+00   4.3800779e-02
   8.0900000e+00   4.3723775e-02
   8.1000000e+00   4.3646978e-02
   8.1100000e+00   4.3570388e-02
   8.1200000e+00   4.3494002e-02
   8.1300000e+00   4.3417821e-02
   8.1400000e+00   4.3341844e-02
   8.1500000e+00   4.3266070e-02
   8.1600000e+00   4.3190498e-02
   8.1700000e+00   4.3115128e-02
   8.1800000e+00   4.3039959e-02
   8.1900000e+00   4.2964991e-02
   8.2000000e+00   4.2890221e-02
   8.2100000e+00   4.2815651e-02
   8.2200000e+00   4.2741278e-02
   8.2300000e+00   4.2667103e-02
   8.2400000e+00   4.2593124e-02
   8.2500000e+00   4.2519341e-02
   8.2600000e+00   4.2445753e-02
   8.2700000e+00   4.2372360e-02
   8.2800000e+00   4.2299161e-02
   8.2900000e+00   4.2226155e-02
   8.3000000e+00   4.2153341e-02
   8.3100000e+00   4.2080719e-02
   8.3200000e+00   4.2008288e-02
   8.3300000e+00   4.1936047e-02
   8.3400000e+00   4.1863996e-02
   8.3500000e+00   4.1792134e-02
   8.3600000e+00   4.1720461e-02
   8.3700000e+00   4.1648975e-02
   8.3800000e+00   4.1577676e-02
   8.3900000e+00   4.1506563e-02
   8.4000000e+00   4.1435636e-02
   8.4100000e+00   4.1364894e-02
   8.4200000e+00   4.1294337e-02
   8.4300000e+00   4.1223963e-02
   8.4400000e+00   4.1153772e-02
   8.4500000e+00   4.1083764e-02
   8.4600000e+00   4.1013937e-02
   8.4700000e+00   4.0944292e-02
   8.4800000e+00   4.0874827e-02
   8.4900000e+00   4.0805542e-02
   8.5000000e+00   4.0736436e-02
   8.5100000e+00   4.0667509e-02
   8.5200000e+00   4.0598760e-02
   8.5300000e+00   4.0530188e-02
   8.5400000e+00   4.0461793e-02
   8.5500000e+00   4.0393574e-02
   8.5600000e+00   4.0325530e-02
   8.5700000e+00   4.0257662e-02
   8.5800000e+00   4.0189967e-02
   8.5900000e+00   4.0122447e-02
   8.6000000e+00   4.0055099e-02
   8.6100000e+00   3.9987924e-02
   8.6200000e+00   3.9920921e-02
   8.6300000e+00   3.9854089e-02
   8.6400000e+00   3.9787428e-02
   8.6500000e+00   3.9720937e-02
   8.6600000e+00   3.9654615e-02
   8.6700000e+00   3.9588463e-02
   8.6800000e+00   3.9522478e-02
   8.6900000e+00   3.9456662e-02
   8.7000000e+00   3.9391012e-02
   8.7100000e+00   3.9325530e-02
   8.7200000e+00   3.9260213e-02
   8.7300000e+00   3.9195062e-02
   8.7400000e+00   3.9130075e-02
   8.7500000e+00   3.9065253e-02
   8.7600000e+00   3.9000595e-02
   8.7700000e+00   3.8936100e-02
   8.7800000e+00   3.8871768e-02
   8.7900000e+00   3.8807598e-02
   8.8000000e+00   3.8743589e-02
   8.8100000e+00   3.8679741e-02
   8.8200000e+00   3.8616054e-02
   8.8300000e+00   3.8552527e-02
   8.8400000e+00   3.8489159e-02
   8.8500000e+00   3.8425950e-02
   8.8600000e+00   3.8362899e-02
   8.8700000e+00   3.8300005e-02
   8.8800000e+00   3.8237270e-02
   8.8900000e+00   3.8174690e-02
   8.9000000e+00   3.8112267e-02
   8.9100000e+00   3.8050000e-02
   8.9200000e+00   3.7987887e-02
   8.9300000e+00   3.7925929e-02
   8.9400000e+00   3.7864126e-02
   8.9500000e+00   3.7802475e-02
   8.9600000e+00   3.7740978e-02
   8.9700000e+00   3.7679633e-02
   8.9800000e+00   3.7618441e-02
   8.9900000e+00   3.7557399e-02
   9.0000000e+00   3.7496509e-02
   9.0100000e+00   3.7435769e-02
   9.0200000e+00   3.7375179e-02
   9.0300000e+00   3.7314739e-02
   9.0400000e+00   3.7254447e-02
   9.0500000e+00   3.7194304e-02
   9.0600000e+00   3.7134309e-02
   9.0700000e+00   3.7074462e-02
   9.0800000e+00   3.7014761e-02
   9.0900000e+00   3.6955207e-02
   9.1000000e+00   3.6895799e-02
   9.1100000e+00   3.6836537e-02
   9.1200000e+00   3.6777419e-02
   9.1300000e+00   3.6718446e-02
   9.1400000e+00   3.6659617e-02
   9.1500000e+00   3.6600932e-02
   9.1600000e+00   3.6542390e-02
   9.1700000e+00   3.6483991e-02
   9.1800000e+00   3.6425733e-02
   9.1900000e+00   3.6367618e-02
   9.2000000e+00   3.6309644e-02
   9.2100000e+00   3.6251810e-02
   9.2200000e+00   3.6194117e-02
   9.2300000e+00   3.6136564e-02
   9.2400000e+00   3.6079150e-02
   9.2500000e+00   3.6021875e-02
   9.2600000e+00   3.5964739e-02
   9.2700000e+00   3.5907741e-02
   9.2800000e+00   3.5850880e-02
   9.2900000e+00   3.5794156e-02
   9.3000000e+00   3.5737569e-02
   9.3100000e+00   3.5681119e-02
   9.3200000e+00   3.5624804e-02
   9.3300000e+00   3.5568624e-02
   9.3400000e+00   3.5512580e-02
   9.3500000e+00   3.5456670e-02
   9.3600000e+00   3.5400894e-02
   9.3700000e+00   3.5345252e-02
   9.3800000e+00   3.5289742e-02
   9.3900000e+00   3.5234366e-02
   9.4000000e+00   3.5179122e-02
   9.4100000e+00   3.5124010e-02
   9.4200000e+00   3.5069029e-02
   9.4300000e+00   3.5014179e-02
   9.4400000e+00   3.4959460e-02
   9.4500000e+00   3.4904871e-02
   9.4600000e+00   3.4850412e-02
   9.4700000e+00   3.4796083e-02
   9.4800000e+00   3.4741882e-02
   9.4900000e+00   3.4687810e-02
   9.5000000e+00   3.4633865e-02
   9.5100000e+00   3.4580049e-02
   9.5200000e+00   3.4526360e-02
   9.5300000e+00   3.4472798e-02
   9.5400000e+00   3.4419362e-02
   9.5500000e+00   3.4366053e-02
   9.5600000e+00   3.4312869e-02
   9.5700000e+00   3.4259810e-02
   9.5800000e+00   3.4206876e-02
   9.5900000e+00   3.4154067e-02
   9.6000000e+00   3.4101382e-02
   9.6100000e+00   3.4048821e-02
   9.6200000e+00   3.3996382e-02
   9.6300000e+00   3.3944067e-02
   9.6400000e+00   3.3891874e-02
   9.6500000e+00   3.3839804e-02
   9.6600000e+00   3.3787855e-02
   9.6700000e+00   3.3736028e-02
   9.6800000e+00   3.3684321e-02
   9.6900000e+00   3.3632735e-02
   9.7000000e+00   3.3581270e-02
   9.7100000e+00   3.3529924e-02
   9.7200000e+00   3.3478698e-02
   9.7300000e+00   3.3427590e-02
   9.7400000e+00   3.3376602e-02
   9.7500000e+00   3.3325732e-02
   9.7600000e+00   3.3274980e-02
   9.7700000e+00   3.3224345e-02
   9.7800000e+00   3.3173828e-02
   9.7900000e+00   3.3123427e-02
   9.8000000e+00   3.3073143e-02
   9.8100000e+00   3.3022975e-02
   9.8200000e+00   3.2972923e-02
   9.8300000e+00   3.2922987e-02
   9.8400000e+00   3.2873165e-02
   9.8500000e+00   3.2823458e-02
   9.8600000e+00   3.2773866e-02
   9.8700000e+00   3.2724387e-02
   9.8800000e+00   3.2675022e-02
   9.8900000e+00   3.2625770e-02
   9.9000000e+00   3.2576632e-02
   9.9100000e+00   3.2527605e-02
   9.9200000e+00   3.2478691e-02
   9.9300000e+00   3.2429889e-02
   9.9400000e+00   3.2381199e-02
   9.9500000e+00   3.2332620e-02
   9.9600000e+00   3.2284151e-02
   9.9700000e+00   3.2235793e-02
   9.9800000e+00   3.2187545e-02
   9.9900000e+00   3.2139407e-02
   1.0000000e+01   3.2091379e-02
