   1.0000000e-02   9.9329025e-01
   2.0000000e-02   9.8649968e-01
   3.0000000e-02   9.7963611e-01
   4.0000000e-02   9.7270709e-01
   5.0000000e-02   9.6571991e-01
   6.0000000e-02   9.5868155e-01
   7.0000000e-02   9.5159876e-01
   8.0000000e-02   9.4447796e-01
   9.0000000e-02   9.3732533e-01
   1.0000000e-01   9.3014677e-01
   1.1000000e-01   9.2294791e-01
   1.2000000e-01   9.1573412e-01
   1.3000000e-01   9.0851051e-01
   1.4000000e-01   9.0128192e-01
   1.5000000e-01   8.9405297e-01
   1.6000000e-01   8.8682801e-01
   1.7000000e-01   8.7961118e-01
   1.8000000e-01   8.7240637e-01
   1.9000000e-01   8.6521726e-01
   2.0000000e-01   8.5804732e-01
   2.1000000e-01   8.5089980e-01
   2.2000000e-01   8.4377777e-01
   2.3000000e-01   8.3668409e-01
   2.4000000e-01   8.2962144e-01
   2.5000000e-01   8.2259232e-01
   2.6000000e-01   8.1559908e-01
   2.7000000e-01   8.0864388e-01
   2.8000000e-01   8.0172875e-01
   2.9000000e-01   7.9485553e-01
   3.0000000e-01   7.8802597e-01
   3.1000000e-01   7.8124165e-01
   3.2000000e-01   7.7450402e-01
   3.3000000e-01   7.6781444e-01
   3.4000000e-01   7.6117410e-01
   3.5000000e-01   7.5458414e-01
   3.6000000e-01   7.4804553e-01
   3.7000000e-01   7.4155920e-01
   3.8000000e-01   7.3512594e-01
   3.9000000e-01   7.2874647e-01
   4.0000000e-01   7.2242143e-01
   4.1000000e-01   7.1615137e-01
   4.2000000e-01   7.0993676e-01
   4.3000000e-01   7.0377801e-01
   4.4000000e-01   6.9767546e-01
   4.5000000e-01   6.9162938e-01
   4.6000000e-01   6.8563999e-01
   4.7000000e-01   6.7970744e-01
   4.8000000e-01   6.7383183e-01
   4.9000000e-01   6.6801324e-01
   5.0000000e-01   6.6225166e-01
   5.1000000e-01   6.5654706e-01
   5.2000000e-01   6.5089936e-01
   5.3000000e-01   6.4530846e-01
   5.4000000e-01   6.3977421e-01
   5.5000000e-01   6.3429643e-01
   5.6000000e-01   6.2887490e-01
   5.7000000e-01   6.2350939e-01
   5.8000000e-01   6.1819963e-01
   5.9000000e-01   6.1294534e-01
   6.0000000e-01   6.0774619e-01
   6.1000000e-01   6.0260186e-01
   6.2000000e-01   5.9751199e-01
   6.3000000e-01   5.9247621e-01
   6.4000000e-01   5.8749414e-01
   6.5000000e-01   5.8256537e-01
   6.6000000e-01   5.7768950e-01
   6.7000000e-01   5.7286608e-01
   6.8000000e-01   5.6809470e-01
   6.9000000e-01   5.6337489e-01
   7.0000000e-01   5.5870621e-01
   7.1000000e-01   5.5408819e-01
   7.2000000e-01   5.4952036e-01
   7.3000000e-01   5.4500223e-01
   7.4000000e-01   5.4053333e-01
   7.5000000e-01   5.3611318e-01
   7.6000000e-01   5.3174127e-01
   7.7000000e-01   5.2741713e-01
   7.8000000e-01   5.2314024e-01
   7.9000000e-01   5.1891011e-01
   8.0000000e-01   5.1472625e-01
   8.1000000e-01   5.1058815e-01
   8.2000000e-01   5.0649530e-01
   8.3000000e-01   5.0244722e-01
   8.4000000e-01   4.9844340e-01
   8.5000000e-01   4.9448333e-01
   8.6000000e-01   4.9056653e-01
   8.7000000e-01   4.8669249e-01
   8.8000000e-01   4.8286072e-01
   8.9000000e-01   4.7907073e-01
   9.0000000e-01   4.7532203e-01
   9.1000000e-01   4.7161412e-01
   9.2000000e-01   4.6794653e-01
   9.3000000e-01   4.6431877e-01
   9.4000000e-01   4.6073036e-01
   9.5000000e-01   4.5718083e-01
   9.6000000e-01   4.5366971e-01
   9.7000000e-01   4.5019653e-01
   9.8000000e-01   4.4676082e-01
   9.9000000e-01   4.4336213e-01
   1.0000000e+00   4.4000000e-01
   1.0100000e+00   4.3667398e-01
   1.0200000e+00   4.3338362e-01
   1.0300000e+00   4.3012848e-01
   1.0400000e+00   4.2690812e-01
   1.0500000e+00   4.2372211e-01
   1.0600000e+00   4.2057002e-01
   1.0700000e+00   4.1745142e-01
   1.0800000e+00   4.1436590e-01
   1.0900000e+00   4.1131303e-01
   1.1000000e+00   4.0829241e-01
   1.1100000e+00   4.0530363e-01
   1.1200000e+00   4.0234629e-01
   1.1300000e+00   3.9942000e-01
   1.1400000e+00   3.9652435e-01
   1.1500000e+00   3.9365897e-01
   1.1600000e+00   3.9082347e-01
   1.1700000e+00   3.8801748e-01
   1.1800000e+00   3.8524062e-01
   1.1900000e+00   3.8249252e-01
   1.2000000e+00   3.7977282e-01
   1.2100000e+00   3.7708116e-01
   1.2200000e+00   3.7441719e-01
   1.2300000e+00   3.7178055e-01
   1.2400000e+00   3.6917090e-01
   1.2500000e+00   3.6658790e-01
   1.2600000e+00   3.6403121e-01
   1.2700000e+00   3.6150050e-01
   1.2800000e+00   3.5899545e-01
   1.2900000e+00   3.5651572e-01
   1.3000000e+00   3.5406101e-01
   1.3100000e+00   3.5163099e-01
   1.3200000e+00   3.4922536e-01
   1.3300000e+00   3.4684381e-01
   1.3400000e+00   3.4448603e-01
   1.3500000e+00   3.4215174e-01
   1.3600000e+00   3.3984063e-01
   1.3700000e+00   3.3755241e-01
   1.3800000e+00   3.3528681e-01
   1.3900000e+00   3.3304353e-01
   1.4000000e+00   3.3082231e-01
   1.4100000e+00   3.2862286e-01
   1.4200000e+00   3.2644491e-01
   1.4300000e+00   3.2428820e-01
   1.4400000e+00   3.2215247e-01
   1.4500000e+00   3.2003746e-01
   1.4600000e+00   3.1794291e-01
   1.4700000e+00   3.1586856e-01
   1.4800000e+00   3.1381418e-01
   1.4900000e+00   3.1177951e-01
   1.5000000e+00   3.0976431e-01
   1.5100000e+00   3.0776835e-01
   1.5200000e+00   3.0579139e-01
   1.5300000e+00   3.0383319e-01
   1.5400000e+00   3.0189354e-01
   1.5500000e+00   2.9997220e-01
   1.5600000e+00   2.9806895e-01
   1.5700000e+00   2.9618357e-01
   1.5800000e+00   2.9431586e-01
   1.5900000e+00   2.9246558e-01
   1.6000000e+00   2.9063255e-01
   1.6100000e+00   2.8881653e-01
   1.6200000e+00   2.8701735e-01
   1.6300000e+00   2.8523478e-01
   1.6400000e+00   2.8346864e-01
   1.6500000e+00   2.8171872e-01
   1.6600000e+00   2.7998484e-01
   1.6700000e+00   2.7826681e-01
   1.6800000e+00   2.7656443e-01
   1.6900000e+00   2.7487753e-01
   1.7000000e+00   2.7320591e-01
   1.7100000e+00   2.7154940e-01
   1.7200000e+00   2.6990783e-01
   1.7300000e+00   2.6828101e-01
   1.7400000e+00   2.6666878e-01
   1.7500000e+00   2.6507097e-01
   1.7600000e+00   2.6348740e-01
   1.7700000e+00   2.6191791e-01
   1.7800000e+00   2.6036234e-01
   1.7900000e+00   2.5882053e-01
   1.8000000e+00   2.5729232e-01
   1.8100000e+00   2.5577755e-01
   1.8200000e+00   2.5427607e-01
   1.8300000e+00   2.5278772e-01
   1.8400000e+00   2.5131236e-01
   1.8500000e+00   2.4984984e-01
   1.8600000e+00   2.4840001e-01
   1.8700000e+00   2.4696273e-01
   1.8800000e+00   2.4553785e-01
   1.8900000e+00   2.4412524e-01
   1.9000000e+00   2.4272476e-01
   1.9100000e+00   2.4133627e-01
   1.9200000e+00   2.3995963e-01
   1.9300000e+00   2.3859472e-01
   1.9400000e+00   2.3724139e-01
   1.9500000e+00   2.3589954e-01
   1.9600000e+00   2.3456902e-01
   1.9700000e+00   2.3324970e-01
   1.9800000e+00   2.3194148e-01
   1.9900000e+00   2.3064422e-01
   2.0000000e+00   2.2935780e-01
   2.0100000e+00   2.2808210e-01
   2.0200000e+00   2.2681702e-01
   2.0300000e+00   2.2556242e-01
   2.0400000e+00   2.2431820e-01
   2.0500000e+00   2.2308424e-01
   2.0600000e+00   2.2186043e-01
   2.0700000e+00   2.2064666e-01
   2.0800000e+00   2.1944283e-01
   2.0900000e+00   2.1824882e-01
   2.1000000e+00   2.1706454e-01
   2.1100000e+00   2.1588987e-01
   2.1200000e+00   2.1472471e-01
   2.1300000e+00   2.1356896e-01
   2.1400000e+00   2.1242253e-01
   2.1500000e+00   2.1128531e-01
   2.1600000e+00   2.1015720e-01
   2.1700000e+00   2.0903811e-01
   2.1800000e+00   2.0792794e-01
   2.1900000e+00   2.0682661e-01
   2.2000000e+00   2.0573401e-01
   2.2100000e+00   2.0465005e-01
   2.2200000e+00   2.0357465e-01
   2.2300000e+00   2.0250771e-01
   2.2400000e+00   2.0144915e-01
   2.2500000e+00   2.0039888e-01
   2.2600000e+00   1.9935682e-01
   2.2700000e+00   1.9832287e-01
   2.2800000e+00   1.9729696e-01
   2.2900000e+00   1.9627901e-01
   2.3000000e+00   1.9526892e-01
   2.3100000e+00   1.9426663e-01
   2.3200000e+00   1.9327205e-01
   2.3300000e+00   1.9228510e-01
   2.3400000e+00   1.9130571e-01
   2.3500000e+00   1.9033379e-01
   2.3600000e+00   1.8936928e-01
   2.3700000e+00   1.8841210e-01
   2.3800000e+00   1.8746218e-01
   2.3900000e+00   1.8651943e-01
   2.4000000e+00   1.8558380e-01
   2.4100000e+00   1.8465520e-01
   2.4200000e+00   1.8373357e-01
   2.4300000e+00   1.8281884e-01
   2.4400000e+00   1.8191095e-01
   2.4500000e+00   1.8100981e-01
   2.4600000e+00   1.8011538e-01
   2.4700000e+00   1.7922757e-01
   2.4800000e+00   1.7834633e-01
   2.4900000e+00   1.7747159e-01
   2.5000000e+00   1.7660329e-01
   2.5100000e+00   1.7574136e-01
   2.5200000e+00   1.7488574e-01
   2.5300000e+00   1.7403638e-01
   2.5400000e+00   1.7319320e-01
   2.5500000e+00   1.7235616e-01
   2.5600000e+00   1.7152519e-01
   2.5700000e+00   1.7070023e-01
   2.5800000e+00   1.6988122e-01
   2.5900000e+00   1.6906811e-01
   2.6000000e+00   1.6826085e-01
   2.6100000e+00   1.6745937e-01
   2.6200000e+00   1.6666362e-01
   2.6300000e+00   1.6587354e-01
   2.6400000e+00   1.6508909e-01
   2.6500000e+00   1.6431021e-01
   2.6600000e+00   1.6353685e-01
   2.6700000e+00   1.6276895e-01
   2.6800000e+00   1.6200646e-01
   2.6900000e+00   1.6124934e-01
   2.7000000e+00   1.6049753e-01
   2.7100000e+00   1.5975098e-01
   2.7200000e+00   1.5900965e-01
   2.7300000e+00   1.5827348e-01
   2.7400000e+00   1.5754243e-01
   2.7500000e+00   1.5681645e-01
   2.7600000e+00   1.5609550e-01
   2.7700000e+00   1.5537952e-01
   2.7800000e+00   1.5466847e-01
   2.7900000e+00   1.5396231e-01
   2.8000000e+00   1.5326099e-01
   2.8100000e+00   1.5256447e-01
   2.8200000e+00   1.5187271e-01
   2.8300000e+00   1.5118565e-01
   2.8400000e+00   1.5050327e-01
   2.8500000e+00   1.4982551e-01
   2.8600000e+00   1.4915233e-01
   2.8700000e+00   1.4848370e-01
   2.8800000e+00   1.4781957e-01
   2.8900000e+00   1.4715990e-01
   2.9000000e+00   1.4650465e-01
   2.9100000e+00   1.4585378e-01
   2.9200000e+00   1.4520726e-01
   2.9300000e+00   1.4456505e-01
   2.9400000e+00   1.4392710e-01
   2.9500000e+00   1.4329338e-01
   2.9600000e+00   1.4266385e-01
   2.9700000e+00   1.4203847e-01
   2.9800000e+00   1.4141722e-01
   2.9900000e+00   1.4080004e-01
   3.0000000e+00   1.4018692e-01
   3.0100000e+00   1.3957780e-01
   3.0200000e+00   1.3897266e-01
   3.0300000e+00   1.3837146e-01
   3.0400000e+00   1.3777417e-01
   3.0500000e+00   1.3718075e-01
   3.0600000e+00   1.3659117e-01
   3.0700000e+00   1.3600540e-01
   3.0800000e+00   1.3542341e-01
   3.0900000e+00   1.3484515e-01
   3.1000000e+00   1.3427061e-01
   3.1100000e+00   1.3369974e-01
   3.1200000e+00   1.3313252e-01
   3.1300000e+00   1.3256892e-01
   3.1400000e+00   1.3200890e-01
   3.1500000e+00   1.3145243e-01
   3.1600000e+00   1.3089949e-01
   3.1700000e+00   1.3035005e-01
   3.1800000e+00   1.2980407e-01
   3.1900000e+00   1.2926152e-01
   3.2000000e+00   1.2872239e-01
   3.2100000e+00   1.2818663e-01
   3.2200000e+00   1.2765422e-01
   3.2300000e+00   1.2712514e-01
   3.2400000e+00   1.2659935e-01
   3.2500000e+00   1.2607683e-01
   3.2600000e+00   1.2555754e-01
   3.2700000e+00   1.2504148e-01
   3.2800000e+00   1.2452860e-01
   3.2900000e+00   1.2401888e-01
   3.3000000e+00   1.2351229e-01
   3.3100000e+00   1.2300882e-01
   3.3200000e+00   1.2250843e-01
   3.3300000e+00   1.2201110e-01
   3.3400000e+00   1.2151680e-01
   3.3500000e+00   1.2102551e-01
   3.3600000e+00   1.2053721e-01
   3.3700000e+00   1.2005186e-01
   3.3800000e+00   1.1956946e-01
   3.3900000e+00   1.1908996e-01
   3.4000000e+00   1.1861336e-01
   3.4100000e+00   1.1813962e-01
   3.4200000e+00   1.1766873e-01
   3.4300000e+00   1.1720065e-01
   3.4400000e+00   1.1673538e-01
   3.4500000e+00   1.1627288e-01
   3.4600000e+00   1.1581313e-01
   3.4700000e+00   1.1535611e-01
   3.4800000e+00   1.1490181e-01
   3.4900000e+00   1.1445019e-01
   3.5000000e+00   1.1400124e-01
   3.5100000e+00   1.1355494e-01
   3.5200000e+00   1.1311127e-01
   3.5300000e+00   1.1267019e-01
   3.5400000e+00   1.1223171e-01
   3.5500000e+00   1.1179578e-01
   3.5600000e+00   1.1136240e-01
   3.5700000e+00   1.1093155e-01
   3.5800000e+00   1.1050320e-01
   3.5900000e+00   1.1007734e-01
   3.6000000e+00   1.0965394e-01
   3.6100000e+00   1.0923299e-01
   3.6200000e+00   1.0881447e-01
   3.6300000e+00   1.0839836e-01
   3.6400000e+00   1.0798464e-01
   3.6500000e+00   1.0757329e-01
   3.6600000e+00   1.0716430e-01
   3.6700000e+00   1.0675764e-01
   3.6800000e+00   1.0635331e-01
   3.6900000e+00   1.0595127e-01
   3.7000000e+00   1.0555152e-01
   3.7100000e+00   1.0515403e-01
   3.7200000e+00   1.0475880e-01
   3.7300000e+00   1.0436579e-01
   3.7400000e+00   1.0397500e-01
   3.7500000e+00   1.0358641e-01
   3.7600000e+00   1.0320001e-01
   3.7700000e+00   1.0281577e-01
   3.7800000e+00   1.0243367e-01
   3.7900000e+00   1.0205372e-01
   3.8000000e+00   1.0167588e-01
   3.8100000e+00   1.0130014e-01
   3.8200000e+00   1.0092649e-01
   3.8300000e+00   1.0055491e-01
   3.8400000e+00   1.0018539e-01
   3.8500000e+00   9.9817902e-02
   3.8600000e+00   9.9452444e-02
   3.8700000e+00   9.9088996e-02
   3.8800000e+00   9.8727545e-02
   3.8900000e+00   9.8368074e-02
   3.9000000e+00   9.8010571e-02
   3.9100000e+00   9.7655020e-02
   3.9200000e+00   9.7301407e-02
   3.9300000e+00   9.6949718e-02
   3.9400000e+00   9.6599939e-02
   3.9500000e+00   9.6252057e-02
   3.9600000e+00   9.5906057e-02
   3.9700000e+00   9.5561926e-02
   3.9800000e+00   9.5219650e-02
   3.9900000e+00   9.4879217e-02
   4.0000000e+00   9.4540613e-02
   4.0100000e+00   9.4203824e-02
   4.0200000e+00   9.3868838e-02
   4.0300000e+00   9.3535642e-02
   4.0400000e+00   9.3204223e-02
   4.0500000e+00   9.2874569e-02
   4.0600000e+00   9.2546666e-02
   4.0700000e+00   9.2220503e-02
   4.0800000e+00   9.1896068e-02
   4.0900000e+00   9.1573347e-02
   4.1000000e+00   9.1252329e-02
   4.1100000e+00   9.0933002e-02
   4.1200000e+00   9.0615355e-02
   4.1300000e+00   9.0299374e-02
   4.1400000e+00   8.9985049e-02
   4.1500000e+00   8.9672368e-02
   4.1600000e+00   8.9361320e-02
   4.1700000e+00   8.9051893e-02
   4.1800000e+00   8.8744075e-02
   4.1900000e+00   8.8437857e-02
   4.2000000e+00   8.8133226e-02
   4.2100000e+00   8.7830171e-02
   4.2200000e+00   8.7528682e-02
   4.2300000e+00   8.7228749e-02
   4.2400000e+00   8.6930359e-02
   4.2500000e+00   8.6633503e-02
   4.2600000e+00   8.6338170e-02
   4.2700000e+00   8.6044350e-02
   4.2800000e+00   8.5752032e-02
   4.2900000e+00   8.5461207e-02
   4.3000000e+00   8.5171863e-02
   4.3100000e+00   8.4883991e-02
   4.3200000e+00   8.4597581e-02
   4.3300000e+00   8.4312623e-02
   4.3400000e+00   8.4029107e-02
   4.3500000e+00   8.3747023e-02
   4.3600000e+00   8.3466362e-02
   4.3700000e+00   8.3187114e-02
   4.3800000e+00   8.2909270e-02
   4.3900000e+00   8.2632820e-02
   4.4000000e+00   8.2357755e-02
   4.4100000e+00   8.2084066e-02
   4.4200000e+00   8.1811743e-02
   4.4300000e+00   8.1540778e-02
   4.4400000e+00   8.1271160e-02
   4.4500000e+00   8.1002882e-02
   4.4600000e+00   8.0735935e-02
   4.4700000e+00   8.0470309e-02
   4.4800000e+00   8.0205996e-02
   4.4900000e+00   7.9942988e-02
   4.5000000e+00   7.9681275e-02
   4.5100000e+00   7.9420849e-02
   4.5200000e+00   7.9161702e-02
   4.5300000e+00   7.8903826e-02
   4.5400000e+00   7.8647211e-02
   4.5500000e+00   7.8391850e-02
   4.5600000e+00   7.8137735e-02
   4.5700000e+00   7.7884857e-02
   4.5800000e+00   7.7633209e-02
   4.5900000e+00   7.7382782e-02
   4.6000000e+00   7.7133569e-02
   4.6100000e+00   7.6885561e-02
   4.6200000e+00   7.6638752e-02
   4.6300000e+00   7.6393133e-02
   4.6400000e+00   7.6148696e-02
   4.6500000e+00   7.5905434e-02
   4.6600000e+00   7.5663339e-02
   4.6700000e+00   7.5422405e-02
   4.6800000e+00   7.5182623e-02
   4.6900000e+00   7.4943986e-02
   4.7000000e+00   7.4706487e-02
   4.7100000e+00   7.4470119e-02
   4.7200000e+00   7.4234874e-02
   4.7300000e+00   7.4000745e-02
   4.7400000e+00   7.3767725e-02
   4.7500000e+00   7.3535808e-02
   4.7600000e+00   7.3304986e-02
   4.7700000e+00   7.3075253e-02
   4.7800000e+00   7.2846601e-02
   4.7900000e+00   7.2619023e-02
   4.8000000e+00   7.2392514e-02
   4.8100000e+00   7.2167066e-02
   4.8200000e+00   7.1942672e-02
   4.8300000e+00   7.1719327e-02
   4.8400000e+00   7.1497023e-02
   4.8500000e+00   7.1275754e-02
   4.8600000e+00   7.1055514e-02
   4.8700000e+00   7.0836296e-02
   4.8800000e+00   7.0618094e-02
   4.8900000e+00   7.0400901e-02
   4.9000000e+00   7.0184712e-02
   4.9100000e+00   6.9969520e-02
   4.9200000e+00   6.9755319e-02
   4.9300000e+00   6.9542103e-02
   4.9400000e+00   6.9329866e-02
   4.9500000e+00   6.9118602e-02
   4.9600000e+00   6.8908305e-02
   4.9700000e+00   6.8698969e-02
   4.9800000e+00   6.8490588e-02
   4.9900000e+00   6.8283157e-02
   5.0000000e+00   6.8076669e-02
   5.0100000e+00   6.7871119e-02
   5.0200000e+00   6.7666501e-02
   5.0300000e+00   6.7462810e-02
   5.0400000e+00   6.7260039e-02
   5.0500000e+00   6.7058185e-02
   5.0600000e+00   6.6857239e-02
   5.0700000e+00   6.6657199e-02
   5.0800000e+00   6.6458057e-02
   5.0900000e+00   6.6259809e-02
   5.1000000e+00   6.6062449e-02
   5.1100000e+00   6.5865972e-02
   5.1200000e+00   6.5670373e-02
   5.1300000e+00   6.5475646e-02
   5.1400000e+00   6.5281786e-02
   5.1500000e+00   6.5088789e-02
   5.1600000e+00   6.4896648e-02
   5.1700000e+00   6.4705359e-02
   5.1800000e+00   6.4514917e-02
   5.1900000e+00   6.4325317e-02
   5.2000000e+00   6.4136554e-02
   5.2100000e+00   6.3948622e-02
   5.2200000e+00   6.3761518e-02
   5.2300000e+00   6.3575236e-02
   5.2400000e+00   6.3389771e-02
   5.2500000e+00   6.3205119e-02
   5.2600000e+00   6.3021274e-02
   5.2700000e+00   6.2838233e-02
   5.2800000e+00   6.2655990e-02
   5.2900000e+00   6.2474541e-02
   5.3000000e+00   6.2293881e-02
   5.3100000e+00   6.2114006e-02
   5.3200000e+00   6.1934910e-02
   5.3300000e+00   6.1756591e-02
   5.3400000e+00   6.1579042e-02
   5.3500000e+00   6.1402259e-02
   5.3600000e+00   6.1226239e-02
   5.3700000e+00   6.1050977e-02
   5.3800000e+00   6.0876468e-02
   5.3900000e+00   6.0702709e-02
   5.4000000e+00   6.0529694e-02
   5.4100000e+00   6.0357419e-02
   5.4200000e+00   6.0185881e-02
   5.4300000e+00   6.0015075e-02
   5.4400000e+00   5.9844997e-02
   5.4500000e+00   5.9675643e-02
   5.4600000e+00   5.9507008e-02
   5.4700000e+00   5.9339090e-02
   5.4800000e+00   5.9171882e-02
   5.4900000e+00   5.9005383e-02
   5.5000000e+00   5.8839586e-02
   5.5100000e+00   5.8674490e-02
   5.5200000e+00   5.8510089e-02
   5.5300000e+00   5.8346379e-02
   5.5400000e+00   5.8183358e-02
   5.5500000e+00   5.8021021e-02
   5.5600000e+00   5.7859363e-02
   5.5700000e+00   5.7698382e-02
   5.5800000e+00   5.7538074e-02
   5.5900000e+00   5.7378434e-02
   5.6000000e+00   5.7219460e-02
   5.6100000e+00   5.7061147e-02
   5.6200000e+00   5.6903492e-02
   5.6300000e+00   5.6746490e-02
   5.6400000e+00   5.6590140e-02
   5.6500000e+00   5.6434436e-02
   5.6600000e+00   5.6279375e-02
   5.6700000e+00   5.6124954e-02
   5.6800000e+00   5.5971170e-02
   5.6900000e+00   5.5818018e-02
   5.7000000e+00   5.5665495e-02
   5.7100000e+00   5.5513598e-02
   5.7200000e+00   5.5362324e-02
   5.7300000e+00   5.5211669e-02
   5.7400000e+00   5.5061629e-02
   5.7500000e+00   5.4912201e-02
   5.7600000e+00   5.4763382e-02
   5.7700000e+00   5.4615169e-02
   5.7800000e+00   5.4467558e-02
   5.7900000e+00   5.4320547e-02
   5.8000000e+00   5.4174131e-02
   5.8100000e+00   5.4028307e-02
   5.8200000e+00   5.3883073e-02
   5.8300000e+00   5.3738425e-02
   5.8400000e+00   5.3594360e-02
   5.8500000e+00   5.3450876e-02
   5.8600000e+00   5.3307967e-02
   5.8700000e+00   5.3165633e-02
   5.8800000e+00   5.3023869e-02
   5.8900000e+00   5.2882673e-02
   5.9000000e+00   5.2742041e-02
   5.9100000e+00   5.2601971e-02
   5.9200000e+00   5.2462459e-02
   5.9300000e+00   5.2323503e-02
   5.9400000e+00   5.2185100e-02
   5.9500000e+00   5.2047246e-02
   5.9600000e+00   5.1909939e-02
   5.9700000e+00   5.1773175e-02
   5.9800000e+00   5.1636953e-02
   5.9900000e+00   5.1501269e-02
   6.0000000e+00   5.1366120e-02
   6.0100000e+00   5.1231504e-02
   6.0200000e+00   5.1097417e-02
   6.0300000e+00   5.0963857e-02
   6.0400000e+00   5.0830822e-02
   6.0500000e+00   5.0698308e-02
   6.0600000e+00   5.0566312e-02
   6.0700000e+00   5.0434832e-02
   6.0800000e+00   5.0303866e-02
   6.0900000e+00   5.0173410e-02
   6.1000000e+00   5.0043463e-02
   6.1100000e+00   4.9914020e-02
   6.1200000e+00   4.9785080e-02
   6.1300000e+00   4.9656640e-02
   6.1400000e+00   4.9528698e-02
   6.1500000e+00   4.9401251e-02
   6.1600000e+00   4.9274296e-02
   6.1700000e+00   4.9147831e-02
   6.1800000e+00   4.9021853e-02
   6.1900000e+00   4.8896360e-02
   6.2000000e+00   4.8771349e-02
   6.2100000e+00   4.8646818e-02
   6.2200000e+00   4.8522764e-02
   6.2300000e+00   4.8399185e-02
   6.2400000e+00   4.8276079e-02
   6.2500000e+00   4.8153443e-02
   6.2600000e+00   4.8031275e-02
   6.2700000e+00   4.7909572e-02
   6.2800000e+00   4.7788332e-02
   6.2900000e+00   4.7667552e-02
   6.3000000e+00   4.7547231e-02
   6.3100000e+00   4.7427365e-02
   6.3200000e+00   4.7307954e-02
   6.3300000e+00   4.7188993e-02
   6.3400000e+00   4.7070482e-02
   6.3500000e+00   4.6952418e-02
   6.3600000e+00   4.6834798e-02
   6.3700000e+00   4.6717620e-02
   6.3800000e+00   4.6600883e-02
   6.3900000e+00   4.6484583e-02
   6.4000000e+00   4.6368720e-02
   6.4100000e+00   4.6253289e-02
   6.4200000e+00   4.6138290e-02
   6.4300000e+00   4.6023721e-02
   6.4400000e+00   4.5909578e-02
   6.4500000e+00   4.5795860e-02
   6.4600000e+00   4.5682566e-02
   6.4700000e+00   4.5569692e-02
   6.4800000e+00   4.5457236e-02
   6.4900000e+00   4.5345197e-02
   6.5000000e+00   4.5233573e-02
   6.5100000e+00   4.5122361e-02
   6.5200000e+00   4.5011560e-02
   6.5300000e+00   4.4901167e-02
   6.5400000e+00   4.4791181e-02
   6.5500000e+00   4.4681599e-02
   6.5600000e+00   4.4572419e-02
   6.5700000e+00   4.4463640e-02
   6.5800000e+00   4.4355260e-02
   6.5900000e+00   4.4247275e-02
   6.6000000e+00   4.4139686e-02
   6.6100000e+00   4.4032489e-02
   6.6200000e+00   4.3925683e-02
   6.6300000e+00   4.3819266e-02
   6.6400000e+00   4.3713236e-02
   6.6500000e+00   4.3607591e-02
   6.6600000e+00   4.3502330e-02
   6.6700000e+00   4.3397450e-02
   6.6800000e+00   4.3292949e-02
   6.6900000e+00   4.3188826e-02
   6.7000000e+00   4.3085079e-02
   6.7100000e+00   4.2981706e-02
   6.7200000e+00   4.2878705e-02
   6.7300000e+00   4.2776075e-02
   6.7400000e+00   4.2673814e-02
   6.7500000e+00   4.2571919e-02
   6.7600000e+00   4.2470390e-02
   6.7700000e+00   4.2369224e-02
   6.7800000e+00   4.2268420e-02
   6.7900000e+00   4.2167976e-02
   6.8000000e+00   4.2067890e-02
   6.8100000e+00   4.1968161e-02
   6.8200000e+00   4.1868786e-02
   6.8300000e+00   4.1769765e-02
   6.8400000e+00   4.1671096e-02
   6.8500000e+00   4.1572776e-02
   6.8600000e+00   4.1474804e-02
   6.8700000e+00   4.1377179e-02
   6.8800000e+00   4.1279899e-02
   6.8900000e+00   4.1182962e-02
   6.9000000e+00   4.1086367e-02
   6.9100000e+00   4.0990112e-02
   6.9200000e+00   4.0894195e-02
   6.9300000e+00   4.0798616e-02
   6.9400000e+00   4.0703371e-02
   6.9500000e+00   4.0608460e-02
   6.9600000e+00   4.0513882e-02
   6.9700000e+00   4.0419634e-02
   6.9800000e+00   4.0325715e-02
   6.9900000e+00   4.0232124e-02
   7.0000000e+00   4.0138859e-02
   7.0100000e+00   4.0045918e-02
   7.0200000e+00   3.9953300e-02
   7.0300000e+00   3.9861004e-02
   7.0400000e+00   3.9769028e-02
   7.0500000e+00   3.9677370e-02
   7.0600000e+00   3.9586030e-02
   7.0700000e+00   3.9495005e-02
   7.0800000e+00   3.9404294e-02
   7.0900000e+00   3.9313896e-02
   7.1000000e+00   3.9223809e-02
   7.1100000e+00   3.9134032e-02
   7.1200000e+00   3.9044563e-02
   7.1300000e+00   3.8955402e-02
   7.1400000e+00   3.8866546e-02
   7.1500000e+00   3.8777994e-02
   7.1600000e+00   3.8689745e-02
   7.1700000e+00   3.8601797e-02
   7.1800000e+00   3.8514150e-02
   7.1900000e+00   3.8426801e-02
   7.2000000e+00   3.8339749e-02
   7.2100000e+00   3.8252994e-02
   7.2200000e+00   3.8166533e-02
   7.2300000e+00   3.8080365e-02
   7.2400000e+00   3.7994490e-02
   7.2500000e+00   3.7908905e-02
   7.2600000e+00   3.7823609e-02
   7.2700000e+00   3.7738601e-02
   7.2800000e+00   3.7653881e-02
   7.2900000e+00   3.7569445e-02
   7.3000000e+00   3.7485294e-02
   7.3100000e+00   3.7401426e-02
   7.3200000e+00   3.7317839e-02
   7.3300000e+00   3.7234532e-02
   7.3400000e+00   3.7151505e-02
   7.3500000e+00   3.7068756e-02
   7.3600000e+00   3.6986283e-02
   7.3700000e+00   3.6904086e-02
   7.3800000e+00   3.6822162e-02
   7.3900000e+00   3.6740512e-02
   7.4000000e+00   3.6659133e-02
   7.4100000e+00   3.6578025e-02
   7.4200000e+00   3.6497187e-02
   7.4300000e+00   3.6416616e-02
   7.4400000e+00   3.6336312e-02
   7.4500000e+00   3.6256274e-02
   7.4600000e+00   3.6176501e-02
   7.4700000e+00   3.6096991e-02
   7.4800000e+00   3.6017743e-02
   7.4900000e+00   3.5938757e-02
   7.5000000e+00   3.5860030e-02
   7.5100000e+00   3.5781562e-02
   7.5200000e+00   3.5703352e-02
   7.5300000e+00   3.5625399e-02
   7.5400000e+00   3.5547701e-02
   7.5500000e+00   3.5470257e-02
   7.5600000e+00   3.5393066e-02
   7.5700000e+00   3.5316128e-02
   7.5800000e+00   3.5239440e-02
   7.5900000e+00   3.5163003e-02
   7.6000000e+00   3.5086814e-02
   7.6100000e+00   3.5010873e-02
   7.6200000e+00   3.4935178e-02
   7.6300000e+00   3.4859730e-02
   7.6400000e+00   3.4784525e-02
   7.6500000e+00   3.4709565e-02
   7.6600000e+00   3.4634846e-02
   7.6700000e+00   3.4560369e-02
   7.6800000e+00   3.4486133e-02
   7.6900000e+00   3.4412135e-02
   7.7000000e+00   3.4338376e-02
   7.7100000e+00   3.4264855e-02
   7.7200000e+00   3.4191569e-02
   7.7300000e+00   3.4118519e-02
   7.7400000e+00   3.4045703e-02
   7.7500000e+00   3.3973120e-02
   7.7600000e+00   3.3900769e-02
   7.7700000e+00   3.3828650e-02
   7.7800000e+00   3.3756760e-02
   7.7900000e+00   3.3685100e-02
   7.8000000e+00   3.3613669e-02
   7.8100000e+00   3.3542464e-02
   7.8200000e+00   3.3471486e-02
   7.8300000e+00   3.3400734e-02
   7.8400000e+00   3.3330206e-02
   7.8500000e+00   3.3259901e-02
   7.8600000e+00   3.3189819e-02
   7.8700000e+00   3.3119958e-02
   7.8800000e+00   3.3050318e-02
   7.8900000e+00   3.2980898e-02
   7.9000000e+00   3.2911697e-02
   7.9100000e+00   3.2842714e-02
   7.9200000e+00   3.2773947e-02
   7.9300000e+00   3.2705397e-02
   7.9400000e+00   3.2637061e-02
   7.9500000e+00   3.2568940e-02
   7.9600000e+00   3.2501033e-02
   7.9700000e+00   3.2433338e-02
   7.9800000e+00   3.2365854e-02
   7.9900000e+00   3.2298581e-02
   8.0000000e+00   3.2231518e-02
   8.0100000e+00   3.2164664e-02
   8.0200000e+00   3.2098018e-02
   8.0300000e+00   3.2031580e-02
   8.0400000e+00   3.1965347e-02
   8.0500000e+00   3.1899320e-02
   8.0600000e+00   3.1833498e-02
   8.0700000e+00   3.1767880e-02
   8.0800000e+00   3.1702464e-02
   8.0900000e+00   3.1637251e-02
   8.1000000e+00   3.1572239e-02
   8.1100000e+00   3.1507427e-02
   8.1200000e+00   3.1442815e-02
   8.1300000e+00   3.1378402e-02
   8.1400000e+00   3.1314187e-02
   8.1500000e+00   3.1250169e-02
   8.1600000e+00   3.1186348e-02
   8.1700000e+00   3.1122722e-02
   8.1800000e+00   3.1059291e-02
   8.1900000e+00   3.0996054e-02
   8.2000000e+00   3.0933010e-02
   8.2100000e+00   3.0870158e-02
   8.2200000e+00   3.0807498e-02
   8.2300000e+00   3.0745029e-02
   8.2400000e+00   3.0682750e-02
   8.2500000e+00   3.0620661e-02
   8.2600000e+00   3.0558759e-02
   8.2700000e+00   3.0497046e-02
   8.2800000e+00   3.0435520e-02
   8.2900000e+00   3.0374180e-02
   8.3000000e+00   3.0313025e-02
   8.3100000e+00   3.0252055e-02
   8.3200000e+00   3.0191269e-02
   8.3300000e+00   3.0130667e-02
   8.3400000e+00   3.0070247e-02
   8.3500000e+00   3.0010009e-02
   8.3600000e+00   2.9949951e-02
   8.3700000e+00   2.9890075e-02
   8.3800000e+00   2.9830377e-02
   8.3900000e+00   2.9770859e-02
   8.4000000e+00   2.9711519e-02
   8.4100000e+00   2.9652356e-02
   8.4200000e+00   2.9593371e-02
   8.4300000e+00   2.9534561e-02
   8.4400000e+00   2.9475926e-02
   8.4500000e+00   2.9417467e-02
   8.4600000e+00   2.9359181e-02
   8.4700000e+00   2.9301068e-02
   8.4800000e+00   2.9243128e-02
   8.4900000e+00   2.9185360e-02
   8.5000000e+00   2.9127764e-02
   8.5100000e+00   2.9070337e-02
   8.5200000e+00   2.9013081e-02
   8.5300000e+00   2.8955994e-02
   8.5400000e+00   2.8899075e-02
   8.5500000e+00   2.8842325e-02
   8.5600000e+00   2.8785741e-02
   8.5700000e+00   2.8729324e-02
   8.5800000e+00   2.8673073e-02
   8.5900000e+00   2.8616988e-02
   8.6000000e+00   2.8561066e-02
   8.6100000e+00   2.8505309e-02
   8.6200000e+00   2.8449715e-02
   8.6300000e+00   2.8394284e-02
   8.6400000e+00   2.8339015e-02
   8.6500000e+00   2.8283907e-02
   8.6600000e+00   2.8228960e-02
   8.6700000e+00   2.8174174e-02
   8.6800000e+00   2.8119547e-02
   8.6900000e+00   2.8065078e-02
   8.7000000e+00   2.8010768e-02
   8.7100000e+00   2.7956616e-02
   8.7200000e+00   2.7902621e-02
   8.7300000e+00   2.7848782e-02
   8.7400000e+00   2.7795099e-02
   8.7500000e+00   2.7741572e-02
   8.7600000e+00   2.7688199e-02
   8.7700000e+00   2.7634980e-02
   8.7800000e+00   2.7581914e-02
   8.7900000e+00   2.7529002e-02
   8.8000000e+00   2.7476242e-02
   8.8100000e+00   2.7423633e-02
   8.8200000e+00   2.7371176e-02
   8.8300000e+00   2.7318869e-02
   8.8400000e+00   2.7266712e-02
   8.8500000e+00   2.7214705e-02
   8.8600000e+00   2.7162846e-02
   8.8700000e+00   2.7111136e-02
   8.8800000e+00   2.7059573e-02
   8.8900000e+00   2.7008158e-02
   8.9000000e+00   2.6956889e-02
   8.9100000e+00   2.6905766e-02
   8.9200000e+00   2.6854789e-02
   8.9300000e+00   2.6803956e-02
   8.9400000e+00   2.6753268e-02
   8.9500000e+00   2.6702724e-02
   8.9600000e+00   2.6652323e-02
   8.9700000e+00   2.6602065e-02
   8.9800000e+00   2.6551948e-02
   8.9900000e+00   2.6501974e-02
   9.0000000e+00   2.6452141e-02
   9.0100000e+00   2.6402448e-02
   9.0200000e+00   2.6352895e-02
   9.0300000e+00   2.6303482e-02
   9.0400000e+00   2.6254208e-02
   9.0500000e+00   2.6205072e-02
   9.0600000e+00   2.6156075e-02
   9.0700000e+00   2.6107215e-02
   9.0800000e+00   2.6058491e-02
   9.0900000e+00   2.6009904e-02
   9.1000000e+00   2.5961454e-02
   9.1100000e+00   2.5913138e-02
   9.1200000e+00   2.5864957e-02
   9.1300000e+00   2.5816911e-02
   9.1400000e+00   2.5768999e-02
   9.1500000e+00   2.5721220e-02
   9.1600000e+00   2.5673574e-02
   9.1700000e+00   2.5626061e-02
   9.1800000e+00   2.5578679e-02
   9.1900000e+00   2.5531429e-02
   9.2000000e+00   2.5484310e-02
   9.2100000e+00   2.5437321e-02
   9.2200000e+00   2.5390462e-02
   9.2300000e+00   2.5343733e-02
   9.2400000e+00   2.5297133e-02
   9.2500000e+00   2.5250661e-02
   9.2600000e+00   2.5204317e-02
   9.2700000e+00   2.5158101e-02
   9.2800000e+00   2.5112012e-02
   9.2900000e+00   2.5066050e-02
   9.3000000e+00   2.5020214e-02
   9.3100000e+00   2.4974504e-02
   9.3200000e+00   2.4928919e-02
   9.3300000e+00   2.4883459e-02
   9.3400000e+00   2.4838123e-02
   9.3500000e+00   2.4792912e-02
   9.3600000e+00   2.4747823e-02
   9.3700000e+00   2.4702858e-02
   9.3800000e+00   2.4658015e-02
   9.3900000e+00   2.4613295e-02
   9.4000000e+00   2.4568696e-02
   9.4100000e+00   2.4524218e-02
   9.4200000e+00   2.4479861e-02
   9.4300000e+00   2.4435625e-02
   9.4400000e+00   2.4391508e-02
   9.4500000e+00   2.4347511e-02
   9.4600000e+00   2.4303633e-02
   9.4700000e+00   2.4259874e-02
   9.4800000e+00   2.4216232e-02
   9.4900000e+00   2.4172709e-02
   9.5000000e+00   2.4129303e-02
   9.5100000e+00   2.4086014e-02
   9.5200000e+00   2.4042841e-02
   9.5300000e+00   2.3999785e-02
   9.5400000e+00   2.3956844e-02
   9.5500000e+00   2.3914018e-02
   9.5600000e+00   2.3871308e-02
   9.5700000e+00   2.3828712e-02
   9.5800000e+00   2.3786229e-02
   9.5900000e+00   2.3743861e-02
   9.6000000e+00   2.3701605e-02
   9.6100000e+00   2.3659463e-02
   9.6200000e+00   2.3617433e-02
   9.6300000e+00   2.3575515e-02
   9.6400000e+00   2.3533708e-02
   9.6500000e+00   2.3492013e-02
   9.6600000e+00   2.3450428e-02
   9.6700000e+00   2.3408954e-02
   9.6800000e+00   2.3367590e-02
   9.6900000e+00   2.3326336e-02
   9.7000000e+00   2.3285191e-02
   9.7100000e+00   2.3244155e-02
   9.7200000e+00   2.3203227e-02
   9.7300000e+00   2.3162408e-02
   9.7400000e+00   2.3121696e-02
   9.7500000e+00   2.3081091e-02
   9.7600000e+00   2.3040594e-02
   9.7700000e+00   2.3000203e-02
   9.7800000e+00   2.2959918e-02
   9.7900000e+00   2.2919739e-02
   9.8000000e+00   2.2879666e-02
   9.8100000e+00   2.2839698e-02
   9.8200000e+00   2.2799834e-02
   9.8300000e+00   2.2760075e-02
   9.8400000e+00   2.2720420e-02
   9.8500000e+00   2.2680869e-02
   9.8600000e+00   2.2641421e-02
   9.8700000e+00   2.2602075e-02
   9.8800000e+00   2.2562833e-02
   9.8900000e+00   2.2523692e-02
   9.9000000e+00   2.2484654e-02
   9.9100000e+00   2.2445717e-02
   9.9200000e+00   2.2406881e-02
   9.9300000e+00   2.2368146e-02
   9.9400000e+00   2.2329511e-02
   9.9500000e+00   2.2290976e-02
   9.9600000e+00   2.2252542e-02
   9.9700000e+00   2.2214206e-02
   9.9800000e+00   2.2175970e-02
   9.9900000e+00   2.2137833e-02
   1.0000000e+01   2.2099793e-02
