   1.0000000e-02   4.2647275e-01
   2.0000000e-02   4.2438887e-01
   3.0000000e-02   4.2231968e-01
   4.0000000e-02   4.2026505e-01
   5.0000000e-02   4.1822487e-01
   6.0000000e-02   4.1619901e-01
   7.0000000e-02   4.1418735e-01
   8.0000000e-02   4.1218979e-01
   9.0000000e-02   4.1020620e-01
   1.0000000e-01   4.0823647e-01
   1.1000000e-01   4.0628048e-01
   1.2000000e-01   4.0433812e-01
   1.3000000e-01   4.0240928e-01
   1.4000000e-01   4.0049385e-01
   1.5000000e-01   3.9859172e-01
   1.6000000e-01   3.9670277e-01
   1.7000000e-01   3.9482690e-01
   1.8000000e-01   3.9296400e-01
   1.9000000e-01   3.9111396e-01
   2.0000000e-01   3.8927669e-01
   2.1000000e-01   3.8745206e-01
   2.2000000e-01   3.8563998e-01
   2.3000000e-01   3.8384034e-01
   2.4000000e-01   3.8205305e-01
   2.5000000e-01   3.8027799e-01
   2.6000000e-01   3.7851508e-01
   2.7000000e-01   3.7676420e-01
   2.8000000e-01   3.7502526e-01
   2.9000000e-01   3.7329816e-01
   3.0000000e-01   3.7158280e-01
   3.1000000e-01   3.6987909e-01
   3.2000000e-01   3.6818693e-01
   3.3000000e-01   3.6650622e-01
   3.4000000e-01   3.6483688e-01
   3.5000000e-01   3.6317880e-01
   3.6000000e-01   3.6153189e-01
   3.7000000e-01   3.5989607e-01
   3.8000000e-01   3.5827124e-01
   3.9000000e-01   3.5665731e-01
   4.0000000e-01   3.5505419e-01
   4.1000000e-01   3.5346179e-01
   4.2000000e-01   3.5188003e-01
   4.3000000e-01   3.5030881e-01
   4.4000000e-01   3.4874806e-01
   4.5000000e-01   3.4719768e-01
   4.6000000e-01   3.4565758e-01
   4.7000000e-01   3.4412770e-01
   4.8000000e-01   3.4260793e-01
   4.9000000e-01   3.4109821e-01
   5.0000000e-01   3.3959844e-01
   5.1000000e-01   3.3810855e-01
   5.2000000e-01   3.3662845e-01
   5.3000000e-01   3.3515807e-01
   5.4000000e-01   3.3369732e-01
   5.5000000e-01   3.3224614e-01
   5.6000000e-01   3.3080443e-01
   5.7000000e-01   3.2937212e-01
   5.8000000e-01   3.2794914e-01
   5.9000000e-01   3.2653541e-01
   6.0000000e-01   3.2513086e-01
   6.1000000e-01   3.2373541e-01
   6.2000000e-01   3.2234898e-01
   6.3000000e-01   3.2097151e-01
   6.4000000e-01   3.1960292e-01
   6.5000000e-01   3.1824314e-01
   6.6000000e-01   3.1689209e-01
   6.7000000e-01   3.1554972e-01
   6.8000000e-01   3.1421594e-01
   6.9000000e-01   3.1289070e-01
   7.0000000e-01   3.1157391e-01
   7.1000000e-01   3.1026552e-01
   7.2000000e-01   3.0896545e-01
   7.3000000e-01   3.0767364e-01
   7.4000000e-01   3.0639002e-01
   7.5000000e-01   3.0511452e-01
   7.6000000e-01   3.0384709e-01
   7.7000000e-01   3.0258766e-01
   7.8000000e-01   3.0133615e-01
   7.9000000e-01   3.0009252e-01
   8.0000000e-01   2.9885670e-01
   8.1000000e-01   2.9762861e-01
   8.2000000e-01   2.9640822e-01
   8.3000000e-01   2.9519544e-01
   8.4000000e-01   2.9399022e-01
   8.5000000e-01   2.9279251e-01
   8.6000000e-01   2.9160224e-01
   8.7000000e-01   2.9041935e-01
   8.8000000e-01   2.8924379e-01
   8.9000000e-01   2.8807549e-01
   9.0000000e-01   2.8691440e-01
   9.1000000e-01   2.8576047e-01
   9.2000000e-01   2.8461363e-01
   9.3000000e-01   2.8347384e-01
   9.4000000e-01   2.8234102e-01
   9.5000000e-01   2.8121514e-01
   9.6000000e-01   2.8009614e-01
   9.7000000e-01   2.7898396e-01
   9.8000000e-01   2.7787854e-01
   9.9000000e-01   2.7677985e-01
   1.0000000e+00   2.7568782e-01
   1.0100000e+00   2.7460240e-01
   1.0200000e+00   2.7352354e-01
   1.0300000e+00   2.7245119e-01
   1.0400000e+00   2.7138529e-01
   1.0500000e+00   2.7032581e-01
   1.0600000e+00   2.6927269e-01
   1.0700000e+00   2.6822588e-01
   1.0800000e+00   2.6718533e-01
   1.0900000e+00   2.6615099e-01
   1.1000000e+00   2.6512282e-01
   1.1100000e+00   2.6410076e-01
   1.1200000e+00   2.6308478e-01
   1.1300000e+00   2.6207482e-01
   1.1400000e+00   2.6107084e-01
   1.1500000e+00   2.6007279e-01
   1.1600000e+00   2.5908063e-01
   1.1700000e+00   2.5809431e-01
   1.1800000e+00   2.5711378e-01
   1.1900000e+00   2.5613901e-01
   1.2000000e+00   2.5516995e-01
   1.2100000e+00   2.5420656e-01
   1.2200000e+00   2.5324878e-01
   1.2300000e+00   2.5229659e-01
   1.2400000e+00   2.5134994e-01
   1.2500000e+00   2.5040878e-01
   1.2600000e+00   2.4947308e-01
   1.2700000e+00   2.4854279e-01
   1.2800000e+00   2.4761788e-01
   1.2900000e+00   2.4669829e-01
   1.3000000e+00   2.4578400e-01
   1.3100000e+00   2.4487496e-01
   1.3200000e+00   2.4397114e-01
   1.3300000e+00   2.4307249e-01
   1.3400000e+00   2.4217897e-01
   1.3500000e+00   2.4129055e-01
   1.3600000e+00   2.4040720e-01
   1.3700000e+00   2.3952886e-01
   1.3800000e+00   2.3865551e-01
   1.3900000e+00   2.3778710e-01
   1.4000000e+00   2.3692361e-01
   1.4100000e+00   2.3606499e-01
   1.4200000e+00   2.3521121e-01
   1.4300000e+00   2.3436223e-01
   1.4400000e+00   2.3351802e-01
   1.4500000e+00   2.3267854e-01
   1.4600000e+00   2.3184376e-01
   1.4700000e+00   2.3101364e-01
   1.4800000e+00   2.3018815e-01
   1.4900000e+00   2.2936726e-01
   1.5000000e+00   2.2855092e-01
   1.5100000e+00   2.2773912e-01
   1.5200000e+00   2.2693181e-01
   1.5300000e+00   2.2612896e-01
   1.5400000e+00   2.2533054e-01
   1.5500000e+00   2.2453652e-01
   1.5600000e+00   2.2374686e-01
   1.5700000e+00   2.2296154e-01
   1.5800000e+00   2.2218052e-01
   1.5900000e+00   2.2140378e-01
   1.6000000e+00   2.2063127e-01
   1.6100000e+00   2.1986298e-01
   1.6200000e+00   2.1909886e-01
   1.6300000e+00   2.1833890e-01
   1.6400000e+00   2.1758305e-01
   1.6500000e+00   2.1683130e-01
   1.6600000e+00   2.1608361e-01
   1.6700000e+00   2.1533995e-01
   1.6800000e+00   2.1460030e-01
   1.6900000e+00   2.1386462e-01
   1.7000000e+00   2.1313289e-01
   1.7100000e+00   2.1240508e-01
   1.7200000e+00   2.1168116e-01
   1.7300000e+00   2.1096110e-01
   1.7400000e+00   2.1024488e-01
   1.7500000e+00   2.0953247e-01
   1.7600000e+00   2.0882384e-01
   1.7700000e+00   2.0811897e-01
   1.7800000e+00   2.0741783e-01
   1.7900000e+00   2.0672039e-01
   1.8000000e+00   2.0602663e-01
   1.8100000e+00   2.0533652e-01
   1.8200000e+00   2.0465003e-01
   1.8300000e+00   2.0396715e-01
   1.8400000e+00   2.0328785e-01
   1.8500000e+00   2.0261209e-01
   1.8600000e+00   2.0193986e-01
   1.8700000e+00   2.0127114e-01
   1.8800000e+00   2.0060589e-01
   1.8900000e+00   1.9994410e-01
   1.9000000e+00   1.9928573e-01
   1.9100000e+00   1.9863077e-01
   1.9200000e+00   1.9797920e-01
   1.9300000e+00   1.9733098e-01
   1.9400000e+00   1.9668610e-01
   1.9500000e+00   1.9604453e-01
   1.9600000e+00   1.9540626e-01
   1.9700000e+00   1.9477125e-01
   1.9800000e+00   1.9413949e-01
   1.9900000e+00   1.9351095e-01
   2.0000000e+00   1.9288562e-01
   2.0100000e+00   1.9226346e-01
   2.0200000e+00   1.9164447e-01
   2.0300000e+00   1.9102861e-01
   2.0400000e+00   1.9041587e-01
   2.0500000e+00   1.8980622e-01
   2.0600000e+00   1.8919964e-01
   2.0700000e+00   1.8859612e-01
   2.0800000e+00   1.8799564e-01
   2.0900000e+00   1.8739816e-01
   2.1000000e+00   1.8680368e-01
   2.1100000e+00   1.8621217e-01
   2.1200000e+00   1.8562361e-01
   2.1300000e+00   1.8503799e-01
   2.1400000e+00   1.8445527e-01
   2.1500000e+00   1.8387546e-01
   2.1600000e+00   1.8329851e-01
   2.1700000e+00   1.8272442e-01
   2.1800000e+00   1.8215317e-01
   2.1900000e+00   1.8158474e-01
   2.2000000e+00   1.8101910e-01
   2.2100000e+00   1.8045625e-01
   2.2200000e+00   1.7989616e-01
   2.2300000e+00   1.7933881e-01
   2.2400000e+00   1.7878418e-01
   2.2500000e+00   1.7823227e-01
   2.2600000e+00   1.7768305e-01
   2.2700000e+00   1.7713650e-01
   2.2800000e+00   1.7659260e-01
   2.2900000e+00   1.7605134e-01
   2.3000000e+00   1.7551271e-01
   2.3100000e+00   1.7497668e-01
   2.3200000e+00   1.7444323e-01
   2.3300000e+00   1.7391236e-01
   2.3400000e+00   1.7338403e-01
   2.3500000e+00   1.7285825e-01
   2.3600000e+00   1.7233498e-01
   2.3700000e+00   1.7181423e-01
   2.3800000e+00   1.7129595e-01
   2.3900000e+00   1.7078015e-01
   2.4000000e+00   1.7026681e-01
   2.4100000e+00   1.6975591e-01
   2.4200000e+00   1.6924743e-01
   2.4300000e+00   1.6874136e-01
   2.4400000e+00   1.6823769e-01
   2.4500000e+00   1.6773640e-01
   2.4600000e+00   1.6723747e-01
   2.4700000e+00   1.6674088e-01
   2.4800000e+00   1.6624664e-01
   2.4900000e+00   1.6575471e-01
   2.5000000e+00   1.6526508e-01
   2.5100000e+00   1.6477775e-01
   2.5200000e+00   1.6429269e-01
   2.5300000e+00   1.6380989e-01
   2.5400000e+00   1.6332934e-01
   2.5500000e+00   1.6285102e-01
   2.5600000e+00   1.6237492e-01
   2.5700000e+00   1.6190102e-01
   2.5800000e+00   1.6142932e-01
   2.5900000e+00   1.6095979e-01
   2.6000000e+00   1.6049243e-01
   2.6100000e+00   1.6002722e-01
   2.6200000e+00   1.5956414e-01
   2.6300000e+00   1.5910319e-01
   2.6400000e+00   1.5864435e-01
   2.6500000e+00   1.5818761e-01
   2.6600000e+00   1.5773295e-01
   2.6700000e+00   1.5728036e-01
   2.6800000e+00   1.5682983e-01
   2.6900000e+00   1.5638135e-01
   2.7000000e+00   1.5593490e-01
   2.7100000e+00   1.5549047e-01
   2.7200000e+00   1.5504806e-01
   2.7300000e+00   1.5460763e-01
   2.7400000e+00   1.5416920e-01
   2.7500000e+00   1.5373273e-01
   2.7600000e+00   1.5329823e-01
   2.7700000e+00   1.5286567e-01
   2.7800000e+00   1.5243505e-01
   2.7900000e+00   1.5200635e-01
   2.8000000e+00   1.5157957e-01
   2.8100000e+00   1.5115469e-01
   2.8200000e+00   1.5073170e-01
   2.8300000e+00   1.5031059e-01
   2.8400000e+00   1.4989134e-01
   2.8500000e+00   1.4947395e-01
   2.8600000e+00   1.4905841e-01
   2.8700000e+00   1.4864470e-01
   2.8800000e+00   1.4823281e-01
   2.8900000e+00   1.4782274e-01
   2.9000000e+00   1.4741446e-01
   2.9100000e+00   1.4700798e-01
   2.9200000e+00   1.4660328e-01
   2.9300000e+00   1.4620034e-01
   2.9400000e+00   1.4579917e-01
   2.9500000e+00   1.4539974e-01
   2.9600000e+00   1.4500205e-01
   2.9700000e+00   1.4460609e-01
   2.9800000e+00   1.4421184e-01
   2.9900000e+00   1.4381931e-01
   3.0000000e+00   1.4342847e-01
   3.0100000e+00   1.4303932e-01
   3.0200000e+00   1.4265184e-01
   3.0300000e+00   1.4226603e-01
   3.0400000e+00   1.4188189e-01
   3.0500000e+00   1.4149938e-01
   3.0600000e+00   1.4111852e-01
   3.0700000e+00   1.4073929e-01
   3.0800000e+00   1.4036168e-01
   3.0900000e+00   1.3998567e-01
   3.1000000e+00   1.3961127e-01
   3.1100000e+00   1.3923846e-01
   3.1200000e+00   1.3886723e-01
   3.1300000e+00   1.3849757e-01
   3.1400000e+00   1.3812948e-01
   3.1500000e+00   1.3776295e-01
   3.1600000e+00   1.3739796e-01
   3.1700000e+00   1.3703450e-01
   3.1800000e+00   1.3667258e-01
   3.1900000e+00   1.3631217e-01
   3.2000000e+00   1.3595328e-01
   3.2100000e+00   1.3559589e-01
   3.2200000e+00   1.3523999e-01
   3.2300000e+00   1.3488558e-01
   3.2400000e+00   1.3453265e-01
   3.2500000e+00   1.3418118e-01
   3.2600000e+00   1.3383117e-01
   3.2700000e+00   1.3348262e-01
   3.2800000e+00   1.3313551e-01
   3.2900000e+00   1.3278983e-01
   3.3000000e+00   1.3244559e-01
   3.3100000e+00   1.3210276e-01
   3.3200000e+00   1.3176134e-01
   3.3300000e+00   1.3142133e-01
   3.3400000e+00   1.3108271e-01
   3.3500000e+00   1.3074548e-01
   3.3600000e+00   1.3040963e-01
   3.3700000e+00   1.3007515e-01
   3.3800000e+00   1.2974204e-01
   3.3900000e+00   1.2941028e-01
   3.4000000e+00   1.2907988e-01
   3.4100000e+00   1.2875081e-01
   3.4200000e+00   1.2842308e-01
   3.4300000e+00   1.2809668e-01
   3.4400000e+00   1.2777160e-01
   3.4500000e+00   1.2744783e-01
   3.4600000e+00   1.2712537e-01
   3.4700000e+00   1.2680420e-01
   3.4800000e+00   1.2648432e-01
   3.4900000e+00   1.2616573e-01
   3.5000000e+00   1.2584842e-01
   3.5100000e+00   1.2553237e-01
   3.5200000e+00   1.2521759e-01
   3.5300000e+00   1.2490407e-01
   3.5400000e+00   1.2459179e-01
   3.5500000e+00   1.2428076e-01
   3.5600000e+00   1.2397096e-01
   3.5700000e+00   1.2366239e-01
   3.5800000e+00   1.2335504e-01
   3.5900000e+00   1.2304891e-01
   3.6000000e+00   1.2274399e-01
   3.6100000e+00   1.2244027e-01
   3.6200000e+00   1.2213775e-01
   3.6300000e+00   1.2183642e-01
   3.6400000e+00   1.2153627e-01
   3.6500000e+00   1.2123729e-01
   3.6600000e+00   1.2093949e-01
   3.6700000e+00   1.2064285e-01
   3.6800000e+00   1.2034737e-01
   3.6900000e+00   1.2005304e-01
   3.7000000e+00   1.1975986e-01
   3.7100000e+00   1.1946781e-01
   3.7200000e+00   1.1917690e-01
   3.7300000e+00   1.1888712e-01
   3.7400000e+00   1.1859846e-01
   3.7500000e+00   1.1831092e-01
   3.7600000e+00   1.1802448e-01
   3.7700000e+00   1.1773915e-01
   3.7800000e+00   1.1745492e-01
   3.7900000e+00   1.1717177e-01
   3.8000000e+00   1.1688972e-01
   3.8100000e+00   1.1660875e-01
   3.8200000e+00   1.1632885e-01
   3.8300000e+00   1.1605002e-01
   3.8400000e+00   1.1577225e-01
   3.8500000e+00   1.1549554e-01
   3.8600000e+00   1.1521989e-01
   3.8700000e+00   1.1494528e-01
   3.8800000e+00   1.1467172e-01
   3.8900000e+00   1.1439919e-01
   3.9000000e+00   1.1412769e-01
   3.9100000e+00   1.1385722e-01
   3.9200000e+00   1.1358777e-01
   3.9300000e+00   1.1331933e-01
   3.9400000e+00   1.1305190e-01
   3.9500000e+00   1.1278548e-01
   3.9600000e+00   1.1252006e-01
   3.9700000e+00   1.1225563e-01
   3.9800000e+00   1.1199219e-01
   3.9900000e+00   1.1172973e-01
   4.0000000e+00   1.1146826e-01
   4.0100000e+00   1.1120776e-01
   4.0200000e+00   1.1094822e-01
   4.0300000e+00   1.1068965e-01
   4.0400000e+00   1.1043205e-01
   4.0500000e+00   1.1017539e-01
   4.0600000e+00   1.0991968e-01
   4.0700000e+00   1.0966492e-01
   4.0800000e+00   1.0941110e-01
   4.0900000e+00   1.0915822e-01
   4.1000000e+00   1.0890626e-01
   4.1100000e+00   1.0865523e-01
   4.1200000e+00   1.0840512e-01
   4.1300000e+00   1.0815593e-01
   4.1400000e+00   1.0790765e-01
   4.1500000e+00   1.0766028e-01
   4.1600000e+00   1.0741381e-01
   4.1700000e+00   1.0716823e-01
   4.1800000e+00   1.0692356e-01
   4.1900000e+00   1.0667977e-01
   4.2000000e+00   1.0643686e-01
   4.2100000e+00   1.0619484e-01
   4.2200000e+00   1.0595369e-01
   4.2300000e+00   1.0571341e-01
   4.2400000e+00   1.0547400e-01
   4.2500000e+00   1.0523545e-01
   4.2600000e+00   1.0499777e-01
   4.2700000e+00   1.0476093e-01
   4.2800000e+00   1.0452495e-01
   4.2900000e+00   1.0428981e-01
   4.3000000e+00   1.0405552e-01
   4.3100000e+00   1.0382206e-01
   4.3200000e+00   1.0358943e-01
   4.3300000e+00   1.0335764e-01
   4.3400000e+00   1.0312667e-01
   4.3500000e+00   1.0289652e-01
   4.3600000e+00   1.0266719e-01
   4.3700000e+00   1.0243867e-01
   4.3800000e+00   1.0221097e-01
   4.3900000e+00   1.0198406e-01
   4.4000000e+00   1.0175796e-01
   4.4100000e+00   1.0153266e-01
   4.4200000e+00   1.0130815e-01
   4.4300000e+00   1.0108443e-01
   4.4400000e+00   1.0086150e-01
   4.4500000e+00   1.0063935e-01
   4.4600000e+00   1.0041798e-01
   4.4700000e+00   1.0019738e-01
   4.4800000e+00   9.9977553e-02
   4.4900000e+00   9.9758494e-02
   4.5000000e+00   9.9540199e-02
   4.5100000e+00   9.9322664e-02
   4.5200000e+00   9.9105885e-02
   4.5300000e+00   9.8889859e-02
   4.5400000e+00   9.8674582e-02
   4.5500000e+00   9.8460051e-02
   4.5600000e+00   9.8246262e-02
   4.5700000e+00   9.8033211e-02
   4.5800000e+00   9.7820895e-02
   4.5900000e+00   9.7609311e-02
   4.6000000e+00   9.7398455e-02
   4.6100000e+00   9.7188324e-02
   4.6200000e+00   9.6978913e-02
   4.6300000e+00   9.6770220e-02
   4.6400000e+00   9.6562242e-02
   4.6500000e+00   9.6354975e-02
   4.6600000e+00   9.6148415e-02
   4.6700000e+00   9.5942560e-02
   4.6800000e+00   9.5737406e-02
   4.6900000e+00   9.5532949e-02
   4.7000000e+00   9.5329187e-02
   4.7100000e+00   9.5126116e-02
   4.7200000e+00   9.4923734e-02
   4.7300000e+00   9.4722035e-02
   4.7400000e+00   9.4521019e-02
   4.7500000e+00   9.4320681e-02
   4.7600000e+00   9.4121018e-02
   4.7700000e+00   9.3922028e-02
   4.7800000e+00   9.3723706e-02
   4.7900000e+00   9.3526050e-02
   4.8000000e+00   9.3329057e-02
   4.8100000e+00   9.3132724e-02
   4.8200000e+00   9.2937048e-02
   4.8300000e+00   9.2742025e-02
   4.8400000e+00   9.2547654e-02
   4.8500000e+00   9.2353929e-02
   4.8600000e+00   9.2160850e-02
   4.8700000e+00   9.1968412e-02
   4.8800000e+00   9.1776613e-02
   4.8900000e+00   9.1585450e-02
   4.9000000e+00   9.1394920e-02
   4.9100000e+00   9.1205021e-02
   4.9200000e+00   9.1015748e-02
   4.9300000e+00   9.0827100e-02
   4.9400000e+00   9.0639073e-02
   4.9500000e+00   9.0451665e-02
   4.9600000e+00   9.0264873e-02
   4.9700000e+00   9.0078695e-02
   4.9800000e+00   8.9893126e-02
   4.9900000e+00   8.9708165e-02
   5.0000000e+00   8.9523810e-02
   5.0100000e+00   8.9340056e-02
   5.0200000e+00   8.9156901e-02
   5.0300000e+00   8.8974344e-02
   5.0400000e+00   8.8792380e-02
   5.0500000e+00   8.8611008e-02
   5.0600000e+00   8.8430224e-02
   5.0700000e+00   8.8250027e-02
   5.0800000e+00   8.8070413e-02
   5.0900000e+00   8.7891380e-02
   5.1000000e+00   8.7712926e-02
   5.1100000e+00   8.7535047e-02
   5.1200000e+00   8.7357741e-02
   5.1300000e+00   8.7181006e-02
   5.1400000e+00   8.7004838e-02
   5.1500000e+00   8.6829237e-02
   5.1600000e+00   8.6654198e-02
   5.1700000e+00   8.6479720e-02
   5.1800000e+00   8.6305800e-02
   5.1900000e+00   8.6132436e-02
   5.2000000e+00   8.5959625e-02
   5.2100000e+00   8.5787365e-02
   5.2200000e+00   8.5615653e-02
   5.2300000e+00   8.5444487e-02
   5.2400000e+00   8.5273864e-02
   5.2500000e+00   8.5103783e-02
   5.2600000e+00   8.4934240e-02
   5.2700000e+00   8.4765234e-02
   5.2800000e+00   8.4596761e-02
   5.2900000e+00   8.4428821e-02
   5.3000000e+00   8.4261410e-02
   5.3100000e+00   8.4094526e-02
   5.3200000e+00   8.3928167e-02
   5.3300000e+00   8.3762331e-02
   5.3400000e+00   8.3597015e-02
   5.3500000e+00   8.3432217e-02
   5.3600000e+00   8.3267934e-02
   5.3700000e+00   8.3104166e-02
   5.3800000e+00   8.2940908e-02
   5.3900000e+00   8.2778160e-02
   5.4000000e+00   8.2615919e-02
   5.4100000e+00   8.2454183e-02
   5.4200000e+00   8.2292949e-02
   5.4300000e+00   8.2132216e-02
   5.4400000e+00   8.1971981e-02
   5.4500000e+00   8.1812242e-02
   5.4600000e+00   8.1652997e-02
   5.4700000e+00   8.1494244e-02
   5.4800000e+00   8.1335982e-02
   5.4900000e+00   8.1178207e-02
   5.5000000e+00   8.1020917e-02
   5.5100000e+00   8.0864111e-02
   5.5200000e+00   8.0707787e-02
   5.5300000e+00   8.0551943e-02
   5.5400000e+00   8.0396576e-02
   5.5500000e+00   8.0241684e-02
   5.5600000e+00   8.0087266e-02
   5.5700000e+00   7.9933319e-02
   5.5800000e+00   7.9779842e-02
   5.5900000e+00   7.9626833e-02
   5.6000000e+00   7.9474289e-02
   5.6100000e+00   7.9322209e-02
   5.6200000e+00   7.9170590e-02
   5.6300000e+00   7.9019431e-02
   5.6400000e+00   7.8868730e-02
   5.6500000e+00   7.8718485e-02
   5.6600000e+00   7.8568693e-02
   5.6700000e+00   7.8419354e-02
   5.6800000e+00   7.8270465e-02
   5.6900000e+00   7.8122025e-02
   5.7000000e+00   7.7974030e-02
   5.7100000e+00   7.7826481e-02
   5.7200000e+00   7.7679374e-02
   5.7300000e+00   7.7532708e-02
   5.7400000e+00   7.7386482e-02
   5.7500000e+00   7.7240692e-02
   5.7600000e+00   7.7095338e-02
   5.7700000e+00   7.6950418e-02
   5.7800000e+00   7.6805930e-02
   5.7900000e+00   7.6661872e-02
   5.8000000e+00   7.6518242e-02
   5.8100000e+00   7.6375039e-02
   5.8200000e+00   7.6232261e-02
   5.8300000e+00   7.6089905e-02
   5.8400000e+00   7.5947972e-02
   5.8500000e+00   7.5806458e-02
   5.8600000e+00   7.5665361e-02
   5.8700000e+00   7.5524681e-02
   5.8800000e+00   7.5384416e-02
   5.8900000e+00   7.5244564e-02
   5.9000000e+00   7.5105122e-02
   5.9100000e+00   7.4966090e-02
   5.9200000e+00   7.4827467e-02
   5.9300000e+00   7.4689249e-02
   5.9400000e+00   7.4551436e-02
   5.9500000e+00   7.4414025e-02
   5.9600000e+00   7.4277016e-02
   5.9700000e+00   7.4140407e-02
   5.9800000e+00   7.4004196e-02
   5.9900000e+00   7.3868381e-02
   6.0000000e+00   7.3732961e-02
   6.0100000e+00   7.3597935e-02
   6.0200000e+00   7.3463300e-02
   6.0300000e+00   7.3329055e-02
   6.0400000e+00   7.3195199e-02
   6.0500000e+00   7.3061730e-02
   6.0600000e+00   7.2928646e-02
   6.0700000e+00   7.2795947e-02
   6.0800000e+00   7.2663630e-02
   6.0900000e+00   7.2531693e-02
   6.1000000e+00   7.2400136e-02
   6.1100000e+00   7.2268957e-02
   6.1200000e+00   7.2138154e-02
   6.1300000e+00   7.2007727e-02
   6.1400000e+00   7.1877672e-02
   6.1500000e+00   7.1747990e-02
   6.1600000e+00   7.1618677e-02
   6.1700000e+00   7.1489734e-02
   6.1800000e+00   7.1361159e-02
   6.1900000e+00   7.1232949e-02
   6.2000000e+00   7.1105105e-02
   6.2100000e+00   7.0977623e-02
   6.2200000e+00   7.0850503e-02
   6.2300000e+00   7.0723744e-02
   6.2400000e+00   7.0597343e-02
   6.2500000e+00   7.0471300e-02
   6.2600000e+00   7.0345614e-02
   6.2700000e+00   7.0220282e-02
   6.2800000e+00   7.0095303e-02
   6.2900000e+00   6.9970676e-02
   6.3000000e+00   6.9846401e-02
   6.3100000e+00   6.9722474e-02
   6.3200000e+00   6.9598895e-02
   6.3300000e+00   6.9475663e-02
   6.3400000e+00   6.9352776e-02
   6.3500000e+00   6.9230233e-02
   6.3600000e+00   6.9108033e-02
   6.3700000e+00   6.8986173e-02
   6.3800000e+00   6.8864654e-02
   6.3900000e+00   6.8743473e-02
   6.4000000e+00   6.8622630e-02
   6.4100000e+00   6.8502123e-02
   6.4200000e+00   6.8381950e-02
   6.4300000e+00   6.8262111e-02
   6.4400000e+00   6.8142604e-02
   6.4500000e+00   6.8023428e-02
   6.4600000e+00   6.7904581e-02
   6.4700000e+00   6.7786063e-02
   6.4800000e+00   6.7667872e-02
   6.4900000e+00   6.7550007e-02
   6.5000000e+00   6.7432466e-02
   6.5100000e+00   6.7315249e-02
   6.5200000e+00   6.7198354e-02
   6.5300000e+00   6.7081780e-02
   6.5400000e+00   6.6965526e-02
   6.5500000e+00   6.6849590e-02
   6.5600000e+00   6.6733972e-02
   6.5700000e+00   6.6618669e-02
   6.5800000e+00   6.6503682e-02
   6.5900000e+00   6.6389008e-02
   6.6000000e+00   6.6274647e-02
   6.6100000e+00   6.6160597e-02
   6.6200000e+00   6.6046857e-02
   6.6300000e+00   6.5933427e-02
   6.6400000e+00   6.5820304e-02
   6.6500000e+00   6.5707488e-02
   6.6600000e+00   6.5594977e-02
   6.6700000e+00   6.5482771e-02
   6.6800000e+00   6.5370869e-02
   6.6900000e+00   6.5259268e-02
   6.7000000e+00   6.5147968e-02
   6.7100000e+00   6.5036969e-02
   6.7200000e+00   6.4926268e-02
   6.7300000e+00   6.4815864e-02
   6.7400000e+00   6.4705758e-02
   6.7500000e+00   6.4595947e-02
   6.7600000e+00   6.4486430e-02
   6.7700000e+00   6.4377206e-02
   6.7800000e+00   6.4268275e-02
   6.7900000e+00   6.4159635e-02
   6.8000000e+00   6.4051284e-02
   6.8100000e+00   6.3943223e-02
   6.8200000e+00   6.3835450e-02
   6.8300000e+00   6.3727963e-02
   6.8400000e+00   6.3620763e-02
   6.8500000e+00   6.3513847e-02
   6.8600000e+00   6.3407215e-02
   6.8700000e+00   6.3300865e-02
   6.8800000e+00   6.3194797e-02
   6.8900000e+00   6.3089010e-02
   6.9000000e+00   6.2983502e-02
   6.9100000e+00   6.2878273e-02
   6.9200000e+00   6.2773321e-02
   6.9300000e+00   6.2668646e-02
   6.9400000e+00   6.2564246e-02
   6.9500000e+00   6.2460121e-02
   6.9600000e+00   6.2356269e-02
   6.9700000e+00   6.2252690e-02
   6.9800000e+00   6.2149383e-02
   6.9900000e+00   6.2046346e-02
   7.0000000e+00   6.1943578e-02
   7.0100000e+00   6.1841080e-02
   7.0200000e+00   6.1738848e-02
   7.0300000e+00   6.1636884e-02
   7.0400000e+00   6.1535185e-02
   7.0500000e+00   6.1433751e-02
   7.0600000e+00   6.1332581e-02
   7.0700000e+00   6.1231673e-02
   7.0800000e+00   6.1131028e-02
   7.0900000e+00   6.1030643e-02
   7.1000000e+00   6.0930519e-02
   7.1100000e+00   6.0830653e-02
   7.1200000e+00   6.0731046e-02
   7.1300000e+00   6.0631696e-02
   7.1400000e+00   6.0532602e-02
   7.1500000e+00   6.0433764e-02
   7.1600000e+00   6.0335180e-02
   7.1700000e+00   6.0236850e-02
   7.1800000e+00   6.0138773e-02
   7.1900000e+00   6.0040947e-02
   7.2000000e+00   5.9943372e-02
   7.2100000e+00   5.9846048e-02
   7.2200000e+00   5.9748972e-02
   7.2300000e+00   5.9652145e-02
   7.2400000e+00   5.9555565e-02
   7.2500000e+00   5.9459232e-02
   7.2600000e+00   5.9363144e-02
   7.2700000e+00   5.9267301e-02
   7.2800000e+00   5.9171702e-02
   7.2900000e+00   5.9076346e-02
   7.3000000e+00   5.8981232e-02
   7.3100000e+00   5.8886360e-02
   7.3200000e+00   5.8791728e-02
   7.3300000e+00   5.8697336e-02
   7.3400000e+00   5.8603182e-02
   7.3500000e+00   5.8509267e-02
   7.3600000e+00   5.8415589e-02
   7.3700000e+00   5.8322147e-02
   7.3800000e+00   5.8228940e-02
   7.3900000e+00   5.8135969e-02
   7.4000000e+00   5.8043231e-02
   7.4100000e+00   5.7950726e-02
   7.4200000e+00   5.7858454e-02
   7.4300000e+00   5.7766413e-02
   7.4400000e+00   5.7674602e-02
   7.4500000e+00   5.7583022e-02
   7.4600000e+00   5.7491670e-02
   7.4700000e+00   5.7400547e-02
   7.4800000e+00   5.7309651e-02
   7.4900000e+00   5.7218982e-02
   7.5000000e+00   5.7128539e-02
   7.5100000e+00   5.7038321e-02
   7.5200000e+00   5.6948328e-02
   7.5300000e+00   5.6858558e-02
   7.5400000e+00   5.6769010e-02
   7.5500000e+00   5.6679685e-02
   7.5600000e+00   5.6590581e-02
   7.5700000e+00   5.6501698e-02
   7.5800000e+00   5.6413035e-02
   7.5900000e+00   5.6324590e-02
   7.6000000e+00   5.6236364e-02
   7.6100000e+00   5.6148355e-02
   7.6200000e+00   5.6060563e-02
   7.6300000e+00   5.5972988e-02
   7.6400000e+00   5.5885627e-02
   7.6500000e+00   5.5798481e-02
   7.6600000e+00   5.5711549e-02
   7.6700000e+00   5.5624831e-02
   7.6800000e+00   5.5538324e-02
   7.6900000e+00   5.5452030e-02
   7.7000000e+00   5.5365946e-02
   7.7100000e+00   5.5280073e-02
   7.7200000e+00   5.5194409e-02
   7.7300000e+00   5.5108954e-02
   7.7400000e+00   5.5023707e-02
   7.7500000e+00   5.4938668e-02
   7.7600000e+00   5.4853835e-02
   7.7700000e+00   5.4769209e-02
   7.7800000e+00   5.4684788e-02
   7.7900000e+00   5.4600571e-02
   7.8000000e+00   5.4516559e-02
   7.8100000e+00   5.4432750e-02
   7.8200000e+00   5.4349144e-02
   7.8300000e+00   5.4265739e-02
   7.8400000e+00   5.4182536e-02
   7.8500000e+00   5.4099534e-02
   7.8600000e+00   5.4016731e-02
   7.8700000e+00   5.3934128e-02
   7.8800000e+00   5.3851723e-02
   7.8900000e+00   5.3769517e-02
   7.9000000e+00   5.3687507e-02
   7.9100000e+00   5.3605695e-02
   7.9200000e+00   5.3524078e-02
   7.9300000e+00   5.3442657e-02
   7.9400000e+00   5.3361430e-02
   7.9500000e+00   5.3280398e-02
   7.9600000e+00   5.3199559e-02
   7.9700000e+00   5.3118912e-02
   7.9800000e+00   5.3038458e-02
   7.9900000e+00   5.2958196e-02
   8.0000000e+00   5.2878124e-02
   8.0100000e+00   5.2798243e-02
   8.0200000e+00   5.2718551e-02
   8.0300000e+00   5.2639048e-02
   8.0400000e+00   5.2559734e-02
   8.0500000e+00   5.2480608e-02
   8.0600000e+00   5.2401668e-02
   8.0700000e+00   5.2322915e-02
   8.0800000e+00   5.2244349e-02
   8.0900000e+00   5.2165967e-02
   8.1000000e+00   5.2087771e-02
   8.1100000e+00   5.2009758e-02
   8.1200000e+00   5.1931929e-02
   8.1300000e+00   5.1854283e-02
   8.1400000e+00   5.1776820e-02
   8.1500000e+00   5.1699538e-02
   8.1600000e+00   5.1622437e-02
   8.1700000e+00   5.1545517e-02
   8.1800000e+00   5.1468777e-02
   8.1900000e+00   5.1392216e-02
   8.2000000e+00   5.1315834e-02
   8.2100000e+00   5.1239631e-02
   8.2200000e+00   5.1163605e-02
   8.2300000e+00   5.1087756e-02
   8.2400000e+00   5.1012084e-02
   8.2500000e+00   5.0936588e-02
   8.2600000e+00   5.0861267e-02
   8.2700000e+00   5.0786122e-02
   8.2800000e+00   5.0711150e-02
   8.2900000e+00   5.0636352e-02
   8.3000000e+00   5.0561728e-02
   8.3100000e+00   5.0487276e-02
   8.3200000e+00   5.0412996e-02
   8.3300000e+00   5.0338888e-02
   8.3400000e+00   5.0264950e-02
   8.3500000e+00   5.0191183e-02
   8.3600000e+00   5.0117587e-02
   8.3700000e+00   5.0044159e-02
   8.3800000e+00   4.9970900e-02
   8.3900000e+00   4.9897810e-02
   8.4000000e+00   4.9824887e-02
   8.4100000e+00   4.9752132e-02
   8.4200000e+00   4.9679543e-02
   8.4300000e+00   4.9607120e-02
   8.4400000e+00   4.9534863e-02
   8.4500000e+00   4.9462771e-02
   8.4600000e+00   4.9390844e-02
   8.4700000e+00   4.9319081e-02
   8.4800000e+00   4.9247481e-02
   8.4900000e+00   4.9176045e-02
   8.5000000e+00   4.9104771e-02
   8.5100000e+00   4.9033659e-02
   8.5200000e+00   4.8962709e-02
   8.5300000e+00   4.8891919e-02
   8.5400000e+00   4.8821290e-02
   8.5500000e+00   4.8750822e-02
   8.5600000e+00   4.8680512e-02
   8.5700000e+00   4.8610362e-02
   8.5800000e+00   4.8540370e-02
   8.5900000e+00   4.8470536e-02
   8.6000000e+00   4.8400860e-02
   8.6100000e+00   4.8331341e-02
   8.6200000e+00   4.8261978e-02
   8.6300000e+00   4.8192772e-02
   8.6400000e+00   4.8123721e-02
   8.6500000e+00   4.8054825e-02
   8.6600000e+00   4.7986084e-02
   8.6700000e+00   4.7917497e-02
   8.6800000e+00   4.7849063e-02
   8.6900000e+00   4.7780783e-02
   8.7000000e+00   4.7712655e-02
   8.7100000e+00   4.7644680e-02
   8.7200000e+00   4.7576857e-02
   8.7300000e+00   4.7509184e-02
   8.7400000e+00   4.7441663e-02
   8.7500000e+00   4.7374292e-02
   8.7600000e+00   4.7307071e-02
   8.7700000e+00   4.7239999e-02
   8.7800000e+00   4.7173077e-02
   8.7900000e+00   4.7106303e-02
   8.8000000e+00   4.7039677e-02
   8.8100000e+00   4.6973199e-02
   8.8200000e+00   4.6906867e-02
   8.8300000e+00   4.6840683e-02
   8.8400000e+00   4.6774645e-02
   8.8500000e+00   4.6708753e-02
   8.8600000e+00   4.6643006e-02
   8.8700000e+00   4.6577404e-02
   8.8800000e+00   4.6511947e-02
   8.8900000e+00   4.6446633e-02
   8.9000000e+00   4.6381464e-02
   8.9100000e+00   4.6316437e-02
   8.9200000e+00   4.6251554e-02
   8.9300000e+00   4.6186812e-02
   8.9400000e+00   4.6122213e-02
   8.9500000e+00   4.6057755e-02
   8.9600000e+00   4.5993438e-02
   8.9700000e+00   4.5929262e-02
   8.9800000e+00   4.5865226e-02
   8.9900000e+00   4.5801330e-02
   9.0000000e+00   4.5737573e-02
   9.0100000e+00   4.5673955e-02
   9.0200000e+00   4.5610475e-02
   9.0300000e+00   4.5547134e-02
   9.0400000e+00   4.5483930e-02
   9.0500000e+00   4.5420864e-02
   9.0600000e+00   4.5357935e-02
   9.0700000e+00   4.5295142e-02
   9.0800000e+00   4.5232485e-02
   9.0900000e+00   4.5169963e-02
   9.1000000e+00   4.5107577e-02
   9.1100000e+00   4.5045326e-02
   9.1200000e+00   4.4983209e-02
   9.1300000e+00   4.4921227e-02
   9.1400000e+00   4.4859378e-02
   9.1500000e+00   4.4797662e-02
   9.1600000e+00   4.4736079e-02
   9.1700000e+00   4.4674628e-02
   9.1800000e+00   4.4613310e-02
   9.1900000e+00   4.4552123e-02
   9.2000000e+00   4.4491067e-02
   9.2100000e+00   4.4430143e-02
   9.2200000e+00   4.4369349e-02
   9.2300000e+00   4.4308685e-02
   9.2400000e+00   4.4248150e-02
   9.2500000e+00   4.4187745e-02
   9.2600000e+00   4.4127469e-02
   9.2700000e+00   4.4067322e-02
   9.2800000e+00   4.4007303e-02
   9.2900000e+00   4.3947412e-02
   9.3000000e+00   4.3887648e-02
   9.3100000e+00   4.3828011e-02
   9.3200000e+00   4.3768501e-02
   9.3300000e+00   4.3709117e-02
   9.3400000e+00   4.3649860e-02
   9.3500000e+00   4.3590728e-02
   9.3600000e+00   4.3531721e-02
   9.3700000e+00   4.3472839e-02
   9.3800000e+00   4.3414082e-02
   9.3900000e+00   4.3355448e-02
   9.4000000e+00   4.3296939e-02
   9.4100000e+00   4.3238553e-02
   9.4200000e+00   4.3180290e-02
   9.4300000e+00   4.3122149e-02
   9.4400000e+00   4.3064131e-02
   9.4500000e+00   4.3006236e-02
   9.4600000e+00   4.2948461e-02
   9.4700000e+00   4.2890808e-02
   9.4800000e+00   4.2833276e-02
   9.4900000e+00   4.2775865e-02
   9.5000000e+00   4.2718574e-02
   9.5100000e+00   4.2661402e-02
   9.5200000e+00   4.2604351e-02
   9.5300000e+00   4.2547418e-02
   9.5400000e+00   4.2490605e-02
   9.5500000e+00   4.2433910e-02
   9.5600000e+00   4.2377333e-02
   9.5700000e+00   4.2320874e-02
   9.5800000e+00   4.2264532e-02
   9.5900000e+00   4.2208308e-02
   9.6000000e+00   4.2152200e-02
   9.6100000e+00   4.2096209e-02
   9.6200000e+00   4.2040334e-02
   9.6300000e+00   4.1984575e-02
   9.6400000e+00   4.1928932e-02
   9.6500000e+00   4.1873403e-02
   9.6600000e+00   4.1817990e-02
   9.6700000e+00   4.1762691e-02
   9.6800000e+00   4.1707506e-02
   9.6900000e+00   4.1652435e-02
   9.7000000e+00   4.1597478e-02
   9.7100000e+00   4.1542634e-02
   9.7200000e+00   4.1487902e-02
   9.7300000e+00   4.1433284e-02
   9.7400000e+00   4.1378777e-02
   9.7500000e+00   4.1324383e-02
   9.7600000e+00   4.1270100e-02
   9.7700000e+00   4.1215929e-02
   9.7800000e+00   4.1161868e-02
   9.7900000e+00   4.1107919e-02
   9.8000000e+00   4.1054079e-02
   9.8100000e+00   4.1000350e-02
   9.8200000e+00   4.0946730e-02
   9.8300000e+00   4.0893220e-02
   9.8400000e+00   4.0839819e-02
   9.8500000e+00   4.0786527e-02
   9.8600000e+00   4.0733343e-02
   9.8700000e+00   4.0680268e-02
   9.8800000e+00   4.0627301e-02
   9.8900000e+00   4.0574441e-02
   9.9000000e+00   4.0521688e-02
   9.9100000e+00   4.0469043e-02
   9.9200000e+00   4.0416504e-02
   9.9300000e+00   4.0364071e-02
   9.9400000e+00   4.0311745e-02
   9.9500000e+00   4.0259525e-02
   9.9600000e+00   4.0207410e-02
   9.9700000e+00   4.0155400e-02
   9.9800000e+00   4.0103496e-02
   9.9900000e+00   4.0051696e-02
   1.0000000e+01   4.0000000e-02
